Order ID,Order Date,Ship Date,Ship Mode,Customer ID,Customer Name,Segment,City,State,Region,Category,Sub-Category,Product Name,Quantity,Unit Price,Discount,Sales,Profit,Shipping Cost
ORD-2021-00001,05/08/2021,2021-05-12,Standard Class,CUST-0011,Margaret Clark,Consumer,Naperville,Illinois,Central,Clothing,Shoes,Shoes - Model H599,4,143.74,0.25,431.22,-54.04,21.41
ORD-2021-00002,12/05/2021,2021-12-08,Second Class,CUST-5520,David Taylor,Home Office,Stamford,Connecticut,East,Clothing,Pants,Pants - Model O286,1,137.48,0.15,116.86,27.42,17.69
ORD-2023-00003,02/16/2023,2023-02-16,Same Day,CUST-0011,Margaret Clark,Consumer,Los Angeles,California,West,Technology,Phones,Phones - Model A353,4,2106.11,0.0,8424.44,823.14,61.83
ORD-2021-00004,08/23/2021,2021-08-26,Second Class,CUST-0710,Karen Gonzalez,Consumer,Portland,Oregon,West,Technology,Monitors,Monitors - Model A419,10,1709.5,0.2,13676.0,1768.73,36.32
ORD-2021-00005,06/05/2021,2021-06-10,Second Class,CUST-1193,Patricia Moore,Consumer,Cincinnati,Ohio,Central,Office Supplies,Labels,Labels - Model N777,6,15.65,0.15,79.81,8.33,22.16
ORD-2023-00006,12/01/2023,2023-12-07,Standard Class,CUST-3708,Sandra Perez,Home Office,Pittsburgh,Pennsylvania,East,Clothing,Shoes,Shoes - Model N945,12,300.31,0.15,3063.16,1503.05,41.88
ORD-2021-00007,06/27/2021,2021-07-01,Standard Class,CUST-1597,Nancy Lewis,Consumer,Springfield,Massachusetts,East,Furniture,Bookcases,Bookcases - Model G463,5,530.3,0.1,2386.35,286.46,26.8
ORD-2022-00008,12/27/2022,2022-12-31,Standard Class,CUST-1363,Richard Clark,Corporate,Reno,Nevada,West,Furniture,Bookcases,Bookcases - Model H413,11,884.89,0.25,7300.34,-871.24,28.42
ORD-2022-00009,12/22/2022,2022-12-27,Standard Class,CUST-9006,Michael Johnson,Consumer,Spokane,Washington,West,Clothing,Jackets,Jackets - Model J202,4,155.16,0.15,527.54,117.0,2.68
ORD-2023-00010,12/30/2023,2023-12-31,First Class,CUST-9169,Thomas Sanchez,Home Office,Allentown,Pennsylvania,East,Office Supplies,Envelopes,Envelopes - Model P551,6,38.5,0.0,231.0,43.51,43.36
ORD-2021-00011,08/22/2021,2021-08-28,Standard Class,CUST-1544,David Rodriguez,Consumer,New York City,New York,East,Technology,Monitors,Monitors - Model N720,10,1987.32,0.05,18879.54,3872.92,20.26
ORD-2023-00012,06/26/2023,2023-06-29,Second Class,CUST-5577,Olivia Perez,Home Office,Phoenix,Arizona,West,Furniture,Desks,Desks - Model C260,4,285.51,0.0,1142.04,55.02,21.61
ORD-2024-00013,11/12/2024,2024-11-13,First Class,CUST-4078,Patricia Lee,Consumer,Salem,Oregon,West,Office Supplies,Labels,Labels - Model G535,2,109.82,0.0,219.64,91.8,41.68
ORD-2021-00014,12/27/2021,2022-01-02,Standard Class,CUST-9753,Jessica Perez,Corporate,Jersey City,New Jersey,East,Office Supplies,Labels,Labels - Model P548,2,120.41,0.2,192.66,68.8,30.98
ORD-2021-00015,11/22/2021,2021-11-29,Standard Class,CUST-7479,Joseph Gonzalez,Corporate,Pittsburgh,Pennsylvania,East,,Shoes,Shoes - Model C581,6,210.09,0.15,1071.46,447.93,43.17
ORD-2022-00016,11/07/2022,2022-11-13,Standard Class,CUST-5462,Joseph Davis,Consumer,Nashville,Tennessee,South,Technology,Accessories,Accessories - Model A773,9,1181.84,0.0,10636.56,930.87,19.37
ORD-2023-00017,10/18/2023,2023-10-19,First Class,CUST-2763,Linda Robinson,Consumer,Jersey City,New Jersey,East,Furniture,Tables,Tables - Model J664,1,841.81,0.0,841.81,50.88,42.39
ORD-2021-00018,08/21/2021,2021-08-25,Second Class,CUST-6160,Mia Moore,Corporate,Salem,Oregon,West,Furniture,Bookcases,Bookcases - Model E492,4,1385.15,0.3,3878.42,-208.82,39.09
ORD-2023-00019,04/30/2023,2023-05-03,Second Class,CUST-2377,Olivia Gonzalez,Consumer,Salem,Oregon,West,Clothing,Jackets,Jackets - Model K665,9,194.83,0.15,1490.45,742.01,49.08
ORD-2022-00020,05/05/2022,2022-05-12,Standard Class,CUST-0549,Joseph Smith,Home Office,Trenton,New Jersey,East,Furniture,Bookcases,Bookcases - Model B229,9,1449.07,0.15,11085.39,1957.08,43.96
ORD-2023-00021,12/21/2023,2023-12-27,Standard Class,CUST-5322,Jennifer Miller,Corporate,Philadelphia,Pennsylvania,East,Clothing,Shirts,Shirts - Model K972,11,431.08,0.2,3793.5,2016.84,32.09
ORD-2023-00022,09/27/2023,2023-09-30,Second Class,CUST-0706,Susan Harris,Corporate,Portland,Oregon,West,Technology,Accessories,Accessories - Model F810,5,2263.39,0.0,11316.95,1300.03,4.69
ORD-2023-00023,01/05/2023,2023-01-12,Standard Class,CUST-3664,Thomas Moore,Consumer,Philadelphia,Pennsylvania,East,Furniture,Bookcases,Bookcases - Model E337,8,967.72,0.25,5806.32,-330.6,45.26
ORD-2024-00024,10/19/2024,2024-10-24,Second Class,CUST-8552,Sarah Anderson,Consumer,Worcester,Massachusetts,East,,Jackets,Jackets - Model G493,8,62.26,0.2,398.46,150.92,29.59
ORD-2024-00025,12/03/2024,2024-12-06,First Class,CUST-0811,Jessica Rodriguez,Consumer,Sacramento,California,West,Office Supplies,Binders,Binders - Model G735,5,136.2,0.0,681.0,217.84,45.36
ORD-2024-00026,12/16/2024,2024-12-23,Standard Class,CUST-8725,Sarah Jones,Corporate,Aurora,Illinois,Central,Furniture,Storage,Storage - Model L643,9,1372.83,0.0,12355.47,818.61,41.59
ORD-2023-00027,09/14/2023,2023-09-14,Same Day,CUST-6660,James Williams,Corporate,Buffalo,New York,East,Clothing,Accessories,Accessories - Model L192,7,16.82,0.3,82.42,-13.55,36.46
ORD-2023-00028,02/20/2023,2023-02-20,Same Day,CUST-6986,Sandra Martin,Consumer,San Diego,California,West,Clothing,Jackets,Jackets - Model N219,3,32.22,0.0,96.66,26.27,64.11
ORD-2021-00029,07/19/2021,2021-07-23,Second Class,CUST-2508,Richard Lopez,Consumer,Worcester,Massachusetts,East,Technology,Accessories,Accessories - Model N386,1,1741.19,0.05,1654.13,229.39,47.63
ORD-2023-00030,12/13/2023,2023-12-17,Standard Class,CUST-3937,Christopher Perez,Home Office,Aurora,Illinois,Central,Furniture,Storage,Storage - Model A151,6,388.05,0.0,,376.38,11.85
ORD-2024-00031,10-Feb-2024,2024-02-15,Standard Class,CUST-7085,Richard Thompson,Corporate,Tacoma,Washington,West,Office Supplies,Binders,Binders - Model D776,1,28.1,0.15,,8.99,13.42
ORD-2022-00032,12/26/2022,2023-01-02,Standard Class,CUST-2763,Linda Robinson,Consumer,Rochester,New York,East,Technology,Accessories,Accessories - Model H729,1,1831.75,0.3,1282.22,141.46,3.5
ORD-2023-00033,09/08/2023,2023-09-09,First Class,CUST-7358,David Lee,Corporate,Hartford,Connecticut,East,Technology,Laptops,Laptops - Model I739,11,1484.14,0.15,13876.71,1750.98,30.67
ORD-2022-00034,08/27/2022,2022-08-31,Second Class,CUST-7176,Evelyn Ramirez,Consumer,Naperville,Illinois,Central,Furniture,Bookcases,Bookcases - Model K947,8,616.13,0.0,4929.04,375.88,17.0
ORD-2022-00035,06/07/2022,2022-06-11,Standard Class,CUST-7555,Sarah Harris,Corporate,New York City,New York,East,Office Supplies,Binders,Binders - Model B700,9,113.21,0.0,1018.89,248.39,43.93
ORD-2023-00036,05/17/2023,2023-05-20,Second Class,CUST-2763,Linda Robinson,Home Office,Columbus,Ohio,,Clothing,Pants,Pants - Model D458,9,190.1,0.1,1539.81,584.57,40.75
ORD-2024-00037,02/23/2024,2024-02-23,Same Day,CUST-8355,Margaret Davis,Corporate,Naperville,Illinois,Central,Office Supplies,Pens,Pens - Model K459,1,37.92,0.0,37.92,11.31,53.09
ORD-2021-00038,10/18/2021,2021-10-23,Standard Class,CUST-4672,William Thompson,Consumer,New Haven,Connecticut,East,Office Supplies,Labels,Labels - Model C153,3,33.17,0.0,99.51,33.42,15.06
ORD-2024-00039,09/17/2024,2024-09-21,Standard Class,CUST-2233,John Anderson,Consumer,Phoenix,Arizona,West,Clothing,Accessories,Accessories - Model J146,4,203.68,0.0,814.72,124.71,16.47
ORD-2022-00040,03/09/2022,2022-03-16,Standard Class,CUST-4313,Emily Davis,Consumer,Reno,Nevada,West,Furniture,Storage,Storage - Model L173,7,1296.79,0.0,9077.53,894.31,24.07
ORD-2021-00041,09-Jun-2021,2021-06-13,Standard Class,CUST-9456,Amelia Martin,Consumer,New Haven,Connecticut,East,Clothing,Jackets,Jackets - Model C547,2,129.23,0.2,206.77,,21.0
ORD-2022-00042,09/28/2022,2022-10-03,Standard Class,CUST-6127,Ava Anderson,Consumer,Mesa,Arizona,West,Furniture,Tables,Tables - Model D249,5,319.99,0.0,1599.95,250.93,33.46
ORD-2021-00043,12/29/2021,2022-01-03,Second Class,CUST-1193,Patricia Moore,Consumer,Saint Paul,Minnesota,Central,Furniture,Bookcases,Bookcases - Model C580,8,958.14,0.1,6898.61,872.37,18.89
ORD-2021-00044,06/01/2021,2021-06-06,Second Class,CUST-8945,Robert Lewis,Consumer,Newark,New Jersey,East,Clothing,Shoes,Shoes - Model B560,10,329.4,0.15,2799.9,1097.57,26.07
ORD-2021-00045,05/07/2021,2021-05-14,Standard Class,CUST-0015,Jessica Gonzalez,Home Office,Seattle,Washington,West,Furniture,Desks,Desks - Model L389,7,630.89,0.15,3753.8,533.8,4.51
ORD-2024-00046,07/16/2024,2024-07-21,Standard Class,CUST-4418,Joseph Harris,Consumer,New Haven,Connecticut,East,Furniture,Desks,Desks - Model J771,12,1003.34,0.0,12040.08,1530.38,47.02
ORD-2022-00047,09/27/2022,2022-10-02,Second Class,CUST-8467,Olivia Wilson,Corporate,Minneapolis,Minnesota,Central,Technology,Tablets,Tablets - Model J284,4,887.24,0.25,2661.72,235.3,9.44
ORD-2022-00048,08/29/2022,2022-09-03,Second Class,CUST-8591,Christopher Gonzalez,Consumer,Boston,Massachusetts,East,Furniture,Tables,Tables - Model F951,12,1163.51,0.0,13962.12,2091.71,4.1
ORD-2023-00049,01/17/2023,2023-01-23,Standard Class,CUST-8858,Patricia Davis,Home Office,Detroit,Michigan,Central,Office Supplies,Labels,Labels - Model O572,5,156.07,0.3,546.24,155.47,41.21
ORD-2024-00050,12/23/2024,2024-12-27,Second Class,CUST-2763,Linda Robinson,Corporate,Nashville,Tennessee,South,Furniture,Desks,Desks - Model O625,3,1251.64,0.0,3754.92,714.77,12.66
ORD-2023-00051,07/13/2023,2023-07-17,Standard Class,CUST-9611,Amelia Rodriguez,Consumer,Newark,New Jersey,East,Technology,Tablets,Tablets - Model D959,12,1642.4,0.0,19708.8,,15.77
ORD-2023-00052,08/26/2023,2023-08-26,Same Day,CUST-8671,,Corporate,Boston,Massachusetts,East,Furniture,Storage,Storage - Model N213,5,379.33,0.0,1896.65,,55.38
ORD-2024-00053,06/29/2024,2024-07-04,Second Class,CUST-1132,Sophia Gonzalez,Home Office,Boston,Massachusetts,East,Office Supplies,Envelopes,Envelopes - Model A729,6,49.63,0.2,238.22,39.44,34.07
ORD-2023-00054,12/09/2023,2023-12-16,Standard Class,CUST-6235,Charles Williams,Home Office,Springfield,Massachusetts,East,Clothing,Jackets,Jackets - Model I865,1,184.98,0.0,184.98,53.26,37.18
ORD-2024-00055,12/10/2024,2024-12-17,Standard Class,CUST-4992,Linda Jones,Consumer,Allentown,Pennsylvania,East,Furniture,Chairs,Chairs - Model O137,5,326.34,0.05,1550.11,278.16,17.15
ORD-2022-00056,09/28/2022,2022-10-02,Standard Class,CUST-3937,Christopher Perez,Consumer,Spokane,Washington,West,Office Supplies,Paper,Paper - Model L547,7,149.17,0.2,835.35,182.66,10.97
ORD-2024-00057,11/18/2024,2024-11-23,Standard Class,CUST-0827,Harper Wilson,Consumer,Las Vegas,Nevada,West,Office Supplies,Paper,Paper - Model C435,11,60.54,0.25,499.45,,35.11
ORD-2022-00058,12/21/2022,2022-12-25,Second Class,CUST-4920,Jennifer Wilson,Corporate,New York City,New York,East,Furniture,Chairs,Chairs - Model E969,10,1026.79,0.25,7700.92,-170.9,19.58
ORD-2023-00059,02/24/2023,2023-02-28,Standard Class,CUST-4874,Margaret Hernandez,Corporate,Cleveland,Ohio,Central,Office Supplies,Envelopes,Envelopes - Model K765,5,51.42,0.0,257.1,28.04,10.93
ORD-2023-00060,11/27/2023,2023-11-27,Same Day,CUST-8326,Matthew Perez,Consumer,Detroit,Michigan,Central,Furniture,Chairs,Chairs - Model E973,2,694.5,0.25,1041.75,207.84,121.11
ORD-2022-00061,10/17/2022,2022-10-21,Second Class,CUST-4418,Joseph Harris,Corporate,Portland,Oregon,West,Furniture,Chairs,Chairs - Model G911,3,378.0,0.25,850.5,21.03,19.71
ORD-2024-00062,11/04/2024,2024-11-11,Standard Class,CUST-4418,Joseph Harris,Consumer,Durham,North Carolina,South,Furniture,Desks,Desks - Model C560,8,1029.76,0.15,7002.37,301.8,41.79
ORD-2024-00063,02/04/2024,2024-02-05,First Class,CUST-0421,Christopher Thomas,Corporate,Phoenix,Arizona,West,,Desks,Desks - Model H454,9,1345.54,0.0,12109.86,788.46,32.48
ORD-2024-00064,02/03/2024,2024-02-08,Standard Class,CUST-6127,Ava Anderson,Consumer,Springfield,Massachusetts,East,,Labels,Labels - Model B945,1,18.08,0.1,16.27,5.33,38.81
ORD-2023-00065,05/04/2023,2023-05-04,Same Day,CUST-4672,William Thompson,Consumer,Cincinnati,Ohio,Central,Clothing,Jackets,Jackets - Model O174,12,39.36,0.25,354.24,112.03,45.82
ORD-2021-00066,10/22/2021,2021-10-23,First Class,CUST-7060,Richard Martinez,Corporate,Charlotte,North Carolina,South,Clothing,Shirts,Shirts - Model I560,4,79.03,0.0,316.12,84.11,20.44
ORD-2024-00067,06/14/2024,2024-06-16,First Class,CUST-7985,William Anderson,Corporate,Richmond,Virginia,South,Clothing,Jackets,Jackets - Model P123,2,473.16,0.3,662.42,-156.2,4.34
ORD-2022-00068,07/31/2022,2022-08-06,Standard Class,CUST-0076,Jessica Clark,Corporate,Los Angeles,California,West,Clothing,Jackets,Jackets - Model B510,1,289.44,0.05,274.97,81.12,15.85
ORD-2023-00069,03/03/2023,2023-03-07,Standard Class,CUST-1045,Karen Perez,Consumer,Nashville,Tennessee,South,Office Supplies,Labels,Labels - Model L873,3,41.41,0.3,86.96,-6.84,36.25
ORD-2023-00070,08/29/2023,2023-09-05,Standard Class,CUST-6131,Linda Perez,Corporate,Trenton,New Jersey,East,Office Supplies,Labels,Labels - Model K619,9,107.4,0.1,869.94,231.59,2.8
ORD-2022-00071,11/10/2022,2022-11-15,Standard Class,CUST-4967,Sophia Rodriguez,Corporate,Naperville,Illinois,,Clothing,Pants,Pants - Model M251,11,128.68,0.0,1415.48,320.34,23.17
ORD-2023-00072,05/08/2023,2023-05-13,Second Class,CUST-4217,Emily Moore,Consumer,Ann Arbor,Michigan,Central,Office Supplies,Envelopes,Envelopes - Model M421,3,93.01,0.3,195.32,-36.08,36.6
ORD-2024-00073,08/10/2024,2024-08-14,Second Class,CUST-8993,Margaret Wilson,Corporate,Spokane,Washington,West,Furniture,Bookcases,Bookcases - Model K591,6,853.92,0.1,4611.17,331.09,29.53
ORD-2024-00074,01/18/2024,2024-01-22,Standard Class,CUST-2649,Ava Smith,Corporate,Savannah,Georgia,South,Office Supplies,Envelopes,Envelopes - Model G306,9,55.68,0.3,350.78,-88.12,30.17
ORD-2022-00075,11/12/2022,2022-11-17,Standard Class,CUST-0472,Ava Moore,Consumer,Salem,Oregon,West,Furniture,Bookcases,Bookcases - Model P588,11,323.2,0.1,3199.68,248.97,33.0
ORD-2021-00076,07/03/2021,2021-07-08,Standard Class,CUST-4248,Joseph Jackson,Corporate,Chicago,Illinois,Central,Clothing,Pants,Pants - Model J997,1,14.54,0.0,14.54,7.58,18.08
ORD-2023-00077,07/20/2023,2023-07-25,Standard Class,CUST-3937,Christopher Perez,Corporate,Augusta,Georgia,South,Furniture,Bookcases,Bookcases - Model I835,3,50.7,0.15,129.29,20.99,29.25
ORD-2022-00078,01/31/2022,2022-02-04,Standard Class,CUST-5470,Harper Hernandez,Home Office,Memphis,Tennessee,South,Clothing,Jackets,Jackets - Model H106,5,197.95,0.25,742.31,335.15,16.49
ORD-2024-00079,12/19/2024,2024-12-25,Standard Class,CUST-3779,John Thompson,Consumer,Portland,Oregon,West,Office Supplies,Pens,Pens - Model H324,3,96.68,0.25,217.53,78.68,21.96
ORD-2024-00080,01/30/2024,2024-02-01,First Class,CUST-2508,Richard Lopez,Corporate,Augusta,Georgia,South,Office Supplies,Paper,Paper - Model D163,9,180.77,0.05,1545.58,464.36,9.19
ORD-2022-00081,11/03/2022,2022-11-10,Standard Class,CUST-4964,Nancy Jackson,Consumer,Tucson,Arizona,West,Furniture,Storage,Storage - Model N567,10,114.87,0.25,861.53,-38.32,14.21
ORD-2021-00082,01/07/2021,2021-01-07,Same Day,CUST-8549,Mark Anderson,Consumer,Rochester,New York,East,Office Supplies,Envelopes,Envelopes - Model F887,3,153.63,0.2,368.71,85.19,111.96
ORD-2023-00083,07/08/2023,2023-07-11,Second Class,CUST-8197,Susan Taylor,Consumer,Minneapolis,Minnesota,Central,Clothing,Accessories,Accessories - Model E845,4,419.06,0.0,1676.24,907.51,24.22
ORD-2024-00084,01/21/2024,2024-01-25,Standard Class,CUST-8884,Thomas Jones,Corporate,Portland,Oregon,West,Clothing,Accessories,Accessories - Model A346,4,42.97,0.0,171.88,56.48,34.26
ORD-2021-00085,04/10/2021,2021-04-16,Standard Class,CUST-0371,,Consumer,Seattle,Washington,West,Office Supplies,Labels,Labels - Model K342,5,175.5,0.3,614.25,-37.33,47.53
ORD-2021-00086,12/25/2021,2021-12-30,Second Class,CUST-7358,David Lee,Corporate,Salem,Oregon,West,Clothing,Pants,Pants - Model J485,3,379.66,0.25,854.24,-189.48,8.93
ORD-2023-00087,08/07/2023,2023-08-13,Standard Class,CUST-8326,Matthew Perez,Consumer,Boston,Massachusetts,East,Technology,Accessories,Accessories - Model L194,9,1825.23,0.05,15605.72,941.14,20.1
ORD-2024-00088,05/23/2024,2024-05-29,Standard Class,CUST-8552,Sarah Anderson,Consumer,Minneapolis,Minnesota,Central,Furniture,Tables,Tables - Model D864,8,1374.23,0.05,10444.15,954.53,13.49
ORD-2022-00089,10/21/2022,2022-10-28,Standard Class,CUST-8884,Thomas Jones,Consumer,Cleveland,Ohio,Central,Clothing,Jackets,Jackets - Model G479,6,212.83,0.05,1213.13,541.66,2.78
ORD-2024-00090,02/08/2024,2024-02-13,Standard Class,CUST-8549,Mark Anderson,Corporate,Spokane,Washington,West,Office Supplies,Pens,Pens - Model P840,11,148.44,0.25,1224.63,194.57,10.12
ORD-2024-00091,01/25/2024,2024-01-26,First Class,CUST-7033,Lisa Martin,Home Office,Nashville,Tennessee,South,Technology,Accessories,Accessories - Model E962,11,617.01,0.0,6787.11,351.76,26.28
ORD-2023-00092,12/04/2023,2023-12-10,Standard Class,CUST-0811,Jessica Rodriguez,Consumer,Tucson,Arizona,West,Technology,Monitors,Monitors - Model N925,3,312.19,0.0,936.57,145.05,13.57
ORD-2024-00093,06/23/2024,2024-06-28,Standard Class,CUST-4365,Amelia Jackson,Consumer,Jersey City,New Jersey,East,Office Supplies,Paper,Paper - Model B195,7,77.09,0.3,377.74,100.71,35.74
ORD-2021-00094,06/19/2021,2021-06-19,Same Day,CUST-6789,James Brown,Corporate,Rochester,New York,East,,Jackets,Jackets - Model B176,11,463.54,0.3,3569.26,-1273.1,42.74
ORD-2022-00095,03/01/2022,2022-03-06,Second Class,CUST-9635,Mia Martinez,Home Office,Phoenix,Arizona,West,Office Supplies,Envelopes,Envelopes - Model E909,12,145.38,0.3,1221.19,-162.36,13.14
ORD-2021-00096,06/05/2021,2021-06-09,Second Class,CUST-4522,Betty Davis,Home Office,Newark,New Jersey,East,Office Supplies,Labels,Labels - Model M542,3,136.58,0.2,327.79,42.61,31.69
ORD-2022-00097,05/20/2022,2022-05-26,Standard Class,CUST-2106,John Martin,Consumer,Allentown,Pennsylvania,East,Technology,Tablets,Tablets - Model O468,5,300.47,0.0,1502.35,131.42,23.54
ORD-2024-00098,02/11/2024,2024-02-15,Second Class,CUST-1300,Sarah Williams,Consumer,Rochester,New York,East,Office Supplies,Envelopes,Envelopes - Model M897,2,145.52,0.3,203.73,84.92,29.45
ORD-2021-00099,12/14/2021,2021-12-21,Standard Class,CUST-3655,Karen Clark,Consumer,Las Vegas,Nevada,West,Office Supplies,Envelopes,Envelopes - Model C469,5,188.96,0.25,708.6,-81.77,16.62
ORD-2023-00100,03/22/2023,2023-03-27,Standard Class,CUST-0245,Michael Harris,Consumer,Raleigh,North Carolina,South,Furniture,Bookcases,Bookcases - Model K281,7,1454.03,0.1,9160.39,1394.92,32.38
ORD-2024-00101,03/25/2024,2024-03-30,Standard Class,CUST-2644,Isabella Johnson,Consumer,Grand Rapids,Michigan,Central,Furniture,Storage,Storage - Model A844,8,1416.17,0.05,10762.89,1064.69,15.98
ORD-2024-00102,11/19/2024,2024-11-24,Standard Class,CUST-6384,Sarah Martinez,Corporate,Portland,Oregon,West,Clothing,Shirts,Shirts - Model O712,8,295.3,0.3,1653.68,583.16,35.2
ORD-2024-00103,12/19/2024,2024-12-22,Second Class,CUST-5783,Isabella Perez,Corporate,Orlando,Florida,South,Technology,Monitors,Monitors - Model M870,6,2416.01,0.2,,825.57,6.73
ORD-2022-00104,03/31/2022,2022-04-07,Standard Class,CUST-0827,Harper Wilson,Corporate,San Antonio,Texas,,Furniture,Desks,Desks - Model A594,2,464.29,0.0,928.58,37.97,47.15
ORD-2021-00105,10/18/2021,2021-10-25,Standard Class,CUST-0015,Jessica Gonzalez,Consumer,Reno,Nevada,West,Clothing,Jackets,Jackets - Model C407,1,406.99,0.0,406.99,64.73,18.47
ORD-2021-00106,08/12/2021,2021-08-17,Second Class,CUST-5015,Barbara Taylor,Home Office,Minneapolis,Minnesota,Central,Clothing,Pants,Pants - Model M744,3,101.33,0.2,243.19,74.96,37.39
ORD-2022-00107,02/09/2022,2022-02-10,First Class,CUST-2380,Thomas Garcia,Consumer,Austin,Texas,Central,Furniture,Desks,Desks - Model K301,8,197.51,0.25,1185.06,136.27,30.65
ORD-2024-00108,06/05/2024,2024-06-08,First Class,CUST-8884,Thomas Jones,Consumer,Nashville,Tennessee,South,Technology,Laptops,Laptops - Model K220,4,798.18,0.0,3192.72,398.01,8.79
ORD-2023-00109,03/07/2023,2023-03-12,Standard Class,CUST-6833,Margaret Martin,Corporate,Stamford,Connecticut,East,Clothing,Jackets,Jackets - Model E291,6,422.57,0.0,2535.42,1258.1,47.69
ORD-2023-00110,12/20/2023,2023-12-24,Second Class,CUST-8326,Matthew Perez,Consumer,New Haven,Connecticut,East,,Monitors,Monitors - Model A914,4,765.62,0.1,2756.23,261.76,15.86
ORD-2023-00111,07/26/2023,2023-07-27,First Class,CUST-5462,Joseph Davis,Corporate,San Diego,California,West,Clothing,Accessories,Accessories - Model G535,2,370.63,0.05,704.2,189.49,49.97
ORD-2023-00112,07/11/2023,2023-07-14,First Class,CUST-5792,Jessica Garcia,Consumer,Atlanta,Georgia,South,Clothing,Pants,Pants - Model E903,4,408.63,0.0,1634.52,617.9,27.55
ORD-2024-00113,05/07/2024,2024-05-07,Same Day,CUST-9644,Amelia White,Home Office,Tucson,Arizona,West,Technology,Tablets,Tablets - Model E818,3,661.71,0.15,1687.36,363.96,96.38
ORD-2024-00114,10/16/2024,2024-10-20,Standard Class,CUST-0702,Matthew Martin,Corporate,Reno,Nevada,West,Office Supplies,Pens,Pens - Model O599,6,117.23,0.0,703.38,250.28,24.01
ORD-2024-00115,09/22/2024,2024-09-28,Standard Class,CUST-1661,John Johnson,Corporate,Hartford,Connecticut,East,Furniture,Storage,Storage - Model P907,6,1344.41,0.0,8066.46,,32.06
ORD-2023-00116,11/30/2023,2023-11-30,Same Day,CUST-6803,Robert Clark,Consumer,Charlotte,North Carolina,South,Furniture,Desks,Desks - Model C770,6,398.07,0.15,2030.16,283.43,82.87
ORD-2021-00117,04/17/2021,2021-04-21,Standard Class,CUST-5049,Patricia Garcia,Corporate,Ann Arbor,Michigan,Central,Clothing,Shirts,Shirts - Model E707,4,264.53,0.25,793.59,121.99,41.22
ORD-2023-00118,05/15/2023,2023-05-21,Standard Class,CUST-1384,Anthony Sanchez,Consumer,New York City,New York,East,Furniture,Tables,Tables - Model C643,10,42.46,0.0,424.6,42.13,36.68
ORD-2024-00119,07/10/2024,2024-07-13,First Class,CUST-6484,Harper Miller,Corporate,Philadelphia,Pennsylvania,East,Clothing,Jackets,Jackets - Model N422,3,131.42,0.0,394.26,98.28,30.85
ORD-2024-00120,05/29/2024,2024-06-03,Standard Class,CUST-9611,Amelia Rodriguez,Home Office,Columbus,Ohio,Central,Office Supplies,Paper,Paper - Model H606,7,24.32,0.25,127.68,-38.06,2.58
ORD-2023-00121,01/10/2023,2023-01-15,Standard Class,CUST-3662,Patricia Ramirez,Consumer,Raleigh,North Carolina,South,Technology,Monitors,Monitors - Model C114,5,578.57,0.0,2892.85,693.52,21.1
ORD-2022-00122,08/10/2022,2022-08-14,Second Class,CUST-8021,Lisa Rodriguez,Corporate,Hartford,Connecticut,East,Office Supplies,Paper,Paper - Model G927,3,108.21,0.2,259.7,79.27,38.63
ORD-2024-00123,08/23/2024,2024-08-30,standard class,CUST-4418,Joseph Harris,Consumer,Philadelphia,Pennsylvania,East,Technology,Tablets,Tablets - Model F222,1,1784.36,0.0,1784.36,147.69,47.74
ORD-2023-00124,12/08/2023,2023-12-10,First Class,CUST-8742,Anthony Miller,Consumer,Salem,Oregon,West,Office Supplies,Labels,Labels - Model C369,12,195.06,0.0,2340.72,640.54,26.52
ORD-2021-00125,04/24/2021,2021-04-28,Standard Class,CUST-8312,Betty Moore,Consumer,Los Angeles,California,West,Furniture,Chairs,Chairs - Model P472,7,1382.73,0.0,9679.11,1815.89,43.16
ORD-2024-00126,02/07/2024,2024-02-11,Standard Class,CUST-7555,Sarah Harris,Consumer,Stamford,Connecticut,East,Technology,Monitors,Monitors - Model B283,4,2020.63,0.0,8082.52,1946.4,5.31
ORD-2023-00127,08/11/2023,2023-08-17,Standard Class,CUST-8254,Sandra Martinez,Consumer,Buffalo,New York,East,Furniture,Bookcases,Bookcases - Model L705,8,1496.75,0.05,11375.3,,28.23
ORD-2022-00128,05/18/2022,2022-05-25,Standard Class,CUST-6384,Sarah Martinez,Consumer,Buffalo,New York,East,Office Supplies,Paper,Paper - Model G642,4,85.12,0.0,340.48,149.95,8.83
ORD-2022-00129,11/28/2022,2022-12-02,Standard Class,CUST-6035,Daniel White,Consumer,Durham,North Carolina,South,Clothing,Shirts,Shirts - Model B545,11,482.47,0.05,5041.81,1344.5,42.84
ORD-2023-00130,03/16/2023,2023-03-20,Standard Class,CUST-4469,Christopher Johnson,Consumer,San Francisco,California,West,Furniture,Bookcases,Bookcases - Model O421,7,207.48,0.15,1234.51,239.04,11.97
ORD-2022-00131,09/24/2022,2022-09-27,Second Class,CUST-8252,Thomas White,Consumer,Cincinnati,Ohio,Central,Furniture,Chairs,Chairs - Model H464,7,784.79,0.1,4944.18,330.42,49.55
ORD-2021-00132,03/05/2021,2021-03-10,Standard Class,CUST-8945,Robert Lewis,Corporate,Buffalo,New York,East,Technology,Laptops,Laptops - Model E302,7,961.99,0.0,6733.93,1120.96,14.42
ORD-2021-00133,11/03/2021,2021-11-03,Same Day,CUST-2093,John Harris,Home Office,Philadelphia,Pennsylvania,East,Clothing,Shirts,Shirts - Model F687,7,412.63,0.2,2310.73,805.18,50.93
ORD-2023-00134,05/24/2023,2023-05-29,Standard Class,CUST-9544,Isabella Harris,Home Office,Las Vegas,Nevada,West,Clothing,Shoes,Shoes - Model P162,2,147.09,0.0,294.18,93.46,32.85
ORD-2023-00135,12/13/2023,2023-12-20,Standard Class,CUST-3937,Christopher Perez,Corporate,Virginia Beach,Virginia,South,Office Supplies,Envelopes,Envelopes - Model I284,1,65.14,0.05,61.88,6.82,40.91
ORD-2022-00136,12/30/2022,2023-01-04,Standard Class,CUST-0454,,Consumer,Philadelphia,Pennsylvania,East,Technology,Laptops,Laptops - Model M463,3,481.45,0.15,1227.7,259.34,35.49
ORD-2024-00137,12/26/2024,2024-12-31,Standard Class,CUST-8312,Betty Moore,Corporate,Pittsburgh,Pennsylvania,East,,Phones,Phones - Model H716,4,98.82,0.25,296.46,14.86,11.67
ORD-2021-00138,09/25/2021,2021-09-30,Standard Class,CUST-3211,William Moore,Home Office,Richmond,Virginia,South,Office Supplies,Paper,Paper - Model L821,11,80.33,0.0,883.63,192.45,17.48
ORD-2021-00139,11/19/2021,2021-11-22,Second Class,CUST-2448,John Lewis,Corporate,Richmond,Virginia,South,Furniture,Bookcases,Bookcases - Model J851,12,462.94,0.0,5555.28,839.9,47.54
ORD-2024-00140,03/19/2024,2024-03-23,Second Class,CUST-8312,Betty Moore,Consumer,Minneapolis,Minnesota,Central,Office Supplies,Paper,Paper - Model H455,6,35.24,0.0,211.44,81.95,34.16
ORD-2022-00141,11/19/2022,2022-11-21,First Class,CUST-8993,Margaret Wilson,Consumer,Cleveland,Ohio,Central,Clothing,Shoes,Shoes - Model F523,8,442.07,0.15,3006.08,,6.87
ORD-2023-00142,09/09/2023,2023-09-13,Standard Class,CUST-7963,Christopher Anderson,Corporate,San Antonio,Texas,Central,,Pens,Pens - Model D175,6,35.68,0.2,171.26,26.77,5.6
ORD-2021-00143,07/10/2021,2021-07-17,Standard Class,CUST-4522,Betty Davis,Home Office,Ann Arbor,Michigan,Central,Technology,Tablets,Tablets - Model G294,7,1758.13,0.3,8614.84,-413.96,4.38
ORD-2024-00144,03/16/2024,2024-03-23,Standard Class,CUST-7994,Sandra Lopez,Consumer,Hartford,Connecticut,East,Technology,Laptops,Laptops - Model F753,5,2443.79,0.25,9164.21,-1159.18,25.48
ORD-2024-00145,09/15/2024,2024-09-19,Standard Class,CUST-8733,Mark Martin,Corporate,Reno,Nevada,West,Clothing,Jackets,Jackets - Model H957,5,286.48,0.0,1432.4,645.86,34.04
ORD-2021-00146,06/25/2021,2021-06-28,First Class,CUST-7033,Lisa Martin,Consumer,Houston,Texas,Central,Clothing,Accessories,Accessories - Model H587,-5,48.69,0.0,243.45,85.41,45.22
ORD-2024-00147,03/16/2024,2024-03-16,Same Day,CUST-0245,Michael Harris,Consumer,Charlotte,North Carolina,South,Furniture,Chairs,Chairs - Model N180,11,670.03,0.0,7370.33,,35.95
ORD-2021-00148,12/18/2021,2021-12-20,First Class,CUST-2232,Anthony Hernandez,Consumer,Las Vegas,Nevada,West,Furniture,Tables,Tables - Model D208,10,1175.93,0.1,10583.37,1864.21,44.25
ORD-2023-00149,04/22/2023,2023-04-27,Standard Class,CUST-7555,Sarah Harris,Consumer,Chicago,Illinois,Central,Clothing,Shirts,Shirts - Model M439,12,126.41,0.25,1137.69,589.7,2.97
ORD-2022-00150,09/13/2022,2022-09-20,Standard Class,CUST-7994,,Home Office,Dallas,Texas,Central,Clothing,Accessories,Accessories - Model C292,8,113.58,0.2,726.91,324.48,38.46
ORD-2023-00151,02/05/2023,2023-02-09,Standard Class,CUST-9611,Amelia Rodriguez,Corporate,Tucson,Arizona,West,Furniture,Chairs,Chairs - Model H133,8,104.32,0.15,709.38,104.16,15.15
ORD-2023-00152,08/09/2023,2023-08-16,Standard Class,CUST-3708,Sandra Perez,Home Office,Austin,Texas,Central,Office Supplies,Pens,Pens - Model F957,5,150.29,0.0,751.45,150.12,20.56
ORD-2021-00153,11/30/2021,2021-12-05,Second Class,CUST-9544,Isabella Harris,Home Office,Austin,Texas,Central,Clothing,Pants,Pants - Model F715,1,119.65,0.1,107.69,46.86,36.05
ORD-2022-00154,07/18/2022,2022-07-25,Standard Class,CUST-4965,John Moore,Home Office,Pittsburgh,Pennsylvania,East,Technology,Monitors,Monitors - Model L674,11,1504.74,0.1,14896.93,1634.12,7.19
ORD-2021-00155,05/11/2021,2021-05-14,Second Class,CUST-3215,Michael Davis,Corporate,Norfolk,Virginia,South,Furniture,Chairs,Chairs - Model M776,6,1030.71,0.0,6184.26,853.26,49.88
ORD-2022-00156,06/16/2022,2022-06-21,Standard Class,CUST-4456,Michael White,Consumer,Phoenix,Arizona,West,Clothing,Jackets,Jackets - Model J965,3,421.91,0.3,,-76.78,14.42
ORD-2024-00157,02/19/2024,2024-02-25,Standard Class,CUST-0421,Christopher Thomas,Home Office,Orlando,Florida,South,Office Supplies,Pens,Pens - Model J574,2,95.17,0.0,190.34,50.49,11.34
ORD-2021-00158,09/03/2021,2021-09-03,Same Day,CUST-0697,Daniel Lewis,Corporate,Philadelphia,Pennsylvania,East,Clothing,Pants,Pants - Model K983,12,98.37,0.0,1180.44,407.29,80.72
ORD-2021-00159,12/29/2021,2021-12-30,First Class,CUST-8969,Evelyn Lewis,Consumer,Tacoma,Washington,West,Clothing,Shoes,Shoes - Model M539,8,197.83,0.0,1582.64,575.31,37.07
ORD-2021-00160,01/29/2021,2021-02-02,Second Class,CUST-0454,Thomas Johnson,Consumer,Dallas,Texas,Central,Technology,Accessories,Accessories - Model J271,2,2068.42,0.1,3723.16,892.41,23.88
ORD-2023-00161,12/02/2023,2023-12-02,Same Day,CUST-8891,Jennifer Ramirez,Consumer,Austin,Texas,Central,Furniture,Bookcases,Bookcases - Model A333,4,1098.94,0.0,4395.76,255.02,7.63
ORD-2023-00162,10/31/2023,2023-11-04,Standard Class,CUST-8774,Karen Anderson,Corporate,Ann Arbor,Michigan,Central,Technology,Phones,Phones - Model B806,2,1071.1,0.2,1713.76,128.05,14.13
ORD-2024-00163,12/08/2024,2024-12-13,Standard Class,CUST-5619,Jessica Robinson,Consumer,Rochester,New York,East,Technology,Tablets,Tablets - Model D903,2,1269.46,0.05,2411.97,495.88,41.91
ORD-2022-00164,02/18/2022,2022-02-22,Second Class,CUST-6384,Sarah Martinez,Consumer,Las Vegas,Nevada,West,Technology,Phones,Phones - Model C213,10,1689.1,0.0,16891.0,4051.97,39.42
ORD-2021-00165,06/03/2021,2021-06-07,Standard Class,CUST-8591,Christopher Gonzalez,Home Office,Grand Rapids,Michigan,Central,Technology,Tablets,Tablets - Model L920,11,816.13,0.0,8977.43,619.44,38.39
ORD-2021-00166,11/04/2021,2021-11-08,Standard Class,CUST-1673,Charles Davis,Corporate,Stamford,Connecticut,East,Furniture,Chairs,Chairs - Model M509,8,429.59,0.2,2749.38,396.41,24.96
ORD-2023-00167,05/14/2023,2023-05-21,Standard Class,CUST-3952,Michael Ramirez,Consumer,Chicago,Illinois,Central,Clothing,Pants,Pants - Model M897,6,309.57,0.0,1857.42,637.53,25.43
ORD-2023-00168,04/23/2023,2023-04-28,Second Class,CUST-1661,John Johnson,Consumer,Mesa,Arizona,West,Technology,Accessories,Accessories - Model H593,6,1676.09,0.2,8045.23,641.45,41.67
ORD-2024-00169,11/09/2024,2024-11-11,First Class,CUST-4355,Sarah Lopez,Home Office,Atlanta,Georgia,South,Office Supplies,Paper,Paper - Model H663,11,76.97,0.05,804.34,102.63,23.32
ORD-2024-00170,03/19/2024,2024-03-26,Standard Class,CUST-1463,Richard Gonzalez,Consumer,Las Vegas,Nevada,West,Technology,Phones,Phones - Model J620,9,556.79,0.25,3758.33,-304.96,12.7
ORD-2023-00171,07/20/2023,2023-07-24,Standard Class,CUST-0245,Michael Harris,Corporate,Cincinnati,Ohio,Central,Technology,Tablets,Tablets - Model L949,11,2412.86,0.1,23887.31,3810.94,19.95
ORD-2021-00172,11/06/2021,2021-11-11,Standard Class,CUST-3655,Karen Clark,Consumer,Detroit,Michigan,Central,Clothing,Pants,Pants - Model O944,4,361.23,0.0,1444.92,654.35,4.23
ORD-2024-00173,07/20/2024,2024-07-24,Second Class,CUST-5577,Olivia Perez,Consumer,Durham,North Carolina,South,Technology,Monitors,Monitors - Model N958,10,1233.18,0.3,8632.26,1780.11,35.21
ORD-2021-00174,12/22/2021,2021-12-29,Standard Class,CUST-5520,David Taylor,Consumer,Saint Paul,Minnesota,Central,Furniture,Desks,Desks - Model M451,5,695.68,0.0,3478.4,156.08,30.92
ORD-2023-00175,11/16/2023,2023-11-21,Standard Class,CUST-4641,Karen Taylor,Home Office,Rochester,Minnesota,Central,Office Supplies,Pens,Pens - Model E827,11,195.09,0.0,2145.99,593.07,35.33
ORD-2022-00176,10/23/2022,2022-10-27,Second Class,CUST-4920,Jennifer Wilson,Corporate,Stamford,Connecticut,East,Technology,Phones,Phones - Model M248,1,1692.12,0.05,1607.51,166.21,39.71
ORD-2022-00177,08/10/2022,2022-08-12,First Class,CUST-3664,Thomas Moore,Home Office,Columbus,Ohio,Central,Technology,Monitors,Monitors - Model H860,11,1425.11,0.05,14892.4,2266.39,40.25
ORD-2024-00178,11/26/2024,2024-11-30,Standard Class,CUST-4016,Sarah Hernandez,Consumer,Stamford,Connecticut,East,Office Supplies,Binders,Binders - Model O949,4,182.47,0.15,,226.0,28.24
ORD-2024-00179,05/20/2024,2024-05-20,Same Day,CUST-8899,Jennifer White,Consumer,San Francisco,California,West,Clothing,Jackets,Jackets - Model I233,3,296.15,0.1,799.6,121.75,60.96
ORD-2021-00180,11/14/2021,2021-11-20,Standard Class,CUST-9644,Amelia White,Corporate,Rochester,Minnesota,Central,Office Supplies,Labels,Labels - Model H288,9,15.5,0.3,97.65,15.21,21.36
ORD-2022-00181,12/17/2022,2022-12-17,Same Day,CUST-9544,Isabella Harris,Corporate,Newark,New Jersey,East,Technology,Phones,Phones - Model L556,4,2266.02,0.05,8610.88,2081.93,86.91
ORD-2022-00182,10/20/2022,2022-10-20,Same Day,CUST-8884,Thomas Jones,Consumer,Newark,New Jersey,East,Clothing,Shoes,Shoes - Model B403,11,104.33,0.3,803.34,-144.04,97.8
ORD-2023-00183,12/29/2023,2024-01-01,First Class,CUST-4418,Joseph Harris,Consumer,San Antonio,Texas,Central,Clothing,Shirts,Shirts - Model E124,8,361.27,0.0,,534.7,4.6
ORD-2022-00184,05/31/2022,2022-06-07,Standard Class,CUST-9456,Amelia Martin,Corporate,Raleigh,North Carolina,South,Technology,Accessories,Accessories - Model D647,1,1621.49,0.0,1621.49,326.23,30.11
ORD-2024-00185,12/06/2024,2024-12-13,Standard Class,CUST-2447,Thomas Miller,Home Office,Salem,Oregon,West,Technology,Accessories,Accessories - Model F646,4,384.13,0.2,1229.22,257.34,42.77
ORD-2022-00186,08/28/2022,2022-08-31,Second Class,CUST-2971,Sandra Taylor,Consumer,Richmond,Virginia,South,Technology,Monitors,Monitors - Model M650,9,2370.1,0.1,19197.81,1766.4,37.59
ORD-2022-00187,12/06/2022,2022-12-09,Second Class,CUST-6836,Mia Anderson,Home Office,Seattle,Washington,West,Furniture,Storage,Storage - Model B971,9,708.06,0.3,,147.95,14.03
ORD-2022-00188,02/09/2022,2022-02-13,Standard Class,CUST-4313,Emily Davis,Home Office,Philadelphia,Pennsylvania,East,Clothing,Shoes,Shoes - Model K731,11,159.78,0.0,1757.58,661.24,19.5
ORD-2022-00189,10/10/2022,2022-10-14,Second Class,CUST-3655,Karen Clark,Consumer,Tacoma,Washington,West,Furniture,Desks,Desks - Model P573,8,557.35,0.1,4012.92,432.01,7.22
ORD-2024-00190,08/15/2024,2024-08-19,Standard Class,CUST-5088,Isabella Anderson,Home Office,Phoenix,Arizona,West,Technology,Monitors,Monitors - Model A932,10,1468.31,0.05,13948.94,3225.84,28.48
ORD-2024-00191,01/19/2024,2024-01-25,Standard Class,CUST-0230,Margaret Williams,Consumer,Cleveland,Ohio,Central,Technology,Accessories,Accessories - Model L614,1,1673.56,0.0,1673.56,337.12,8.74
ORD-2021-00192,11/23/2021,2021-11-30,Standard Class,CUST-5389,Charlotte Martinez,Corporate,Raleigh,North Carolina,South,Office Supplies,Pens,Pens - Model H143,11,42.94,0.15,401.49,94.68,46.06
ORD-2021-00193,12/06/2021,2021-12-11,Standard Class,CUST-1300,Sarah Williams,Corporate,Trenton,New Jersey,East,Clothing,Jackets,Jackets - Model C629,5,194.4,0.05,923.4,329.24,18.94
ORD-2022-00194,12/08/2022,2022-12-12,Standard Class,CUST-3232,William Sanchez,Home Office,Spokane,Washington,West,Office Supplies,Binders,Binders - Model E291,3,73.72,0.0,221.16,73.29,21.9
ORD-2022-00195,11/08/2022,2022-11-11,Second Class,CUST-3232,William Sanchez,Corporate,Boston,Massachusetts,East,Technology,Laptops,Laptops - Model F237,11,1305.97,0.0,14365.67,,14.4
ORD-2022-00196,01/04/2022,2022-01-07,Second Class,CUST-4456,Michael White,Corporate,Rochester,New York,East,Clothing,Accessories,Accessories - Model P988,8,93.58,0.2,598.91,233.78,40.14
ORD-2022-00197,01/08/2022,2022-01-11,Second Class,CUST-3131,Mary Brown,Consumer,Cleveland,Ohio,Central,Clothing,Pants,Pants - Model D116,4,266.13,0.3,745.16,315.76,31.06
ORD-2021-00198,12/30/2021,2022-01-02,First Class,CUST-4522,Betty Davis,Corporate,Knoxville,Tennessee,South,Furniture,Storage,Storage - Model A893,11,984.37,0.3,7579.65,725.55,35.49
ORD-2023-00199,05/29/2023,2023-05-29,Same Day,CUST-3232,William Sanchez,Corporate,Springfield,Massachusetts,East,Office Supplies,Envelopes,Envelopes - Model H979,2,58.09,0.3,81.33,-15.74,99.73
ORD-2024-00200,03/29/2024,2024-04-03,Standard Class,CUST-6035,Daniel White,Consumer,Cleveland,Ohio,Central,Office Supplies,Pens,Pens - Model N678,6,123.15,0.2,591.12,215.31,21.83
ORD-2024-00201,02/16/2024,2024-02-23,Standard Class,CUST-4414,John Smith,Corporate,Trenton,New Jersey,East,Technology,Laptops,Laptops - Model O901,12,2375.65,0.0,28507.8,2648.14,21.23
ORD-2022-00202,11/25/2022,2022-11-25,Same Day,CUST-4522,Betty Davis,Corporate,San Antonio,Texas,Central,Clothing,Accessories,Accessories - Model N190,2,138.92,0.15,236.16,42.98,9.53
ORD-2023-00203,02/27/2023,2023-02-27,Same Day,CUST-1544,David Rodriguez,Corporate,Boston,Massachusetts,East,Clothing,Shirts,Shirts - Model G970,11,466.07,0.3,3588.74,-682.86,66.9
ORD-2022-00204,04/20/2022,2022-04-26,Standard Class,CUST-9924,Elizabeth Thompson,Consumer,San Francisco,California,West,Clothing,Shoes,Shoes - Model G630,1,371.09,0.0,371.09,192.1,28.38
ORD-2024-00205,02/20/2024,2024-02-27,Standard Class,CUST-9456,,Consumer,Dallas,Texas,Central,Office Supplies,Binders,Binders - Model N618,2,112.61,0.3,157.65,32.0,40.54
ORD-2022-00206,06/12/2022,2022-06-17,Standard Class,CUST-9456,Amelia Martin,Consumer,Stamford,Connecticut,East,Clothing,Accessories,Accessories - Model A593,2,136.33,0.2,,88.01,49.72
ORD-2024-00207,10/18/2024,2024-10-21,Second Class,CUST-0669,Mia Perez,Consumer,Boston,Massachusetts,East,Technology,Accessories,Accessories - Model K177,9,2331.92,0.25,15740.46,-1245.42,10.77
ORD-2024-00208,10/31/2024,2024-11-05,Standard Class,CUST-8858,Patricia Davis,Consumer,Spokane,Washington,West,Office Supplies,Binders,Binders - Model D222,2,135.81,0.25,203.72,64.14,27.99
ORD-2021-00209,03/28/2021,2021-04-03,STANDARD CLASS,CUST-6986,Sandra Martin,Corporate,Worcester,Massachusetts,East,Furniture,Chairs,Chairs - Model N589,9,77.87,0.15,595.71,54.13,34.94
ORD-2021-00210,12/24/2021,2021-12-29,Second Class,CUST-8252,Thomas White,Corporate,New York City,New York,East,Office Supplies,Pens,Pens - Model I291,9,54.04,0.1,437.72,115.98,31.43
ORD-2023-00211,01/20/2023,2023-01-21,First Class,CUST-8904,James Hernandez,Consumer,Cleveland,Ohio,Central,Furniture,Storage,Storage - Model H933,2,1089.6,0.05,2070.24,,43.1
ORD-2022-00212,11/06/2022,2022-11-06,Same Day,CUST-0435,Barbara White,Corporate,Las Vegas,Nevada,West,Office Supplies,Labels,Labels - Model B507,2,138.73,0.0,277.46,48.67,35.51
ORD-2024-00213,12/13/2024,2024-12-17,Standard Class,CUST-6594,Michael Brown,Consumer,Jersey City,New Jersey,East,,Storage,Storage - Model F899,5,552.01,0.3,1932.04,,44.7
ORD-2023-00214,02/20/2023,2023-02-23,First Class,CUST-1388,Elizabeth Robinson,Corporate,Tacoma,Washington,West,Clothing,Shirts,Shirts - Model C265,6,121.83,0.15,621.33,255.49,36.1
ORD-2024-00215,05/24/2024,2024-05-28,Second Class,CUST-9006,Michael Johnson,Home Office,Cincinnati,Ohio,Central,Furniture,Chairs,Chairs - Model E845,4,1003.17,0.0,4012.68,232.35,21.06
ORD-2021-00216,12/15/2021,2021-12-20,Standard Class,CUST-4641,Karen Taylor,Consumer,Minneapolis,Minnesota,Central,Clothing,Jackets,Jackets - Model H353,12,149.25,0.0,1791.0,362.7,42.25
ORD-2021-00217,12/28/2021,2022-01-02,Standard Class,CUST-2644,Isabella Johnson,Home Office,Worcester,Massachusetts,East,Furniture,Storage,Storage - Model O746,12,964.7,0.2,9261.12,1057.83,32.7
ORD-2022-00218,09/27/2022,2022-10-03,Standard Class,CUST-3232,William Sanchez,Corporate,Grand Rapids,Michigan,Central,Technology,Phones,Phones - Model E452,5,1199.53,0.0,5997.65,,25.61
ORD-2023-00219,05-Sep-2023,2023-09-12,Standard Class,CUST-8330,Mark Moore,Corporate,Rochester,New York,,Clothing,Pants,Pants - Model F832,12,326.54,0.2,3134.78,746.82,5.8
ORD-2024-00220,07/04/2024,2024-07-08,Second Class,CUST-4140,Matthew Thomas,Corporate,Cincinnati,Ohio,Central,Technology,Laptops,Laptops - Model E396,2,1610.39,0.25,2415.59,252.25,11.01
ORD-2021-00221,02/09/2021,2021-02-16,Standard Class,CUST-6994,Ava Robinson,Consumer,Virginia Beach,Virginia,South,Furniture,Chairs,Chairs - Model E115,8,349.27,0.2,2235.33,170.07,40.37
ORD-2023-00222,01/31/2023,2023-02-07,Standard Class,CUST-4874,Margaret Hernandez,Consumer,Atlanta,Georgia,South,Clothing,Pants,Pants - Model G961,5,410.45,0.0,2052.25,407.96,38.87
ORD-2022-00223,05/25/2022,2022-05-30,Second Class,CUST-4964,Nancy Jackson,Consumer,Savannah,Georgia,South,Furniture,Bookcases,Bookcases - Model M797,5,1406.24,0.0,7031.2,936.9,4.02
ORD-2024-00224,01/31/2024,2024-02-01,First Class,CUST-7934,Charlotte Jackson,Consumer,Portland,Oregon,West,Clothing,Jackets,Jackets - Model A271,5,296.5,0.2,1186.0,552.27,2.43
ORD-2021-00225,03/28/2021,2021-04-01,Standard Class,CUST-5383,Lisa Sanchez,Corporate,San Francisco,California,West,Office Supplies,Paper,Paper - Model B464,11,32.48,0.3,250.1,-43.64,49.12
ORD-2024-00226,08/13/2024,2024-08-16,Second Class,CUST-1446,Elizabeth Moore,Corporate,Reno,Nevada,West,Clothing,Accessories,Accessories - Model J655,12,250.15,0.0,3001.8,1103.01,17.54
ORD-2023-00227,08/18/2023,2023-08-24,Standard Class,CUST-1564,,Home Office,Rochester,New York,East,Office Supplies,Envelopes,Envelopes - Model A894,11,102.18,0.0,1123.98,459.74,31.75
ORD-2023-00228,01/16/2023,2023-01-23,Standard Class,CUST-2448,John Lewis,Consumer,Tucson,Arizona,West,Office Supplies,Pens,Pens - Model N756,6,23.87,0.3,,-31.7,10.57
ORD-2021-00229,03/06/2021,2021-03-12,Standard Class,CUST-0867,Robert Ramirez,Consumer,Reno,Nevada,West,Furniture,Storage,Storage - Model C113,4,993.95,0.0,3975.8,414.48,32.67
ORD-2023-00230,01/10/2023,2023-01-14,Standard Class,CUST-6941,Thomas Taylor,Corporate,Naperville,Illinois,Central,Office Supplies,Paper,Paper - Model G631,2,22.04,0.05,41.88,11.98,11.09
ORD-2023-00231,12/14/2023,2023-12-19,Second Class,CUST-1941,James Martinez,Corporate,Tucson,Arizona,West,Clothing,Shirts,Shirts - Model F911,3,279.48,0.3,586.91,-167.09,23.26
ORD-2022-00232,12/23/2022,2022-12-25,First Class,CUST-1045,Karen Perez,Home Office,Jersey City,New Jersey,East,Furniture,Storage,Storage - Model G484,9,1391.44,0.1,11270.66,955.77,23.72
ORD-2023-00233,11/25/2023,2023-11-30,Standard Class,CUST-2939,Barbara Rodriguez,Corporate,Newark,New Jersey,East,Technology,Tablets,Tablets - Model E196,1,1177.91,0.0,1177.91,91.5,19.62
ORD-2024-00234,04/07/2024,2024-04-11,Second Class,CUST-4919,Emily Sanchez,Corporate,Las Vegas,Nevada,West,Clothing,Accessories,Accessories - Model D709,11,157.19,0.2,1383.27,250.91,4.68
ORD-2022-00235,11/16/2022,2022-11-21,Second Class,CUST-6789,James Brown,Consumer,Augusta,Georgia,South,Clothing,Shirts,Shirts - Model J636,1,166.47,0.0,166.47,46.73,35.49
ORD-2021-00236,11/10/2021,2021-11-17,Standard Class,CUST-0957,Karen Martin,Home Office,Rochester,Minnesota,Central,Furniture,Tables,Tables - Model K184,8,870.02,0.0,6960.16,825.94,14.6
ORD-2023-00237,03/28/2023,2023-04-02,Standard Class,CUST-4248,Sophia Williams,Corporate,Pittsburgh,Pennsylvania,East,Furniture,Tables,Tables - Model C372,7,505.42,0.0,3537.94,142.42,21.85
ORD-2023-00238,01/19/2023,2023-01-19,Same Day,CUST-1902,Susan Johnson,Consumer,Columbus,Ohio,Central,Clothing,Shirts,Shirts - Model H304,11,193.17,0.0,2124.87,414.24,11.54
ORD-2024-00239,06/25/2024,2024-06-29,Standard Class,CUST-2233,,Consumer,Aurora,Illinois,Central,Furniture,Tables,Tables - Model I661,8,945.87,0.0,7566.96,1098.06,34.08
ORD-2023-00240,02/11/2023,2023-02-17,Standard Class,CUST-1673,Charles Davis,Corporate,San Diego,California,West,Technology,Phones,Phones - Model M776,5,1674.31,0.15,7115.82,1585.81,2.92
ORD-2024-00241,08/22/2024,2024-08-23,First Class,CUST-8884,Thomas Jones,Consumer,Cleveland,Ohio,Central,Clothing,Accessories,Accessories - Model A140,4,461.91,0.1,1662.88,471.31,20.88
ORD-2021-00242,11/18/2021,2021-11-19,First Class,CUST-4920,Jennifer Wilson,Consumer,Tucson,Arizona,West,Office Supplies,Binders,Binders - Model E449,7,132.07,0.0,924.49,,26.99
ORD-2024-00243,10/20/2024,2024-10-26,Standard Class,CUST-6127,Ava Anderson,Corporate,Boston,Massachusetts,East,Clothing,Accessories,Accessories - Model E311,11,77.9,0.3,599.83,-100.8,35.05
ORD-2023-00244,12/09/2023,2023-12-09,Same Day,CUST-8330,Mark Moore,Home Office,Augusta,Georgia,South,Technology,Laptops,Laptops - Model K959,3,1831.34,0.15,4669.92,1055.53,54.68
ORD-2023-00245,04/23/2023,2023-04-27,Standard Class,CUST-0472,Ava Moore,Home Office,Seattle,Washington,West,Office Supplies,Labels,Labels - Model H710,4,47.72,0.0,190.88,43.09,35.03
ORD-2023-00246,12/04/2023,2023-12-09,Standard Class,CUST-3690,Emily Anderson,Consumer,Raleigh,North Carolina,South,Clothing,Shirts,Shirts - Model I522,4,373.76,0.05,1420.29,643.55,5.17
ORD-2023-00247,06/19/2023,2023-06-23,Standard Class,CUST-1363,Richard Clark,Corporate,Savannah,Georgia,South,Clothing,Jackets,Jackets - Model M726,12,290.25,0.3,2438.1,877.94,39.77
ORD-2023-00248,12/03/2023,2023-12-07,Standard Class,CUST-9753,Jessica Perez,Corporate,Tacoma,Washington,West,Technology,Laptops,Laptops - Model J550,7,2216.77,0.1,13965.65,1986.89,22.28
ORD-2024-00249,06/09/2024,2024-06-12,Second Class,CUST-0745,Robert Brown,Home Office,Hartford,Connecticut,East,Furniture,Bookcases,Bookcases - Model N431,8,66.62,0.25,399.72,50.47,11.69
ORD-2023-00250,12/21/2023,2023-12-28,Standard Class,CUST-3690,Emily Anderson,Home Office,Chicago,Illinois,Central,Technology,Monitors,Monitors - Model M844,9,1549.58,0.0,13946.22,1753.54,20.27
ORD-2021-00251,12/16/2021,2021-12-20,Standard Class,CUST-5389,Charlotte Martinez,Home Office,Atlanta,Georgia,South,Office Supplies,Envelopes,Envelopes - Model J741,3,25.28,0.0,75.84,33.08,2.17
ORD-2022-00252,12/03/2022,2022-12-10,Standard Class,CUST-1463,Richard Gonzalez,Corporate,Las Vegas,Nevada,West,Clothing,Shirts,Shirts - Model A350,9,146.28,0.3,921.56,-189.17,4.64
ORD-2022-00253,12/16/2022,2022-12-16,Same Day,CUST-4874,Margaret Hernandez,Corporate,Virginia Beach,Virginia,South,Furniture,Tables,Tables - Model J725,11,1046.53,0.3,8058.28,418.51,74.48
ORD-2021-00254,12/15/2021,2021-12-17,First Class,CUST-9644,Amelia White,Consumer,Buffalo,New York,East,Furniture,Chairs,Chairs - Model I437,9,638.22,0.05,5456.78,792.59,31.38
ORD-2021-00255,08/12/2021,2021-08-18,Standard Class,CUST-5619,Jessica Robinson,Corporate,Mesa,Arizona,West,,Binders,Binders - Model P632,12,127.11,0.25,1143.99,437.91,13.17
ORD-2022-00256,08/18/2022,2022-08-19,First Class,CUST-0719,Linda Smith,Consumer,Rochester,New York,East,Office Supplies,Pens,Pens - Model G111,11,41.84,0.1,414.22,78.31,5.26
ORD-2022-00257,09/07/2022,2022-09-11,Standard Class,CUST-9644,Amelia White,Corporate,Eugene,Oregon,West,Office Supplies,Pens,Pens - Model P585,1,129.84,0.25,97.38,15.03,43.53
ORD-2022-00258,11/18/2022,2022-11-23,Second Class,CUST-9034,Lisa Miller,Home Office,Tucson,Arizona,West,Technology,Laptops,Laptops - Model K918,6,212.22,0.0,1273.32,135.09,3.5
ORD-2023-00259,02/08/2023,2023-02-10,First Class,CUST-5015,Barbara Taylor,Corporate,Boston,Massachusetts,East,Technology,Tablets,Tablets - Model N188,8,2198.77,0.15,14951.64,2098.93,47.63
ORD-2022-00260,03/19/2022,2022-03-23,Standard Class,CUST-9501,Nancy Harris,Consumer,Houston,Texas,Central,Furniture,Tables,Tables - Model K595,12,1314.6,0.1,14197.68,2265.89,8.88
ORD-2021-00261,07/21/2021,2021-07-25,Standard Class,CUST-0745,Robert Brown,Corporate,Sacramento,California,West,Technology,Monitors,Monitors - Model C441,8,2228.51,0.0,17828.08,2747.58,33.63
ORD-2022-00262,02-Dec-2022,2022-12-08,Standard Class,CUST-5470,Harper Hernandez,Home Office,Pittsburgh,Pennsylvania,East,Technology,Tablets,Tablets - Model E261,5,330.43,0.3,1156.5,-96.36,17.29
ORD-2021-00263,10/17/2021,2021-10-18,First Class,CUST-2939,Barbara Rodriguez,Corporate,Salem,Oregon,West,Technology,Accessories,Accessories - Model B208,7,181.81,0.2,1018.14,130.71,35.82
ORD-2024-00264,04/28/2024,2024-05-01,First Class,CUST-2627,Margaret Jones,Corporate,Tacoma,Washington,West,Furniture,Chairs,Chairs - Model O199,8,486.28,0.25,2917.68,305.48,8.9
ORD-2024-00265,06/17/2024,2024-06-21,Standard Class,CUST-3042,David Perez,Consumer,Cleveland,Ohio,Central,Technology,Tablets,Tablets - Model P572,3,741.53,0.15,1890.9,323.13,8.11
ORD-2021-00266,07/30/2021,2021-08-06,Standard Class,CUST-1039,Charlotte Lewis,Consumer,Cincinnati,Ohio,,Furniture,Storage,Storage - Model F593,7,127.11,0.05,845.28,140.74,30.37
ORD-2023-00267,06/11/2023,2023-06-18,Standard Class,CUST-0015,Jessica Gonzalez,Corporate,Sacramento,California,West,Technology,Accessories,Accessories - Model F415,7,220.54,0.0,1543.78,288.84,30.63
ORD-2023-00268,02/16/2023,2023-02-16,Same Day,CUST-6836,Mia Anderson,Corporate,Tacoma,Washington,West,Furniture,Bookcases,Bookcases - Model J499,10,879.56,0.05,8355.82,476.44,110.29
ORD-2022-00269,09/06/2022,2022-09-06,Same Day,CUST-0994,Anthony Wilson,Consumer,Durham,North Carolina,,Technology,Monitors,Monitors - Model M967,3,2138.64,0.0,6415.92,794.58,70.87
ORD-2021-00270,12/19/2021,2021-12-24,Second Class,CUST-1132,,Home Office,Savannah,Georgia,South,Clothing,Shoes,Shoes - Model M545,9,113.5,0.0,1021.5,347.26,11.03
ORD-2023-00271,02/27/2023,2023-03-03,Standard Class,CUST-8783,Christopher Davis,Home Office,Seattle,Washington,West,Clothing,Shoes,Shoes - Model E186,3,324.7,0.2,779.28,385.01,44.89
ORD-2024-00272,11/25/2024,2024-11-26,First Class,CUST-8904,James Hernandez,Corporate,Stamford,Connecticut,East,Furniture,Bookcases,Bookcases - Model A691,8,1274.8,0.05,9688.48,1435.67,14.92
ORD-2024-00273,01/24/2024,2024-01-27,Second Class,CUST-8725,Sarah Jones,Home Office,Newark,New Jersey,East,,Envelopes,Envelopes - Model C635,-10,19.51,0.25,146.33,46.93,34.1
ORD-2024-00274,11/01/2024,2024-11-04,First Class,CUST-8549,Mark Anderson,Consumer,Salem,Oregon,West,Clothing,Accessories,Accessories - Model K531,6,480.68,0.1,2595.67,689.63,3.7
ORD-2024-00275,05/08/2024,2024-05-13,Second Class,CUST-7605,Barbara Martin,Consumer,Minneapolis,Minnesota,Central,Technology,Tablets,Tablets - Model P184,3,1288.71,0.1,3479.52,349.38,31.56
ORD-2022-00276,07/18/2022,2022-07-25,Standard Class,CUST-5322,Jennifer Miller,Corporate,Rochester,Minnesota,Central,Office Supplies,Binders,Binders - Model P285,9,172.68,0.15,1321.0,587.09,48.43
ORD-2024-00277,05/04/2024,2024-05-11,Standard Class,CUST-7555,Sarah Harris,Home Office,Grand Rapids,Michigan,Central,Furniture,Tables,Tables - Model L155,11,418.66,0.0,4605.26,135.64,24.27
ORD-2023-00278,09/03/2023,2023-09-10,Standard Class,CUST-3900,Margaret Smith,Consumer,Grand Rapids,Michigan,Central,Clothing,Shoes,Shoes - Model K642,11,478.38,0.0,5262.18,2720.99,32.6
ORD-2023-00279,06/04/2023,2023-06-11,Standard Class,CUST-3195,Thomas Harris,Home Office,Newark,New Jersey,East,Furniture,Storage,Storage - Model G632,6,1026.25,0.0,6157.5,470.36,2.51
ORD-2021-00280,01/18/2021,2021-01-24,Standard Class,CUST-2018,Robert Smith,Consumer,New Haven,Connecticut,East,Technology,Phones,Phones - Model C158,10,1658.68,0.05,15757.46,3783.33,32.63
ORD-2024-00281,12/21/2024,2024-12-23,First Class,CUST-5792,Jessica Garcia,Home Office,Phoenix,Arizona,West,Clothing,Shirts,Shirts - Model O383,7,349.19,0.15,2077.68,525.52,39.48
ORD-2022-00282,07/22/2022,2022-07-26,Standard Class,CUST-0697,Daniel Lewis,Consumer,Virginia Beach,Virginia,South,Clothing,Pants,Pants - Model P211,3,274.91,0.2,659.78,156.6,32.88
ORD-2023-00283,06/24/2023,2023-07-01,Standard Class,CUST-1300,Sarah Williams,Consumer,Eugene,Oregon,West,Technology,Phones,Phones - Model M372,3,1765.14,0.2,4236.34,698.69,26.74
ORD-2023-00284,10/02/2023,2023-10-09,Standard Class,CUST-2741,Linda Lewis,Home Office,Naperville,Illinois,Central,Technology,Monitors,Monitors - Model L441,11,791.93,0.0,8711.23,1537.14,48.02
ORD-2021-00285,07/05/2021,2021-07-09,Standard Class,CUST-7302,Harper Williams,Consumer,Trenton,New Jersey,East,Furniture,Desks,Desks - Model M209,11,1042.6,0.25,8601.45,303.42,37.3
ORD-2021-00286,11/14/2021,2021-11-21,Standard Class,CUST-2808,Jennifer Clark,Consumer,Springfield,Massachusetts,East,Office Supplies,Paper,Paper - Model K906,12,10.48,0.0,125.76,21.89,33.38
ORD-2023-00287,12/08/2023,2023-12-08,Same Day,CUST-0994,Anthony Wilson,Home Office,Boston,Massachusetts,East,Clothing,Shirts,Shirts - Model P733,1,128.91,0.0,128.91,20.08,80.92
ORD-2022-00288,09/22/2022,2022-09-24,First Class,CUST-8858,Patricia Davis,Consumer,Phoenix,Arizona,West,Furniture,Chairs,Chairs - Model G536,6,1222.94,0.2,5870.11,460.0,48.84
ORD-2024-00289,03/25/2024,2024-03-29,Standard Class,CUST-1902,Susan Johnson,Home Office,Naperville,Illinois,Central,Furniture,Bookcases,Bookcases - Model F813,6,843.51,0.25,3795.79,242.38,8.4
ORD-2024-00290,07/18/2024,2024-07-22,Standard Class,CUST-5694,Charles Wilson,Consumer,New York City,New York,East,Office Supplies,Envelopes,Envelopes - Model P808,3,42.82,0.1,115.61,32.73,21.78
ORD-2021-00291,12/24/2021,2021-12-28,Second Class,CUST-0995,Lisa Brown,Corporate,Minneapolis,Minnesota,Central,Technology,Monitors,Monitors - Model H296,2,2467.18,0.0,4934.36,857.51,43.41
ORD-2024-00292,01/11/2024,2024-01-16,Standard Class,CUST-1388,Elizabeth Robinson,Corporate,Columbus,Ohio,Central,Clothing,Pants,Pants - Model F786,1,36.47,0.15,31.0,8.18,22.86
ORD-2022-00293,11/16/2022,2022-11-20,Standard Class,CUST-5607,Daniel Miller,Consumer,Minneapolis,Minnesota,Central,Technology,Phones,Phones - Model H838,8,1502.13,0.15,10214.48,1366.83,37.86
ORD-2022-00294,10/30/2022,2022-11-04,Standard Class,CUST-1132,Sophia Gonzalez,Consumer,Las Vegas,Nevada,West,Clothing,Shirts,Shirts - Model N248,4,464.66,0.25,1393.98,-191.32,11.32
ORD-2023-00295,01/05/2023,2023-01-09,Standard Class,CUST-6974,David Jones,Consumer,Phoenix,Arizona,West,Clothing,Pants,Pants - Model K325,5,305.78,0.0,1528.9,582.89,28.53
ORD-2022-00296,12/16/2022,2022-12-19,Second Class,CUST-7085,Richard Thompson,Corporate,Richmond,Virginia,South,Clothing,Accessories,Accessories - Model H705,3,457.74,0.0,1373.22,435.46,4.12
ORD-2023-00297,08/22/2023,2023-08-23,First Class,CUST-4355,Sarah Lopez,Consumer,Stamford,Connecticut,East,Technology,Monitors,Monitors - Model A809,12,1046.21,0.05,11926.79,912.91,16.2
ORD-2024-00298,08/19/2024,2024-08-19,Same Day,CUST-9300,Joseph Taylor,Consumer,Las Vegas,Nevada,West,Clothing,Pants,Pants - Model L741,8,354.91,0.0,2839.28,1403.04,13.48
ORD-2024-00299,11/15/2024,2024-11-20,Second Class,CUST-4874,Margaret Hernandez,Consumer,Rochester,Minnesota,Central,Office Supplies,Paper,Paper - Model L152,2,77.83,0.25,116.75,-15.63,28.82
ORD-2021-00300,05/18/2021,2021-05-23,Second Class,CUST-4217,Emily Moore,Consumer,Boston,Massachusetts,East,Office Supplies,Pens,Pens - Model I615,11,85.74,0.0,943.14,115.23,18.57
ORD-2023-00301,09/23/2023,2023-09-29,Standard Class,CUST-3453,Amelia Wilson,Consumer,Worcester,Massachusetts,East,Technology,Laptops,Laptops - Model O189,2,1007.17,0.0,2014.34,216.89,47.92
ORD-2021-00302,08/12/2021,2021-08-12,Same Day,CUST-3766,Sandra Jones,Corporate,Allentown,Pennsylvania,East,Furniture,Bookcases,Bookcases - Model L530,8,1114.43,0.0,8915.44,646.13,12.55
ORD-2022-00303,04/21/2022,2022-04-25,Second Class,CUST-6035,Daniel White,Corporate,Trenton,New Jersey,East,Clothing,Shoes,Shoes - Model J680,3,450.16,0.1,1215.43,265.81,14.48
ORD-2023-00304,09/19/2023,2023-09-24,Standard Class,CUST-2233,John Anderson,Corporate,Eugene,Oregon,West,Office Supplies,Binders,Binders - Model F959,12,139.19,0.0,1670.28,261.3,7.61
ORD-2022-00305,10/11/2022,2022-10-17,Standard Class,CUST-6803,Robert Clark,Consumer,Mesa,Arizona,West,Office Supplies,Envelopes,Envelopes - Model F646,5,26.06,0.0,,31.48,25.97
ORD-2021-00306,10/25/2021,2021-10-31,Standard Class,CUST-7060,Richard Martinez,Consumer,Knoxville,Tennessee,South,Furniture,Storage,Storage - Model O446,12,195.1,0.25,1755.9,-219.16,16.79
ORD-2023-00307,04/03/2023,2023-04-07,Second Class,CUST-7257,Nancy Anderson,Consumer,San Francisco,California,West,Technology,Phones,Phones - Model O793,11,2396.18,0.3,18450.59,2378.0,30.95
ORD-2023-00308,11/14/2023,2023-11-18,Standard Class,CUST-1809,Christopher Lewis,Consumer,Reno,Nevada,West,Office Supplies,Pens,Pens - Model O995,9,19.34,0.25,130.55,46.94,23.24
ORD-2021-00309,12/02/2021,2021-12-07,Standard Class,CUST-8904,James Hernandez,Corporate,Springfield,Massachusetts,East,Office Supplies,Paper,Paper - Model M190,1,83.07,0.1,74.76,18.32,28.68
ORD-2024-00310,12/25/2024,2024-12-31,Standard Class,CUST-6833,Margaret Martin,Consumer,Norfolk,Virginia,South,Clothing,Accessories,Accessories - Model O329,1,397.7,0.0,397.7,101.44,47.89
ORD-2024-00311,07/27/2024,2024-07-27,Same Day,CUST-0076,Jessica Clark,Corporate,Spokane,Washington,West,Office Supplies,Envelopes,Envelopes - Model C713,12,73.63,0.25,662.67,,80.36
ORD-2023-00312,09/02/2023,2023-09-06,Standard Class,CUST-8252,Thomas White,Consumer,Aurora,Illinois,Central,Clothing,Pants,Pants - Model L267,1,143.61,0.2,114.89,46.47,47.85
ORD-2021-00313,04/10/2021,2021-04-14,Standard Class,CUST-0454,Thomas Johnson,Corporate,Tacoma,Washington,West,Office Supplies,Pens,Pens - Model J377,11,140.2,0.15,1310.87,175.06,29.84
ORD-2021-00314,12/22/2021,2021-12-27,Standard Class,CUST-6986,Sandra Martin,Corporate,Philadelphia,Pennsylvania,East,Technology,Accessories,Accessories - Model O178,2,2056.17,0.0,4112.34,600.01,16.96
ORD-2023-00315,12/13/2023,2023-12-17,Standard Class,CUST-1816,Karen Davis,Corporate,Augusta,Georgia,South,Furniture,Tables,Tables - Model J228,4,221.42,0.0,885.68,85.44,38.63
ORD-2021-00316,12/17/2021,2021-12-21,Standard Class,CUST-8330,Mark Moore,Consumer,Mesa,Arizona,West,Technology,Tablets,Tablets - Model A872,2,1966.81,0.05,3736.94,626.01,11.6
ORD-2024-00317,10/05/2024,2024-10-10,Standard Class,CUST-8341,Sarah Robinson,Consumer,Cincinnati,Ohio,Central,Furniture,Storage,Storage - Model C201,10,1151.97,0.3,8063.79,-236.83,45.28
ORD-2024-00318,11/06/2024,2024-11-10,Second Class,CUST-9544,Isabella Harris,Home Office,Raleigh,North Carolina,South,Technology,Laptops,Laptops - Model L488,7,574.97,0.05,3823.55,502.86,38.55
ORD-2022-00319,11/06/2022,2022-11-10,Second Class,CUST-6035,Daniel White,Consumer,Cincinnati,Ohio,Central,Technology,Accessories,Accessories - Model J567,10,1853.63,0.25,13902.23,1323.14,49.28
ORD-2023-00320,05/27/2023,2023-06-03,Standard Class,CUST-6754,Joseph Ramirez,Home Office,Columbus,Ohio,Central,Clothing,Shoes,Shoes - Model C222,3,203.46,0.0,610.38,272.58,44.84
ORD-2021-00321,12/12/2021,2021-12-19,Standard Class,CUST-2093,John Harris,Consumer,Hartford,Connecticut,East,Office Supplies,Labels,Labels - Model I874,11,188.76,0.15,1764.91,470.42,30.95
ORD-2023-00322,04/09/2023,2023-04-16,Standard Class,CUST-3131,Mary Brown,Consumer,Chicago,Illinois,Central,Furniture,Chairs,Chairs - Model D855,1,1250.56,0.25,937.92,133.24,20.37
ORD-2024-00323,10/23/2024,2024-10-26,First Class,CUST-0041,Betty Lewis,Corporate,Sacramento,California,West,Clothing,Shoes,Shoes - Model I655,6,406.65,0.3,1707.93,629.63,3.52
ORD-2023-00324,06/01/2023,2023-06-05,Standard Class,CUST-6160,Mia Moore,Consumer,Reno,Nevada,West,Office Supplies,Binders,Binders - Model P541,3,63.87,0.2,153.29,41.48,7.25
ORD-2024-00325,10/14/2024,2024-10-16,First Class,CUST-6258,Betty Thompson,Corporate,Stamford,Connecticut,East,Clothing,Accessories,Accessories - Model M731,11,182.85,0.1,1810.21,503.59,3.35
ORD-2021-00326,12/03/2021,2021-12-09,Standard Class,CUST-9456,Amelia Martin,Corporate,Jersey City,New Jersey,East,Office Supplies,Paper,Paper - Model H353,4,130.32,0.0,521.28,,5.14
ORD-2022-00327,11/17/2022,2022-11-24,Standard Class,CUST-8217,Mia Miller,Corporate,Reno,Nevada,West,Office Supplies,Envelopes,Envelopes - Model M430,10,21.35,0.25,160.12,21.62,18.13
ORD-2023-00328,10/27/2023,2023-10-31,Standard Class,CUST-1809,Christopher Lewis,Consumer,Cleveland,Ohio,Central,Office Supplies,Pens,Pens - Model B404,10,81.6,0.05,775.2,246.98,47.98
ORD-2024-00329,12/30/2024,2025-01-03,Standard Class,CUST-2361,Betty White,Consumer,Grand Rapids,Michigan,Central,Office Supplies,Envelopes,Envelopes - Model K304,7,81.66,0.3,400.13,103.49,10.67
ORD-2021-00330,02/08/2021,2021-02-08,Same Day,CUST-0745,Robert Brown,Home Office,Allentown,Pennsylvania,East,Clothing,Accessories,Accessories - Model B634,4,188.49,0.0,753.96,185.59,94.57
ORD-2022-00331,09/07/2022,2022-09-10,First Class,CUST-6484,Harper Miller,Consumer,Orlando,Florida,South,Furniture,Desks,Desks - Model H515,4,196.93,0.05,748.33,18.7,40.26
ORD-2022-00332,09/28/2022,2022-10-03,Standard Class,CUST-8156,Anthony Perez,Home Office,New York City,New York,East,Office Supplies,Labels,Labels - Model F759,1,192.83,0.25,144.62,-50.14,17.07
ORD-2022-00333,09/03/2022,2022-09-03,Same Day,CUST-8511,Mia Jones,Home Office,Aurora,Illinois,,Technology,Monitors,Monitors - Model I608,2,633.29,0.0,1266.58,259.19,42.61
ORD-2024-00334,04/11/2024,2024-04-17,Standard Class,CUST-3779,John Thompson,Home Office,San Francisco,California,West,Office Supplies,Labels,Labels - Model B602,9,76.19,0.0,685.71,,22.34
ORD-2024-00335,10/30/2024,2024-11-02,Second Class,CUST-3673,Richard Miller,Home Office,Virginia Beach,Virginia,South,Technology,Phones,Phones - Model H359,9,992.49,0.15,7592.55,1751.08,34.89
ORD-2024-00336,01/01/2024,2024-01-06,Standard Class,CUST-4964,Nancy Jackson,Consumer,Raleigh,North Carolina,,Furniture,Bookcases,Bookcases - Model K931,11,627.24,0.0,6899.64,478.33,5.84
ORD-2023-00337,10/04/2023,2023-10-05,First Class,CUST-9034,Lisa Miller,Home Office,Hartford,Connecticut,East,Office Supplies,Envelopes,Envelopes - Model K564,12,7.42,0.0,89.04,28.89,10.82
ORD-2023-00338,06/28/2023,2023-07-01,Second Class,CUST-3232,William Sanchez,Consumer,Eugene,Oregon,West,Furniture,Storage,Storage - Model N911,6,693.69,0.0,4162.14,278.54,35.0
ORD-2022-00339,11/02/2022,2022-11-02,Same Day,CUST-2093,John Harris,Consumer,New Haven,Connecticut,East,Furniture,Chairs,Chairs - Model O303,5,1060.85,0.0,5304.25,153.62,79.16
ORD-2024-00340,14-May-2024,2024-05-21,Standard Class,CUST-5494,Sandra Gonzalez,Home Office,Phoenix,Arizona,West,Clothing,Shirts,Shirts - Model H830,4,103.37,0.1,372.13,98.68,25.72
ORD-2021-00341,09/24/2021,2021-09-27,Second Class,CUST-9788,William Rodriguez,Corporate,Norfolk,Virginia,South,Furniture,Chairs,Chairs - Model J368,4,937.99,0.05,3564.36,308.44,34.84
ORD-2023-00342,12/28/2023,2024-01-04,Standard Class,CUST-4992,Linda Jones,Home Office,Durham,North Carolina,South,Office Supplies,Paper,Paper - Model D670,1,12.32,0.05,11.7,3.1,19.01
ORD-2024-00343,05/26/2024,2024-06-02,Standard Class,CUST-1564,Richard Jones,Corporate,Aurora,Illinois,Central,Office Supplies,Binders,Binders - Model B694,3,53.54,0.3,112.43,,6.3
ORD-2024-00344,12/25/2024,2024-12-27,First Class,CUST-0702,Matthew Martin,Consumer,Spokane,Washington,West,Clothing,Jackets,Jackets - Model I727,5,263.32,0.2,1053.28,534.09,17.15
ORD-2023-00345,10/04/2023,2023-10-08,Standard Class,CUST-9544,Isabella Harris,Corporate,Charlotte,North Carolina,South,Technology,Accessories,Accessories - Model I267,12,1194.48,0.0,14333.76,3569.68,46.51
ORD-2021-00346,03/25/2021,2021-03-30,Standard Class,CUST-8326,Matthew Perez,Consumer,Philadelphia,Pennsylvania,East,Furniture,Storage,Storage - Model I676,11,890.95,0.0,9800.45,1123.94,29.4
ORD-2023-00347,05/03/2023,2023-05-07,Standard Class,CUST-4039,Sarah Perez,Corporate,Columbus,Ohio,Central,Technology,Tablets,Tablets - Model E129,2,1177.57,0.25,1766.36,248.72,30.52
ORD-2021-00348,01/12/2021,2021-01-12,Same Day,CUST-0371,Daniel Martin,Corporate,Norfolk,Virginia,South,Office Supplies,Pens,Pens - Model B861,2,110.34,0.2,176.54,23.37,35.62
ORD-2022-00349,05/07/2022,2022-05-10,First Class,CUST-5447,Michael Lewis,Consumer,Savannah,Georgia,South,Furniture,Chairs,Chairs - Model J602,7,1111.76,0.1,7004.09,1279.45,30.97
ORD-2023-00350,01/06/2023,2023-01-13,Standard Class,CUST-0941,Christopher Robinson,Consumer,New Haven,Connecticut,East,Office Supplies,Labels,Labels - Model F544,11,86.35,0.0,949.85,265.64,48.72
ORD-2024-00351,10/17/2024,2024-10-24,Standard Class,CUST-0995,Lisa Brown,Home Office,Boston,Massachusetts,East,Office Supplies,Binders,Binders - Model E800,5,168.62,0.3,590.17,147.37,28.45
ORD-2021-00352,04/03/2021,2021-04-07,Standard Class,CUST-3131,Mary Brown,Consumer,Tucson,Arizona,West,Technology,Accessories,Accessories - Model F905,3,2115.13,0.0,6345.39,422.97,44.08
ORD-2022-00353,09/02/2022,2022-09-02,Same Day,CUST-5607,Daniel Miller,Corporate,Jersey City,New Jersey,East,Technology,Monitors,Monitors - Model I992,11,310.51,0.3,2390.93,-39.63,83.7
ORD-2023-00354,08/01/2023,2023-08-06,Second Class,CUST-5684,Ava Thomas,Home Office,Grand Rapids,Michigan,Central,Clothing,Jackets,Jackets - Model C228,3,16.8,0.0,50.4,24.01,35.41
ORD-2022-00355,01/21/2022,2022-01-23,First Class,CUST-0827,Harper Wilson,Consumer,Spokane,Washington,West,Clothing,Pants,Pants - Model P532,1,67.06,0.0,67.06,29.88,23.37
ORD-2023-00356,09/21/2023,2023-09-25,Standard Class,CUST-1597,Nancy Lewis,Corporate,Tucson,Arizona,West,Clothing,Shoes,Shoes - Model P854,10,301.96,0.3,2113.72,-673.54,26.64
ORD-2024-00357,06/06/2024,2024-06-10,Second Class,CUST-4313,Emily Davis,Consumer,Sacramento,California,,Clothing,Shoes,Shoes - Model D606,10,470.09,0.15,3995.76,1315.92,22.94
ORD-2021-00358,11/27/2021,2021-12-02,Second Class,CUST-0988,Charlotte Williams,Consumer,Boston,Massachusetts,East,Clothing,Pants,Pants - Model J840,12,201.28,0.2,1932.29,933.74,34.31
ORD-2023-00359,01/08/2023,2023-01-13,Standard Class,CUST-0675,James White,Corporate,Sacramento,California,West,Clothing,Shirts,Shirts - Model N605,5,125.01,0.3,437.54,-67.71,19.14
ORD-2021-00360,11/21/2021,2021-11-26,Second Class,CUST-2093,John Harris,Consumer,Las Vegas,Nevada,West,Clothing,Jackets,Jackets - Model K903,6,386.99,0.3,1625.36,-327.11,26.74
ORD-2024-00361,11/03/2024,2024-11-04,First Class,CUST-1446,Elizabeth Moore,Corporate,Miami,Florida,South,,Laptops,Laptops - Model D991,4,2281.92,0.0,9127.68,1786.01,35.99
ORD-2023-00362,11/03/2023,2023-11-04,First Class,CUST-1032,Robert Sanchez,Consumer,Philadelphia,Pennsylvania,East,Furniture,Bookcases,Bookcases - Model K393,9,281.75,0.1,2282.18,198.64,38.23
ORD-2023-00363,01/09/2023,2023-01-16,Standard Class,CUST-2808,Olivia Davis,Consumer,Detroit,Michigan,Central,Clothing,Accessories,Accessories - Model L130,8,81.34,0.0,650.72,284.4,26.83
ORD-2021-00364,12/23/2021,2021-12-24,First Class,CUST-1544,David Rodriguez,Home Office,Sacramento,California,West,Office Supplies,Envelopes,Envelopes - Model M797,12,111.61,0.1,1205.39,424.95,17.06
ORD-2022-00365,12/06/2022,2022-12-11,Standard Class,CUST-5088,Isabella Anderson,Home Office,San Antonio,Texas,Central,Clothing,Jackets,Jackets - Model M894,4,441.68,0.0,1766.72,291.13,18.06
ORD-2021-00366,09/16/2021,2021-09-21,Standard Class,CUST-0230,Margaret Williams,Consumer,Tucson,Arizona,West,Office Supplies,Binders,Binders - Model J843,7,197.42,0.0,1381.94,492.24,42.4
ORD-2022-00367,06/16/2022,2022-06-20,Standard Class,CUST-4365,Amelia Jackson,Consumer,Aurora,Illinois,Central,Furniture,Storage,Storage - Model H458,5,448.27,0.0,2241.35,333.03,26.94
ORD-2022-00368,11/23/2022,2022-11-27,Standard Class,CUST-8783,Christopher Davis,Consumer,Reno,Nevada,West,Clothing,Pants,Pants - Model O179,6,341.64,0.2,1639.87,631.83,26.91
ORD-2023-00369,03/20/2023,2023-03-20,Same Day,CUST-9219,William Perez,Consumer,Stamford,Connecticut,East,Furniture,Tables,Tables - Model E596,12,702.84,0.3,5903.86,-464.77,61.8
ORD-2021-00370,11/18/2021,2021-11-24,Standard Class,CUST-4414,John Smith,Home Office,Las Vegas,Nevada,West,Furniture,Chairs,Chairs - Model L412,6,475.79,0.25,2141.06,-45.49,22.24
ORD-2022-00371,09/17/2022,2022-09-21,Standard Class,CUST-7085,Richard Thompson,Consumer,Chicago,Illinois,Central,Clothing,Accessories,Accessories - Model J679,8,451.14,0.2,2887.3,981.94,36.56
ORD-2024-00372,11/25/2024,2024-11-28,First Class,CUST-4355,Sarah Lopez,Corporate,Detroit,Michigan,Central,Clothing,Shoes,Shoes - Model H504,6,275.09,0.25,1237.9,,43.57
ORD-2024-00373,12/19/2024,2024-12-23,Standard Class,CUST-5619,Jessica Robinson,Corporate,Rochester,Minnesota,Central,Technology,Monitors,Monitors - Model G868,8,1281.47,0.0,10251.76,759.21,46.94
ORD-2022-00374,01/04/2022,2022-01-10,Standard Class,CUST-5383,Lisa Sanchez,Corporate,Tucson,Arizona,West,Technology,Accessories,Accessories - Model A448,7,492.24,0.0,3445.68,764.7,17.23
ORD-2022-00375,11/11/2022,2022-11-18,Standard Class,CUST-7033,Lisa Martin,Consumer,Portland,Oregon,West,Technology,Monitors,Monitors - Model K285,1,1797.59,0.1,1617.83,207.06,17.36
ORD-2023-00376,04/26/2023,2023-05-01,Standard Class,CUST-8742,Anthony Miller,Consumer,Miami,Florida,South,Clothing,Shirts,Shirts - Model I162,6,237.76,0.2,1141.25,201.07,3.39
ORD-2024-00377,07/21/2024,2024-07-24,First Class,CUST-4580,Harper Smith,Consumer,Orlando,Florida,South,Clothing,Shoes,Shoes - Model C966,11,255.21,0.0,2807.31,840.29,49.29
ORD-2022-00378,05/18/2022,2022-05-19,First Class,CUST-0197,Sarah Johnson,Home Office,New York City,New York,East,Technology,Phones,Phones - Model P379,10,664.68,0.2,5317.44,1328.55,42.44
ORD-2022-00379,03/12/2022,2022-03-16,Standard Class,CUST-3131,Mary Brown,Consumer,Mesa,Arizona,West,Technology,Laptops,Laptops - Model I999,7,566.58,0.3,2776.24,-521.23,18.45
ORD-2022-00380,06/20/2022,2022-06-26,Standard Class,CUST-8945,Robert Lewis,Consumer,Cleveland,Ohio,Central,Furniture,Chairs,Chairs - Model P104,1,1018.88,0.2,815.1,,35.43
ORD-2023-00381,09/29/2023,2023-09-30,First Class,CUST-2508,Richard Lopez,Consumer,Miami,Florida,South,Office Supplies,Envelopes,Envelopes - Model L496,3,168.15,0.0,504.45,72.47,19.78
ORD-2022-00382,01/31/2022,2022-02-06,Standard Class,CUST-6127,Ava Anderson,Corporate,Columbus,Ohio,Central,Furniture,Bookcases,Bookcases - Model L137,5,754.47,0.05,3583.73,76.28,49.24
ORD-2024-00383,07/31/2024,2024-08-03,Second Class,CUST-3673,Richard Miller,Corporate,Boston,Massachusetts,East,Furniture,Chairs,Chairs - Model E365,10,1287.55,0.3,9012.85,,3.11
ORD-2024-00384,11/20/2024,2024-11-20,Same Day,CUST-4522,Betty Davis,Consumer,Hartford,Connecticut,East,Clothing,Jackets,Jackets - Model D796,9,238.63,0.15,1825.52,651.53,10.22
ORD-2022-00385,12/05/2022,2022-12-09,Standard Class,CUST-3900,Margaret Smith,Consumer,Spokane,Washington,West,Clothing,Shirts,Shirts - Model H301,3,171.32,0.0,513.96,205.79,6.64
ORD-2023-00386,09/10/2023,2023-09-17,Standard Class,CUST-8490,Joseph Anderson,Corporate,Cleveland,Ohio,Central,Technology,Tablets,Tablets - Model H174,10,1567.94,0.0,15679.4,2744.99,29.79
ORD-2021-00387,06/25/2021,2021-07-02,Standard Class,CUST-8725,Sarah Jones,Consumer,Orlando,Florida,South,Clothing,Shirts,Shirts - Model D793,1,284.04,0.1,255.64,125.26,21.28
ORD-2024-00388,06/18/2024,2024-06-25,Standard Class,CUST-0549,Joseph Smith,Home Office,Minneapolis,Minnesota,Central,Technology,Tablets,Tablets - Model A564,9,854.07,0.05,7302.3,522.85,2.59
ORD-2024-00389,12/31/2024,2025-01-07,Standard Class,CUST-8899,Jennifer White,Home Office,Tucson,Arizona,West,Clothing,Pants,Pants - Model H240,1,39.64,0.1,35.68,13.69,26.63
ORD-2024-00390,08/27/2024,2024-09-02,Standard Class,CUST-8254,Sandra Martinez,Corporate,Philadelphia,Pennsylvania,East,Technology,Monitors,Monitors - Model E158,4,1292.41,0.3,3618.75,802.42,11.38
ORD-2022-00391,02/15/2022,2022-02-20,Second Class,CUST-6974,David Jones,Corporate,Stamford,Connecticut,East,Office Supplies,Labels,Labels - Model K730,5,84.9,0.0,424.5,58.03,44.05
ORD-2021-00392,03/28/2021,2021-04-04,Standard Class,CUST-9529,Sarah Davis,Corporate,Ann Arbor,Michigan,Central,Clothing,Pants,Pants - Model M288,1,187.78,0.0,187.78,55.05,28.63
ORD-2021-00393,10/19/2021,2021-10-19,Same Day,CUST-8899,Jennifer White,Corporate,Richmond,Virginia,South,Furniture,Tables,Tables - Model I836,3,529.53,0.3,1112.01,-30.25,36.41
ORD-2021-00394,11/27/2021,2021-12-02,Standard Class,CUST-8884,Thomas Jones,Corporate,Richmond,Virginia,South,Furniture,Storage,Storage - Model N999,12,126.1,0.0,1513.2,270.7,8.28
ORD-2022-00395,01/24/2022,2022-01-24,Same Day,CUST-8197,,Corporate,Las Vegas,Nevada,West,Furniture,Desks,Desks - Model H154,11,1199.55,0.0,13195.05,2286.31,121.21
ORD-2023-00396,09/29/2023,2023-10-06,Standard Class,CUST-1910,Sarah Thompson,Corporate,Minneapolis,Minnesota,Central,Office Supplies,Envelopes,Envelopes - Model O283,6,143.07,0.3,600.89,206.15,25.75
ORD-2022-00397,07/04/2022,2022-07-09,Standard Class,CUST-0472,Ava Moore,Home Office,New York City,New York,East,,Pants,Pants - Model J535,7,289.97,0.15,1725.32,434.46,6.07
ORD-2021-00398,06/22/2021,2021-06-26,Second Class,CUST-0827,Harper Wilson,Consumer,Stamford,Connecticut,East,Clothing,Shoes,Shoes - Model L923,8,165.34,0.2,1058.18,169.19,23.2
ORD-2022-00399,06/28/2022,2022-07-02,Standard Class,CUST-2447,Thomas Miller,Home Office,Mesa,Arizona,West,Technology,Phones,Phones - Model C468,1,1387.76,0.15,1179.6,105.37,17.8
ORD-2022-00400,09/12/2022,2022-09-12,Same Day,CUST-5233,Sandra Wilson,Home Office,Phoenix,Arizona,West,Office Supplies,Pens,Pens - Model M515,10,152.05,0.0,1520.5,403.24,66.52
ORD-2021-00401,11/02/2021,2021-11-09,Standard Class,CUST-4835,Lisa Smith,Consumer,Detroit,Michigan,Central,Office Supplies,Paper,Paper - Model K966,4,86.9,0.2,278.08,48.21,23.6
ORD-2024-00402,11/18/2024,2024-11-19,First Class,CUST-7963,Christopher Anderson,Home Office,Sacramento,California,West,Clothing,Shoes,Shoes - Model M881,12,273.43,0.15,2788.99,1073.15,29.24
ORD-2021-00403,03/07/2021,2021-03-08,First Class,CUST-7555,Sarah Harris,Home Office,Knoxville,Tennessee,South,Clothing,Shirts,Shirts - Model M292,8,63.23,0.25,379.38,-64.63,34.39
ORD-2021-00404,12/30/2021,2022-01-04,Standard Class,CUST-0551,Jessica Thomas,Consumer,Sacramento,California,West,Technology,Accessories,Accessories - Model B477,9,77.07,0.15,589.59,130.85,21.72
ORD-2021-00405,11/18/2021,2021-11-18,Same Day,CUST-4248,Sophia Williams,Corporate,Buffalo,New York,East,Office Supplies,Envelopes,Envelopes - Model P262,10,115.87,0.1,1042.83,318.71,65.3
ORD-2024-00406,11/03/2024,2024-11-08,Second Class,CUST-6974,David Jones,Consumer,Sacramento,California,West,Clothing,Shoes,Shoes - Model O689,1,371.27,0.1,334.14,136.5,46.11
ORD-2022-00407,12/12/2022,2022-12-19,Standard Class,CUST-5792,Jessica Garcia,Consumer,Savannah,Georgia,South,Furniture,Storage,Storage - Model D502,-12,1420.16,0.05,16189.82,2904.41,9.58
ORD-2024-00408,07/10/2024,2024-07-14,Standard Class,CUST-1809,Christopher Lewis,Home Office,San Antonio,Texas,Central,Technology,Monitors,Monitors - Model K519,8,453.86,0.05,3449.34,521.58,24.18
ORD-2021-00409,05/30/2021,2021-06-03,Standard Class,CUST-9924,Elizabeth Thompson,Corporate,Hartford,Connecticut,East,Furniture,Desks,Desks - Model O596,8,130.31,0.3,729.74,100.9,23.01
ORD-2023-00410,08/23/2023,2023-08-30,Standard Class,CUST-0675,James White,Consumer,San Francisco,California,West,Technology,Tablets,Tablets - Model E551,6,485.95,0.0,2915.7,666.35,27.55
ORD-2023-00411,06/25/2023,2023-06-28,Second Class,CUST-3708,Sandra Perez,Corporate,Aurora,Illinois,Central,,Phones,Phones - Model M885,4,2325.61,0.15,7907.07,1832.47,11.6
ORD-2021-00412,02/02/2021,2021-02-02,Same Day,CUST-5322,Jennifer Miller,Consumer,San Francisco,California,West,Furniture,Chairs,Chairs - Model N624,2,1228.97,0.15,2089.25,,27.75
ORD-2022-00413,03/01/2022,2022-03-06,Standard Class,CUST-2649,Ava Smith,Home Office,Seattle,Washington,West,Office Supplies,Paper,Paper - Model M317,8,45.58,0.1,328.18,107.47,19.71
ORD-2021-00414,05/18/2021,2021-05-23,Standard Class,CUST-6484,Harper Miller,Consumer,Rochester,New York,East,Office Supplies,Envelopes,Envelopes - Model E440,3,127.8,0.15,325.89,144.14,33.99
ORD-2021-00415,05/19/2021,2021-05-22,Second Class,CUST-4570,,Home Office,Springfield,Massachusetts,East,Technology,Tablets,Tablets - Model H855,7,1905.25,0.0,13336.75,826.67,19.98
ORD-2022-00416,08/31/2022,2022-09-03,Second Class,CUST-4965,John Moore,Consumer,Tucson,Arizona,West,Office Supplies,Paper,Paper - Model N763,5,150.61,0.05,715.4,283.6,17.9
ORD-2022-00417,05/12/2022,2022-05-17,Second Class,CUST-2488,Matthew Williams,Home Office,Dallas,Texas,Central,Furniture,Bookcases,Bookcases - Model A166,8,132.88,0.05,1009.89,29.67,49.62
ORD-2022-00418,11/23/2022,2022-11-30,Standard Class,CUST-2808,Jennifer Clark,Corporate,Dallas,Texas,Central,Office Supplies,Binders,Binders - Model G350,7,36.93,0.05,245.58,50.61,29.67
ORD-2024-00419,07/25/2024,2024-08-01,Standard Class,CUST-3232,William Sanchez,Consumer,Raleigh,North Carolina,South,Clothing,Pants,Pants - Model P120,7,219.42,0.0,1535.94,,46.23
ORD-2024-00420,05/03/2024,2024-05-10,Standard Class,CUST-6258,Betty Thompson,Corporate,Reno,Nevada,,Clothing,Shirts,Shirts - Model K239,12,239.94,0.0,2879.28,1487.01,2.2
ORD-2023-00421,10/23/2023,2023-10-30,Standard Class,CUST-2111,Charlotte Brown,Consumer,Durham,North Carolina,South,Technology,Accessories,Accessories - Model B227,7,2333.72,0.0,16336.04,1451.39,22.94
ORD-2022-00422,06/07/2022,2022-06-14,Standard Class,CUST-9456,Amelia Martin,Consumer,Trenton,New Jersey,East,Furniture,Tables,Tables - Model P135,6,957.5,0.0,5745.0,836.16,32.98
ORD-2022-00423,06/20/2022,2022-06-21,First Class,CUST-1060,,Consumer,Mesa,Arizona,West,Clothing,Shoes,Shoes - Model C630,4,439.24,0.0,1756.96,846.68,14.14
ORD-2022-00424,09/11/2022,2022-09-15,Standard Class,CUST-3900,Margaret Smith,Corporate,Trenton,New Jersey,,Office Supplies,Binders,Binders - Model I866,4,186.14,0.2,,205.29,2.31
ORD-2021-00425,12/11/2021,2021-12-17,Standard Class,CUST-0719,Linda Smith,Consumer,Ann Arbor,Michigan,Central,Furniture,Tables,Tables - Model L290,12,227.47,0.25,2047.23,108.01,23.63
ORD-2022-00426,03/12/2022,2022-03-12,Same Day,CUST-4964,Nancy Jackson,Corporate,Austin,Texas,Central,Technology,Laptops,Laptops - Model C400,2,975.43,0.1,1755.77,110.35,8.56
ORD-2022-00427,04/26/2022,2022-04-29,Second Class,CUST-7479,Joseph Gonzalez,Corporate,Portland,Oregon,West,Technology,Accessories,Accessories - Model I597,8,1904.43,0.2,12188.35,1429.82,34.73
ORD-2022-00428,12/04/2022,2022-12-10,Standard Class,CUST-2448,John Lewis,Home Office,Ann Arbor,Michigan,Central,Technology,Accessories,Accessories - Model M842,3,112.92,0.0,338.76,75.81,15.41
ORD-2024-00429,12/03/2024,2024-12-08,Standard Class,CUST-6776,Sophia Miller,Consumer,Ann Arbor,Michigan,Central,Office Supplies,Paper,Paper - Model L994,1,193.98,0.15,164.88,55.61,13.21
ORD-2023-00430,09/20/2023,2023-09-22,First Class,CUST-4140,Matthew Thomas,Corporate,Stamford,Connecticut,East,Office Supplies,Labels,Labels - Model G829,3,174.23,0.3,365.88,40.65,6.18
ORD-2024-00431,10/10/2024,2024-10-13,Second Class,CUST-3232,William Sanchez,Consumer,Buffalo,New York,East,Furniture,Chairs,Chairs - Model D545,12,72.96,0.15,744.19,,38.78
ORD-2022-00432,03/28/2022,2022-03-28,Same Day,CUST-4016,Sarah Hernandez,Consumer,Orlando,Florida,South,Office Supplies,Binders,Binders - Model C759,6,76.65,0.2,367.92,121.0,99.21
ORD-2023-00433,06/14/2023,2023-06-19,Standard Class,CUST-4860,Linda Davis,Consumer,Los Angeles,California,West,Office Supplies,Binders,Binders - Model K489,10,147.91,0.1,1331.19,161.95,27.71
ORD-2023-00434,03/06/2023,2023-03-10,Standard Class,CUST-7060,Richard Martinez,Corporate,Dallas,Texas,Central,Office Supplies,Binders,Binders - Model J957,4,100.97,0.25,302.91,-37.79,42.76
ORD-2024-00435,12/10/2024,2024-12-10,Same Day,CUST-7060,Richard Martinez,Consumer,Tampa,Florida,South,Clothing,Jackets,Jackets - Model M160,6,84.82,0.05,483.47,236.53,117.13
ORD-2022-00436,04/06/2022,2022-04-11,Standard Class,CUST-2763,Linda Robinson,Home Office,Ann Arbor,Michigan,Central,Clothing,Jackets,Jackets - Model N794,8,495.25,0.2,3169.6,971.25,27.34
ORD-2022-00437,08/03/2022,2022-08-07,Standard Class,CUST-8899,Jennifer White,Corporate,New York City,New York,East,Clothing,Pants,Pants - Model E552,12,246.4,0.0,2956.8,691.61,40.61
ORD-2022-00438,02/05/2022,2022-02-12,Standard Class,CUST-5336,Isabella Williams,Consumer,Orlando,Florida,South,Technology,Phones,Phones - Model L585,3,2365.4,0.0,7096.2,1746.06,33.2
ORD-2024-00439,04/30/2024,2024-05-07,Standard Class,CUST-6131,Linda Perez,Corporate,New York City,New York,East,Furniture,Bookcases,Bookcases - Model C896,8,1301.4,0.2,8328.96,579.19,33.35
ORD-2023-00440,11/23/2023,2023-11-30,Standard Class,CUST-2106,John Martin,Consumer,Minneapolis,Minnesota,Central,,Monitors,Monitors - Model F493,8,2499.89,0.2,15999.3,1754.69,8.01
ORD-2022-00441,11/29/2022,2022-12-02,First Class,CUST-4456,Michael White,Corporate,Mesa,Arizona,West,Technology,Laptops,Laptops - Model D285,10,1753.28,0.0,17532.8,2821.81,40.42
ORD-2021-00442,11/09/2021,2021-11-09,Same Day,CUST-0076,Jessica Clark,Consumer,New York City,New York,East,Furniture,Bookcases,Bookcases - Model A354,5,97.86,0.3,342.51,-42.2,21.78
ORD-2023-00443,10/02/2023,2023-10-06,Standard Class,CUST-2406,Christopher Wilson,Home Office,Knoxville,Tennessee,South,Furniture,Chairs,Chairs - Model G245,5,1288.45,0.05,6120.14,1177.12,30.9
ORD-2022-00444,03/19/2022,2022-03-26,Standard Class,CUST-3673,Richard Miller,Consumer,Naperville,Illinois,Central,Clothing,Shoes,Shoes - Model C360,11,218.42,0.0,2402.62,875.42,5.39
ORD-2022-00445,07/06/2022,2022-07-11,Standard Class,CUST-6836,Mia Anderson,Consumer,Springfield,Massachusetts,East,Clothing,Shirts,Shirts - Model H179,5,71.06,0.0,355.3,150.5,21.53
ORD-2022-00446,11/06/2022,2022-11-10,Standard Class,CUST-7137,Thomas Gonzalez,Home Office,Dallas,Texas,Central,Clothing,Shirts,Shirts - Model D279,9,366.88,0.1,2971.73,1145.69,40.73
ORD-2021-00447,07/15/2021,2021-07-17,First Class,CUST-3851,Charles Miller,Home Office,Boston,Massachusetts,East,Furniture,Desks,Desks - Model M588,10,217.53,0.0,2175.3,312.37,36.23
ORD-2024-00448,12/08/2024,2024-12-10,First Class,CUST-8312,Betty Moore,Corporate,Salem,Oregon,West,Furniture,Bookcases,Bookcases - Model L917,8,768.28,0.1,5531.62,1059.14,26.99
ORD-2022-00449,04/14/2022,2022-04-19,Second Class,CUST-5792,Jessica Garcia,Home Office,Newark,New Jersey,East,Technology,Laptops,Laptops - Model B186,12,750.33,0.25,6752.97,-1377.77,34.5
ORD-2021-00450,10/07/2021,2021-10-11,Standard Class,CUST-9611,Amelia Rodriguez,Corporate,Rochester,Minnesota,Central,Technology,Accessories,Accessories - Model L350,12,1669.88,0.3,14026.99,-1609.11,10.09
ORD-2023-00451,12/09/2023,2023-12-09,Same Day,CUST-9501,Nancy Harris,Consumer,Memphis,Tennessee,South,Furniture,Desks,Desks - Model D446,11,397.15,0.3,,529.47,39.81
ORD-2023-00452,09/17/2023,2023-09-17,Same Day,CUST-9544,Isabella Harris,Consumer,Detroit,Michigan,Central,Clothing,Shirts,Shirts - Model L106,10,235.57,0.1,2120.13,618.14,5.62
ORD-2022-00453,01/17/2022,2022-01-22,Standard Class,CUST-5336,Isabella Williams,Consumer,Rochester,New York,East,Clothing,Shirts,Shirts - Model E887,11,132.57,0.25,1093.7,-202.16,10.74
ORD-2022-00454,12/06/2022,2022-12-12,Standard Class,CUST-5684,Ava Thomas,Home Office,Salem,Oregon,West,Technology,Laptops,Laptops - Model J141,3,1016.64,0.15,2592.43,596.78,9.7
ORD-2022-00455,02/12/2022,2022-02-14,First Class,CUST-4016,Sarah Hernandez,Home Office,Reno,Nevada,West,Clothing,Pants,Pants - Model D210,1,71.8,0.15,61.03,21.36,38.83
ORD-2022-00456,12/30/2022,2023-01-06,Standard Class,CUST-2380,Thomas Garcia,Home Office,Grand Rapids,Michigan,Central,Furniture,Storage,Storage - Model E846,9,304.68,0.1,2467.91,389.96,43.48
ORD-2024-00457,12/06/2024,2024-12-09,Second Class,CUST-2380,Thomas Garcia,Consumer,Naperville,Illinois,Central,Furniture,Tables,Tables - Model D235,7,86.4,0.05,574.56,107.58,22.46
ORD-2024-00458,06/16/2024,2024-06-23,Standard Class,CUST-2763,Linda Robinson,Consumer,Philadelphia,Pennsylvania,East,Clothing,Shirts,Shirts - Model J212,5,188.15,0.15,799.64,347.55,13.85
ORD-2021-00459,04/08/2021,2021-04-12,Standard Class,CUST-0719,Linda Smith,Consumer,Austin,Texas,Central,Office Supplies,Envelopes,Envelopes - Model L442,5,24.08,0.0,120.4,40.82,38.98
ORD-2021-00460,09/24/2021,2021-09-30,Standard Class,CUST-7137,Thomas Gonzalez,Corporate,Worcester,Massachusetts,East,Clothing,Shirts,Shirts - Model D233,11,373.87,0.0,4112.57,684.4,48.48
ORD-2024-00461,09/02/2024,2024-09-09,Standard Class,CUST-0988,Charlotte Williams,Corporate,Tampa,Florida,South,Furniture,Chairs,Chairs - Model E296,7,839.23,0.1,5287.15,954.25,38.45
ORD-2024-00462,02/22/2024,2024-02-26,Standard Class,CUST-8774,Karen Anderson,Consumer,Detroit,Michigan,Central,Office Supplies,Binders,Binders - Model J146,10,14.04,0.05,133.38,47.92,21.08
ORD-2024-00463,11/03/2024,2024-11-07,Second Class,CUST-2380,Thomas Garcia,Home Office,Tucson,Arizona,West,Office Supplies,Binders,Binders - Model F103,3,115.24,0.0,345.72,,39.95
ORD-2023-00464,07/22/2023,2023-07-26,Standard Class,CUST-7596,Harper Taylor,Consumer,Norfolk,Virginia,South,Technology,Monitors,Monitors - Model H398,1,1617.06,0.1,1455.35,342.66,14.98
ORD-2021-00465,04/16/2021,2021-04-20,Second Class,CUST-6776,Sophia Miller,Home Office,Los Angeles,California,West,Office Supplies,Binders,Binders - Model N726,5,66.28,0.0,331.4,105.74,2.5
ORD-2022-00466,12/30/2022,2022-12-30,Same Day,CUST-5088,Isabella Anderson,Consumer,Knoxville,Tennessee,South,Clothing,Jackets,Jackets - Model G936,8,118.11,0.1,850.39,196.92,80.58
ORD-2023-00467,03/21/2023,2023-03-26,Standard Class,CUST-4248,Joseph Jackson,Corporate,Pittsburgh,Pennsylvania,East,Furniture,Tables,Tables - Model P846,3,981.92,0.0,2945.76,223.37,44.49
ORD-2023-00468,03/19/2023,2023-03-19,Same Day,CUST-1816,Karen Davis,Consumer,Spokane,Washington,West,Furniture,Chairs,Chairs - Model D486,7,60.45,0.0,423.15,66.61,82.34
ORD-2021-00469,11/30/2021,2021-11-30,Same Day,CUST-7508,Patricia Perez,Consumer,Chicago,Illinois,Central,Office Supplies,Paper,Paper - Model G242,8,152.42,0.25,914.52,-223.9,34.26
ORD-2024-00470,01/19/2024,2024-01-23,Standard Class,CUST-1193,Patricia Moore,Corporate,Los Angeles,California,West,Furniture,Chairs,Chairs - Model H124,4,657.89,0.0,2631.56,219.99,15.77
ORD-2024-00471,11/02/2024,2024-11-02,Same Day,CUST-3766,Sandra Jones,Consumer,Atlanta,Georgia,South,Office Supplies,Paper,Paper - Model L186,1,121.69,0.0,121.69,30.42,45.18
ORD-2022-00472,01/07/2022,2022-01-11,Standard Class,CUST-6131,Linda Perez,Home Office,Saint Paul,Minnesota,Central,Office Supplies,Pens,Pens - Model C907,1,172.62,0.0,172.62,64.25,9.04
ORD-2021-00473,10/30/2021,2021-11-05,Standard Class,CUST-1384,Anthony Sanchez,Corporate,Reno,Nevada,West,Clothing,Jackets,Jackets - Model K606,7,245.83,0.2,1376.65,537.85,32.56
ORD-2021-00474,10/11/2021,2021-10-18,Standard Class,CUST-0076,Jessica Clark,Home Office,Worcester,Massachusetts,East,Furniture,Bookcases,Bookcases - Model C694,12,650.11,0.05,7411.25,1086.17,13.29
ORD-2021-00475,01/06/2021,2021-01-12,Standard Class,CUST-9300,Joseph Taylor,Consumer,Philadelphia,Pennsylvania,East,Office Supplies,Envelopes,Envelopes - Model E955,9,194.42,0.2,1399.82,258.79,41.74
ORD-2021-00476,04/25/2021,2021-05-02,Standard Class,CUST-6160,Mia Moore,Home Office,Ann Arbor,Michigan,Central,Technology,Monitors,Monitors - Model C588,10,2182.67,0.0,21826.7,1732.55,8.78
ORD-2022-00477,12/17/2022,2022-12-23,Standard Class,CUST-6131,Linda Perez,Corporate,Allentown,Pennsylvania,East,Office Supplies,Envelopes,Envelopes - Model A393,2,32.87,0.0,65.74,20.48,10.33
ORD-2021-00478,11/25/2021,2021-11-26,First Class,CUST-0197,Sarah Johnson,Corporate,Knoxville,Tennessee,South,Clothing,Pants,Pants - Model I194,9,195.0,0.0,1755.0,784.93,21.22
ORD-2021-00479,04/25/2021,2021-04-27,First Class,CUST-3131,Mary Brown,Corporate,Nashville,Tennessee,South,Clothing,Shoes,Shoes - Model F155,6,326.86,0.05,1863.1,480.62,7.01
ORD-2023-00480,01/13/2023,2023-01-17,Standard Class,CUST-4574,Patricia Taylor,Consumer,Phoenix,Arizona,West,Furniture,Chairs,Chairs - Model H375,2,1465.69,0.0,2931.38,356.08,39.93
ORD-2021-00481,11/04/2021,2021-11-10,Standard Class,CUST-9484,Matthew Rodriguez,Consumer,Jersey City,New Jersey,East,Office Supplies,Binders,Binders - Model D439,7,179.51,0.3,,119.05,9.21
ORD-2024-00482,04/17/2024,2024-04-24,Standard Class,CUST-1384,Anthony Sanchez,Corporate,Richmond,Virginia,South,Technology,Laptops,Laptops - Model G926,11,1652.84,0.0,,4521.37,26.08
ORD-2024-00483,05/31/2024,2024-06-03,Second Class,CUST-7302,Harper Williams,Consumer,Eugene,Oregon,West,Clothing,Pants,Pants - Model G725,10,46.75,0.0,467.5,176.14,49.73
ORD-2021-00484,07/19/2021,2021-07-25,Standard Class,CUST-2971,Sandra Taylor,Corporate,Sacramento,California,West,Furniture,Chairs,Chairs - Model I690,6,549.45,0.0,3296.7,172.26,39.05
ORD-2022-00485,06/13/2022,2022-06-13,Same Day,CUST-4919,Emily Sanchez,Corporate,Philadelphia,Pennsylvania,East,Office Supplies,Envelopes,Envelopes - Model N977,10,183.59,0.0,1835.9,466.85,66.5
ORD-2024-00486,07/03/2024,2024-07-06,First Class,CUST-2111,Charlotte Brown,Consumer,New Haven,Connecticut,East,Technology,Laptops,Laptops - Model A258,2,762.12,0.0,1524.24,250.02,42.98
ORD-2022-00487,04/02/2022,2022-04-09,Standard Class,CUST-6019,Anthony Martin,Corporate,Stamford,Connecticut,East,Furniture,Chairs,Chairs - Model M886,7,323.22,0.15,1923.16,60.78,18.44
ORD-2024-00488,05/22/2024,2024-05-22,Same Day,CUST-5383,Lisa Sanchez,Consumer,Boston,Massachusetts,East,Office Supplies,Labels,Labels - Model B715,7,14.36,0.15,85.44,32.15,122.43
ORD-2022-00489,11/14/2022,2022-11-21,Standard Class,CUST-0197,Sarah Johnson,Consumer,Chicago,Illinois,Central,Clothing,Shoes,Shoes - Model G785,5,100.2,0.0,501.0,93.68,45.28
ORD-2022-00490,12/02/2022,2022-12-07,Standard Class,CUST-5792,Jessica Garcia,Consumer,New Haven,Connecticut,East,Office Supplies,Labels,Labels - Model M942,1,113.06,0.05,107.41,13.67,34.06
ORD-2024-00491,12/16/2024,2024-12-18,First Class,CUST-5322,Jennifer Miller,Consumer,Pittsburgh,Pennsylvania,East,Office Supplies,Labels,Labels - Model A561,3,127.59,0.0,382.77,43.17,37.79
ORD-2022-00492,01/20/2022,2022-01-25,  Standard Class  ,CUST-6437,Linda White,Corporate,Austin,Texas,Central,Technology,Tablets,Tablets - Model L116,5,2246.8,0.3,7863.8,-1091.86,49.95
ORD-2023-00493,04/28/2023,2023-04-28,Same Day,CUST-4920,Jennifer Wilson,Corporate,Newark,New Jersey,East,Furniture,Storage,Storage - Model F655,7,590.9,0.2,3309.04,443.87,89.25
ORD-2021-00494,07/23/2021,2021-07-27,Standard Class,CUST-5322,Susan Robinson,Consumer,Las Vegas,Nevada,West,Technology,Tablets,Tablets - Model N316,4,1953.36,0.3,5469.41,-434.01,7.97
ORD-2023-00495,08/09/2023,2023-08-12,First Class,CUST-6836,Mia Anderson,Corporate,Aurora,Illinois,Central,Office Supplies,Pens,Pens - Model N789,4,2.82,0.2,9.02,1.01,3.26
ORD-2023-00496,02/06/2023,2023-02-06,Same Day,CUST-0827,Harper Wilson,Corporate,Newark,New Jersey,East,Clothing,Pants,Pants - Model M948,1,402.65,0.2,322.12,64.92,81.35
ORD-2021-00497,12/22/2021,2021-12-25,First Class,CUST-7673,Sophia Jones,Consumer,Rochester,New York,East,Clothing,Jackets,Jackets - Model F430,4,55.69,0.0,222.76,72.39,32.19
ORD-2024-00498,04/30/2024,2024-05-05,Standard Class,CUST-3761,James Lewis,Corporate,Jacksonville,Florida,south,Office Supplies,Binders,Binders - Model H768,4,60.79,0.3,170.21,67.09,40.74
ORD-2023-00499,02/14/2023,2023-02-18,Standard Class,CUST-0811,Jessica Rodriguez,Consumer,Tacoma,Washington,West,Technology,Phones,Phones - Model E389,5,2241.78,0.0,,733.92,42.54
ORD-2022-00500,03/02/2022,2022-03-09,Standard Class,CUST-7994,Sandra Lopez,Corporate,Stamford,Connecticut,East,Clothing,Pants,Pants - Model F405,1,452.78,0.0,452.78,89.14,18.45
ORD-2022-00501,12/12/2022,2022-12-16,Standard Class,CUST-4522,Betty Davis,Corporate,Mesa,Arizona,West,Technology,Monitors,Monitors - Model A630,9,1914.35,0.05,16367.69,3656.13,7.51
ORD-2022-00502,11/21/2022,2022-11-26,Standard Class,CUST-7257,Nancy Anderson,Consumer,Austin,Texas,Central,Office Supplies,Envelopes,Envelopes - Model P546,9,189.38,0.05,1619.2,303.65,11.5
ORD-2022-00503,07/30/2022,2022-08-01,First Class,CUST-1300,Sarah Williams,Corporate,Columbus,Ohio,Central,Clothing,Accessories,Accessories - Model I935,6,315.23,0.2,1513.1,486.8,29.22
ORD-2023-00504,02/05/2023,2023-02-10,Second Class,CUST-1661,John Johnson,Consumer,Memphis,Tennessee,South,Office Supplies,Envelopes,Envelopes - Model A217,3,162.19,0.2,389.26,146.68,19.17
ORD-2021-00505,05/29/2021,2021-06-02,Standard Class,CUST-6986,Sandra Martin,Consumer,Chicago,Illinois,Central,Furniture,Bookcases,Bookcases - Model K338,9,127.37,0.1,1031.7,132.39,27.31
ORD-2021-00506,07/30/2021,2021-08-01,First Class,CUST-4570,Anthony Lewis,Home Office,Naperville,Illinois,Central,Office Supplies,Pens,Pens - Model G301,1,160.94,0.25,120.7,-5.39,23.73
ORD-2024-00507,05/16/2024,2024-05-16,Same Day,CUST-2448,John Lewis,Consumer,Los Angeles,California,West,Technology,Monitors,Monitors - Model B445,11,89.87,0.25,741.43,51.18,91.79
ORD-2022-00508,07/17/2022,2022-07-21,Second Class,CUST-4229,Charlotte Davis,Consumer,Jersey City,New Jersey,East,Clothing,Shoes,Shoes - Model D963,6,469.47,0.0,2816.82,455.52,4.3
ORD-2021-00509,12/22/2021,2021-12-22,Same Day,CUST-2448,John Lewis,Consumer,Salem,Oregon,West,Technology,Phones,Phones - Model J176,5,856.86,0.2,3427.44,,25.44
ORD-2021-00510,10/10/2021,2021-10-15,Second Class,CUST-8252,Thomas White,Consumer,Memphis,Tennessee,South,Furniture,Storage,Storage - Model P777,8,1465.23,0.15,9963.56,1584.96,25.17
ORD-2021-00511,07/08/2021,2021-07-13,Second Class,CUST-6660,James Williams,Corporate,Allentown,Pennsylvania,East,Technology,Accessories,Accessories - Model B317,1,1692.72,0.25,1269.54,-101.24,12.02
ORD-2024-00512,04/24/2024,2024-04-29,Standard Class,CUST-9611,Amelia Rodriguez,Home Office,Cincinnati,Ohio,Central,,Tables,Tables - Model L494,8,1305.75,0.3,7312.2,413.46,5.29
ORD-2023-00513,05/17/2023,2023-05-21,Standard Class,CUST-2131,Matthew Smith,Home Office,New York City,New York,East,Furniture,Chairs,Chairs - Model O291,5,72.02,0.3,252.07,-24.27,6.04
ORD-2023-00514,06/03/2023,2023-06-07,Standard Class,CUST-9635,Mia Martinez,Consumer,Buffalo,New York,East,Clothing,Shoes,Shoes - Model G401,4,207.32,0.1,746.35,270.05,25.69
ORD-2023-00515,11/07/2023,2023-11-08,First Class,CUST-6836,Mia Anderson,Consumer,Los Angeles,California,West,Technology,Tablets,Tablets - Model H735,12,1803.77,0.2,17316.19,2226.47,12.55
ORD-2024-00516,11/17/2024,2024-11-20,Second Class,CUST-9788,William Rodriguez,Consumer,Salem,Oregon,West,Clothing,Jackets,Jackets - Model H274,6,343.91,0.0,2063.46,464.15,45.19
ORD-2021-00517,10/18/2021,2021-10-19,First Class,CUST-1809,Christopher Lewis,Consumer,Pittsburgh,Pennsylvania,East,Office Supplies,Envelopes,Envelopes - Model A600,4,95.57,0.0,382.28,147.8,29.23
ORD-2022-00518,08/19/2022,2022-08-25,Standard Class,CUST-7596,Harper Taylor,Consumer,Chicago,Illinois,Central,Office Supplies,Labels,Labels - Model I779,8,52.2,0.25,313.2,-26.15,44.79
ORD-2024-00519,09/21/2024,2024-09-25,Second Class,CUST-1816,,Consumer,Mesa,Arizona,West,Furniture,Desks,Desks - Model P131,4,879.05,0.2,2812.96,238.25,37.73
ORD-2022-00520,02/01/2022,2022-02-01,Same Day,CUST-8197,Susan Taylor,Corporate,Memphis,Tennessee,South,Office Supplies,Pens,Pens - Model M703,7,189.16,0.1,1191.71,248.19,9.93
ORD-2023-00521,12/02/2023,2023-12-06,Standard Class,CUST-4140,Matthew Thomas,Consumer,Saint Paul,Minnesota,Central,Furniture,Bookcases,Bookcases - Model E635,5,946.98,0.0,4734.9,353.49,15.84
ORD-2022-00522,11/27/2022,2022-12-04,Standard Class,CUST-0710,Karen Gonzalez,Consumer,Buffalo,New York,East,Technology,Phones,Phones - Model I241,6,2202.87,0.3,9252.05,1693.73,9.44
ORD-2021-00523,06/26/2021,2021-06-30,Standard Class,CUST-2971,Sandra Taylor,Home Office,Phoenix,Arizona,West,Furniture,Bookcases,Bookcases - Model N508,2,1342.76,0.1,2416.97,,10.32
ORD-2023-00524,06/12/2023,2023-06-17,Standard Class,CUST-9644,Amelia White,Corporate,Spokane,Washington,West,Technology,Tablets,Tablets - Model O658,3,971.12,0.2,2330.69,161.3,27.28
ORD-2024-00525,11/22/2024,2024-11-26,Standard Class,CUST-2447,Thomas Miller,Consumer,New Haven,Connecticut,East,Furniture,Storage,Storage - Model J905,4,883.07,0.15,3002.44,128.83,28.08
ORD-2024-00526,03/04/2024,2024-03-11,Standard Class,CUST-2488,Matthew Williams,Corporate,Stamford,Connecticut,East,Technology,Tablets,Tablets - Model D441,10,288.63,0.1,2597.67,423.65,35.15
ORD-2021-00527,11/05/2021,2021-11-10,Standard Class,CUST-4217,Emily Moore,Consumer,Hartford,Connecticut,East,Office Supplies,Paper,Paper - Model P738,12,41.74,0.0,500.88,50.09,30.98
ORD-2021-00528,09/05/2021,2021-09-09,Standard Class,CUST-4039,Sarah Perez,Consumer,Worcester,Massachusetts,East,,Pants,Pants - Model H961,9,137.53,0.25,928.33,458.34,22.75
ORD-2024-00529,11/26/2024,2024-12-02,Standard Class,CUST-5684,Ava Thomas,Consumer,Boston,Massachusetts,East,Technology,Monitors,Monitors - Model P476,11,724.19,0.2,6372.87,1207.85,7.15
ORD-2023-00530,05/04/2023,2023-05-10,Standard Class,CUST-0561,James Perez,Consumer,Worcester,Massachusetts,East,Clothing,Shirts,Shirts - Model L242,8,442.39,0.25,2654.34,692.15,19.17
ORD-2023-00531,10/28/2023,2023-11-01,Second Class,CUST-7596,Harper Taylor,Consumer,Spokane,Washington,West,Furniture,Desks,Desks - Model J503,2,1376.76,0.25,2065.14,181.27,33.63
ORD-2024-00532,03/25/2024,2024-03-31,Standard Class,CUST-2377,Olivia Gonzalez,Corporate,Allentown,Pennsylvania,East,Clothing,Shirts,Shirts - Model B130,12,88.0,0.0,1056.0,439.41,25.97
ORD-2024-00533,10/23/2024,2024-10-25,First Class,CUST-4248,Joseph Jackson,Home Office,Houston,Texas,Central,Clothing,Shirts,Shirts - Model B726,5,66.09,0.0,330.45,107.93,19.97
ORD-2024-00534,07/16/2024,2024-07-16,Same Day,CUST-9501,Nancy Harris,Consumer,Detroit,Michigan,  Central  ,Clothing,Shoes,Shoes - Model J330,4,373.66,0.2,1195.71,568.6,102.04
ORD-2022-00535,11/29/2022,2022-12-02,First Class,CUST-5619,,Home Office,San Francisco,California,West,Technology,Tablets,Tablets - Model F798,12,2396.47,0.3,20130.35,3004.15,29.38
ORD-2023-00536,08/29/2023,2023-09-05,Standard Class,CUST-2984,Ava Hernandez,Corporate,Philadelphia,Pennsylvania,East,Technology,Laptops,Laptops - Model J203,2,1271.84,0.0,2543.68,433.18,17.88
ORD-2022-00537,04/04/2022,2022-04-05,First Class,CUST-1201,Mia Brown,Home Office,Portland,Oregon,West,Furniture,Storage,Storage - Model J508,10,113.27,0.0,1132.7,141.47,46.97
ORD-2022-00538,06/23/2022,2022-06-29,Standard Class,CUST-4874,Margaret Hernandez,Consumer,Portland,Oregon,West,Furniture,Bookcases,Bookcases - Model C924,10,1359.36,0.0,13593.6,1118.1,5.4
ORD-2023-00539,05/03/2023,2023-05-07,Standard Class,CUST-4140,Matthew Thomas,Home Office,Charlotte,North Carolina,South,Clothing,Accessories,Accessories - Model H765,6,221.44,0.1,1195.78,553.19,44.07
ORD-2022-00540,11/12/2022,2022-11-14,First Class,CUST-9611,Amelia Rodriguez,Corporate,Rochester,Minnesota,Central,,Accessories,Accessories - Model M812,3,1102.81,0.2,,423.24,7.55
ORD-2021-00541,08/30/2021,2021-09-03,Standard Class,CUST-0941,Christopher Robinson,Consumer,New York City,New York,East,Technology,Phones,Phones - Model H932,1,237.7,0.0,237.7,32.73,15.56
ORD-2022-00542,10/06/2022,2022-10-10,Standard Class,CUST-7555,Sarah Harris,Home Office,Augusta,Georgia,South,Technology,Tablets,Tablets - Model G606,12,1851.29,0.15,18883.16,4334.21,43.22
ORD-2023-00543,06/28/2023,2023-07-01,First Class,CUST-8774,Karen Anderson,Corporate,Tacoma,Washington,West,Technology,Phones,Phones - Model L520,12,2378.88,0.25,21409.92,-898.32,48.85
ORD-2022-00544,04/18/2022,2022-04-18,Same Day,CUST-6258,Betty Thompson,Consumer,Philadelphia,Pennsylvania,East,Technology,Phones,Phones - Model P956,1,712.23,0.2,569.78,62.72,120.81
ORD-2021-00545,05/03/2021,2021-05-08,Standard Class,CUST-6157,Charlotte Miller,Consumer,Reno,Nevada,West,Furniture,Bookcases,Bookcases - Model B776,5,76.02,0.15,323.08,60.97,45.68
ORD-2022-00546,11/20/2022,2022-11-24,Second Class,CUST-0708,Margaret Lopez,Corporate,Buffalo,New York,East,Technology,Phones,Phones - Model M838,11,754.18,0.3,5807.19,828.69,29.28
ORD-2023-00547,11/29/2023,2023-11-29,Same Day,CUST-0697,Daniel Lewis,Consumer,Atlanta,Georgia,South,Technology,Laptops,Laptops - Model J445,10,1016.77,0.1,9150.93,1119.52,84.11
ORD-2024-00548,08/30/2024,2024-08-31,First Class,CUST-4570,Anthony Lewis,Consumer,Eugene,Oregon,West,Clothing,Shirts,Shirts - Model O137,6,245.3,0.3,1030.26,-233.85,15.27
ORD-2024-00549,06/03/2024,2024-06-06,First Class,CUST-1661,John Johnson,Consumer,Eugene,Oregon,West,Furniture,Tables,Tables - Model B338,2,992.26,0.0,1984.52,284.18,43.31
ORD-2024-00550,04/02/2024,2024-04-08,Standard Class,CUST-6258,Betty Thompson,Corporate,Eugene,Oregon,West,Technology,Monitors,Monitors - Model H458,2,239.82,0.25,359.73,-11.57,29.38
ORD-2024-00551,10/26/2024,2024-10-30,Second Class,CUST-8733,Mark Martin,Consumer,San Diego,California,West,Office Supplies,Envelopes,Envelopes - Model J736,1,33.74,0.0,33.74,6.81,9.2
ORD-2024-00552,11/25/2024,2024-11-29,Second Class,CUST-3316,Margaret Thompson,Consumer,Rochester,Minnesota,Central,Technology,Laptops,Laptops - Model M880,11,242.19,0.0,2664.09,643.98,49.63
ORD-2024-00553,03/03/2024,2024-03-07,Standard Class,CUST-9456,Amelia Martin,Corporate,Rochester,Minnesota,Central,Clothing,Jackets,Jackets - Model I299,10,153.6,0.05,1459.2,410.73,40.35
ORD-2023-00554,01/12/2023,2023-01-16,Second Class,CUST-0669,Mia Perez,Corporate,Spokane,Washington,West,Office Supplies,Labels,Labels - Model C470,11,97.86,0.05,1022.64,262.96,22.1
ORD-2024-00555,03/12/2024,2024-03-16,Second Class,CUST-2086,Nancy Davis,Home Office,Las Vegas,Nevada,West,Technology,Phones,Phones - Model N531,9,2458.96,0.25,16597.98,2929.97,45.19
ORD-2023-00556,11/19/2023,2023-11-23,Standard Class,CUST-5551,Patricia Williams,Consumer,Stamford,Connecticut,East,Furniture,Chairs,Chairs - Model E627,9,1380.38,0.2,9938.74,832.73,21.31
ORD-2024-00557,02/15/2024,2024-02-20,Second Class,CUST-4945,Isabella Clark,Consumer,Norfolk,Virginia,South,Technology,Tablets,Tablets - Model O518,11,1151.9,0.2,10136.72,1093.33,24.9
ORD-2021-00558,10/03/2021,2021-10-06,First Class,CUST-5577,Olivia Perez,Home Office,Orlando,Florida,South,Clothing,Shoes,Shoes - Model K549,3,259.25,0.1,699.98,369.52,6.65
ORD-2022-00559,09/01/2022,2022-09-03,First Class,CUST-3359,Robert White,Corporate,Knoxville,Tennessee,South,Clothing,Jackets,Jackets - Model F246,1,408.85,0.05,388.41,125.15,15.36
ORD-2024-00560,06/14/2024,2024-06-19,Standard Class,CUST-4229,Charlotte Davis,Consumer,Eugene,Oregon,West,Technology,Laptops,Laptops - Model I244,2,556.77,0.3,779.48,-145.96,48.07
ORD-2024-00561,01/11/2024,2024-01-18,Standard Class,CUST-8899,Jennifer White,Consumer,Tampa,Florida,South,Furniture,Bookcases,Bookcases - Model J212,12,1068.29,0.0,12819.48,1281.86,22.75
ORD-2022-00562,11/23/2022,2022-11-28,Second Class,CUST-3673,Richard Miller,Corporate,Portland,Oregon,West,Office Supplies,Binders,Binders - Model K382,8,126.86,0.3,710.42,-186.13,44.83
ORD-2021-00563,03/20/2021,2021-03-27,Standard Class,CUST-6035,Daniel White,Consumer,Miami,Florida,South,Furniture,Desks,Desks - Model P255,8,1226.39,0.25,7358.34,-476.16,47.64
ORD-2022-00564,11/15/2022,2022-11-21,Standard Class,CUST-7994,Sandra Lopez,Corporate,Seattle,Washington,West,Furniture,Desks,Desks - Model P643,11,1432.87,0.1,14185.41,2430.31,44.0
ORD-2024-00565,09/30/2024,2024-10-04,Standard Class,CUST-5619,Jessica Robinson,Consumer,New Haven,Connecticut,East,  Clothing  ,Jackets,Jackets - Model H778,7,66.75,0.25,350.44,186.62,18.68
ORD-2023-00566,03/27/2023,2023-03-31,Second Class,CUST-1630,Michael Gonzalez,Home Office,Memphis,Tennessee,South,Furniture,Bookcases,Bookcases - Model B675,-6,414.56,0.15,2114.26,198.79,40.83
ORD-2023-00567,05/21/2023,2023-05-23,First Class,CUST-2488,Matthew Williams,Consumer,Cincinnati,Ohio,Central,Furniture,Storage,Storage - Model F648,4,1175.94,0.0,4703.76,896.62,31.44
ORD-2022-00568,11/07/2022,2022-11-10,First Class,CUST-0230,Margaret Williams,Consumer,Detroit,Michigan,Central,Technology,Phones,Phones - Model G470,9,536.18,0.0,4825.62,1050.2,20.99
ORD-2022-00569,04/15/2022,2022-04-18,Second Class,CUST-0675,James White,Home Office,Allentown,Pennsylvania,East,Technology,Monitors,Monitors - Model M910,8,153.6,0.1,1105.92,121.98,13.04
ORD-2024-00570,11/10/2024,2024-11-16,Standard Class,CUST-2361,Betty White,Corporate,Ann Arbor,Michigan,,Technology,Monitors,Monitors - Model N120,1,1869.5,0.3,1308.65,-182.38,40.05
ORD-2022-00571,02/02/2022,2022-02-07,Standard Class,CUST-8254,Sandra Martinez,Corporate,Buffalo,New York,East,Clothing,Shoes,Shoes - Model J539,2,118.9,0.2,190.24,71.23,25.2
ORD-2024-00572,12/10/2024,2024-12-11,First Class,CUST-2808,Olivia Davis,Consumer,Raleigh,North Carolina,South,Technology,Accessories,Accessories - Model H557,6,1218.18,0.0,,1305.14,17.96
ORD-2024-00573,07/14/2024,2024-07-21,Standard Class,CUST-3369,Christopher Clark,Corporate,Las Vegas,Nevada,West,Furniture,Chairs,Chairs - Model P358,7,487.84,0.15,2902.65,493.97,3.75
ORD-2024-00574,11/12/2024,2024-11-15,First Class,CUST-8511,Mia Jones,Home Office,Tacoma,Washington,West,Furniture,Desks,Desks - Model O825,8,786.21,0.0,6289.68,1168.76,22.43
ORD-2021-00575,06/08/2021,2021-06-12,Standard Class,CUST-2018,Robert Smith,Consumer,Dallas,Texas,Central,Clothing,Pants,Pants - Model P243,12,438.37,0.2,4208.35,1303.59,16.24
ORD-2023-00576,06/11/2023,2023-06-15,Second Class,CUST-6971,Susan Williams,Consumer,Trenton,New Jersey,East,,Storage,Storage - Model L631,10,399.32,0.25,2994.9,-142.7,49.82
ORD-2021-00577,10/05/2021,2021-10-09,Standard Class,CUST-0435,Barbara White,Consumer,Pittsburgh,Pennsylvania,East,Furniture,Tables,Tables - Model D650,8,516.62,0.0,4132.96,547.6,30.53
ORD-2021-00578,05/17/2021,2021-05-24,Standard Class,CUST-8156,Anthony Perez,Home Office,New York City,New York,East,Office Supplies,Pens,Pens - Model M360,9,109.12,0.05,932.98,118.6,9.32
ORD-2022-00579,03/20/2022,2022-03-24,Second Class,CUST-0708,Margaret Lopez,Corporate,Mesa,Arizona,West,Office Supplies,Labels,Labels - Model P314,3,2.53,0.05,7.21,3.22,6.38
ORD-2024-00580,11/13/2024,2024-11-20,Standard Class,CUST-5383,Lisa Sanchez,Home Office,New York City,New York,East,Clothing,Jackets,Jackets - Model J612,2,127.98,0.2,204.77,61.62,20.51
ORD-2023-00581,08/30/2023,2023-08-30,Same Day,CUST-2406,Christopher Wilson,Consumer,Phoenix,Arizona,West,Clothing,Accessories,Accessories - Model O601,12,396.59,0.0,4759.08,1775.91,57.25
ORD-2022-00582,12/15/2022,2022-12-20,Standard Class,CUST-8774,Karen Anderson,Home Office,Cincinnati,Ohio,Central,Furniture,Chairs,Chairs - Model G552,6,803.22,0.0,4819.32,604.89,17.77
ORD-2023-00583,01/26/2023,2023-02-02,Standard Class,CUST-2093,John Harris,Home Office,Naperville,Illinois,Central,Office Supplies,Pens,Pens - Model B685,1,172.91,0.25,129.68,58.23,25.53
ORD-2023-00584,08/28/2023,2023-09-02,Standard Class,CUST-6032,William White,Corporate,Aurora,Illinois,Central,Furniture,Tables,Tables - Model C529,2,112.39,0.0,224.78,17.21,43.18
ORD-2022-00585,07/23/2022,2022-07-24,First Class,CUST-8899,Jennifer White,Corporate,Cincinnati,Ohio,Central,Office Supplies,Labels,Labels - Model A780,7,84.44,0.0,591.08,72.55,41.6
ORD-2023-00586,12/25/2023,2023-12-28,Second Class,CUST-2106,John Martin,Consumer,Phoenix,Arizona,West,Technology,Tablets,Tablets - Model I674,6,338.4,0.25,1522.8,249.18,29.18
ORD-2023-00587,11/07/2023,2023-11-07,Same Day,CUST-0421,Christopher Thomas,Corporate,Mesa,Arizona,West,Office Supplies,Envelopes,Envelopes - Model C998,12,188.76,0.1,2038.61,801.29,82.08
ORD-2022-00588,01/27/2022,2022-02-02,Standard Class,CUST-3662,Patricia Ramirez,Consumer,Newark,New Jersey,East,Furniture,Desks,Desks - Model G281,5,411.25,0.25,1542.19,104.28,29.78
ORD-2022-00589,12/16/2022,2022-12-16,Same Day,CUST-2406,Christopher Wilson,Consumer,Houston,Texas,Central,Furniture,Bookcases,Bookcases - Model L761,11,1200.52,0.05,12545.43,1023.61,121.22
ORD-2024-00590,02/04/2024,2024-02-08,Standard Class,CUST-7508,,Consumer,Columbus,Ohio,Central,Furniture,Bookcases,Bookcases - Model E578,10,504.8,0.2,4038.4,559.3,45.26
ORD-2022-00591,10/23/2022,2022-10-29,Standard Class,CUST-5619,Jessica Robinson,Consumer,Savannah,Georgia,South,Furniture,Desks,Desks - Model J266,8,833.76,0.0,6670.08,660.48,31.6
ORD-2024-00592,04/30/2024,2024-05-04,Second Class,CUST-6789,James Brown,Corporate,Pittsburgh,Pennsylvania,,Clothing,Jackets,Jackets - Model B998,4,383.95,0.3,1075.06,207.64,14.93
ORD-2024-00593,03/28/2024,2024-03-28,Same Day,CUST-4138,James Harris,Consumer,Salem,Oregon,West,Furniture,Desks,Desks - Model B192,5,1195.51,0.0,5977.55,981.92,60.05
ORD-2021-00594,12/05/2021,2021-12-10,Standard Class,CUST-0811,Jessica Rodriguez,Consumer,Virginia Beach,Virginia,South,Technology,Laptops,Laptops - Model E801,9,2121.89,0.15,,827.68,9.65
ORD-2021-00595,07/24/2021,2021-07-28,Second Class,CUST-0957,,Corporate,Raleigh,North Carolina,South,Office Supplies,Binders,Binders - Model M891,6,179.81,0.2,863.09,266.63,27.64
ORD-2022-00596,12/12/2022,2022-12-18,Standard Class,CUST-5163,Jennifer Martinez,Consumer,Atlanta,Georgia,South,Clothing,Shirts,Shirts - Model H241,8,102.11,0.05,776.04,210.13,6.46
ORD-2023-00597,02/26/2023,2023-03-05,Standard Class,CUST-8904,James Hernandez,Consumer,Las Vegas,Nevada,West,Clothing,Accessories,Accessories - Model D576,2,179.68,0.0,359.36,148.18,21.41
ORD-2021-00598,01/26/2021,2021-02-02,Standard Class,CUST-5520,David Taylor,Corporate,Hartford,Connecticut,East,Office Supplies,Envelopes,Envelopes - Model I859,11,24.96,0.25,205.92,56.78,36.18
ORD-2024-00599,01/01/2024,2024-01-02,First Class,CUST-3766,Sandra Jones,Corporate,Memphis,Tennessee,South,Office Supplies,Labels,Labels - Model I302,9,162.94,0.25,1099.85,277.39,3.91
ORD-2023-00600,09/30/2023,2023-10-06,Standard Class,CUST-5076,Sandra Moore,Home Office,Cleveland,Ohio,Central,Office Supplies,Binders,Binders - Model J465,7,5.47,0.15,32.55,6.65,3.71
ORD-2021-00601,08/17/2021,2021-08-22,Standard Class,CUST-0706,Susan Harris,Corporate,Philadelphia,Pennsylvania,East,Clothing,Shoes,Shoes - Model I453,8,347.61,0.05,2641.84,1367.18,45.37
ORD-2023-00602,12/09/2023,2023-12-09,Same Day,CUST-2652,Jennifer Gonzalez,Consumer,Allentown,Pennsylvania,East,Technology,Tablets,Tablets - Model J532,7,104.84,0.1,660.49,128.35,94.12
ORD-2021-00603,06/12/2021,2021-06-12,Same Day,CUST-4997,Margaret Moore,Home Office,Saint Paul,Minnesota,Central,,Labels,Labels - Model P320,7,56.41,0.0,394.87,77.75,85.57
ORD-2024-00604,05/23/2024,2024-05-30,Standard Class,CUST-0968,James Martin,Corporate,Las Vegas,Nevada,,Office Supplies,Pens,Pens - Model O713,11,65.0,0.05,679.25,121.37,36.03
ORD-2022-00605,12/29/2022,2023-01-05,Standard Class,CUST-4570,Anthony Lewis,Corporate,Worcester,Massachusetts,East,Office Supplies,Pens,Pens - Model K454,8,32.05,0.25,192.3,33.41,34.3
ORD-2022-00606,06/08/2022,2022-06-08,Same Day,CUST-3348,Mark Williams,Home Office,Durham,North Carolina,South,Office Supplies,Pens,Pens - Model J868,6,91.4,0.25,411.3,45.39,25.01
ORD-2022-00607,12/22/2022,2022-12-26,Second Class,CUST-6941,Thomas Taylor,Home Office,Salem,Oregon,West,Furniture,Bookcases,Bookcases - Model D199,7,350.91,0.0,2456.37,301.48,10.57
ORD-2021-00608,11/22/2021,2021-11-22,Same Day,CUST-1544,David Rodriguez,Corporate,Pittsburgh,Pennsylvania,East,Technology,Tablets,Tablets - Model M330,7,1262.34,0.25,6627.28,710.82,23.84
ORD-2021-00609,12/30/2021,2022-01-03,Standard Class,CUST-9529,Sarah Davis,Corporate,Stamford,Connecticut,East,Clothing,Shoes,Shoes - Model N293,11,24.23,0.05,253.2,52.01,31.76
ORD-2021-00610,06/14/2021,2021-06-19,Second Class,CUST-6384,Sarah Martinez,Home Office,Philadelphia,Pennsylvania,East,Office Supplies,Paper,Paper - Model M665,9,172.96,0.0,1556.64,405.07,36.71
ORD-2022-00611,05/06/2022,2022-05-09,Second Class,CUST-9544,Isabella Harris,Consumer,San Francisco,California,West,Clothing,Pants,Pants - Model F572,9,324.28,0.15,2480.74,1237.48,45.63
ORD-2022-00612,05/17/2022,2022-05-19,First Class,CUST-6754,Joseph Ramirez,Consumer,Reno,Nevada,West,Technology,Monitors,Monitors - Model A549,8,2078.0,0.0,16624.0,1805.24,21.12
ORD-2021-00613,03/23/2021,2021-03-29,Standard Class,CUST-3131,Mary Brown,Corporate,New York City,New York,East,Furniture,Desks,Desks - Model N772,6,238.67,0.05,1360.42,222.02,12.08
ORD-2021-00614,07/18/2021,2021-07-25,Standard Class,CUST-8552,Sarah Anderson,Consumer,Austin,Texas,Central,Office Supplies,Labels,Labels - Model I708,1,152.74,0.0,152.74,43.17,3.25
ORD-2023-00615,01/30/2023,2023-02-06,Standard Class,CUST-4078,Patricia Lee,Consumer,Rochester,Minnesota,Central,Furniture,Tables,Tables - Model E722,5,1292.95,0.1,5818.28,783.24,3.34
ORD-2022-00616,03/10/2022,2022-03-13,First Class,CUST-0561,James Perez,Corporate,Mesa,Arizona,West,Furniture,Desks,Desks - Model E701,9,492.02,0.15,3763.95,331.36,46.45
ORD-2024-00617,08/20/2024,2024-08-24,Second Class,CUST-7596,Harper Taylor,Consumer,Hartford,Connecticut,East,Office Supplies,Binders,Binders - Model H253,5,122.51,0.0,612.55,200.61,19.11
ORD-2023-00618,07/30/2023,2023-08-04,Second Class,CUST-0472,Ava Moore,Home Office,Nashville,Tennessee,South,Clothing,Shirts,Shirts - Model K619,2,143.02,0.3,200.23,97.84,5.81
ORD-2021-00619,04/25/2021,2021-04-25,Same Day,CUST-2406,Christopher Wilson,Consumer,Tacoma,Washington,West,Clothing,Pants,Pants - Model B723,5,280.47,0.0,1402.35,627.19,93.0
ORD-2021-00620,05/11/2021,2021-05-15,Second Class,CUST-3662,Patricia Ramirez,Corporate,Seattle,Washington,West,Technology,Tablets,Tablets - Model C301,8,335.2,0.0,2681.6,389.39,6.79
ORD-2024-00621,04/22/2024,2024-04-27,Second Class,CUST-4313,Emily Davis,Consumer,Las Vegas,Nevada,West,Clothing,Shirts,Shirts - Model I872,7,304.66,0.25,1599.47,-410.88,15.62
ORD-2024-00622,08/14/2024,2024-08-21,Standard Class,CUST-3900,Margaret Smith,Consumer,Mesa,Arizona,West,Clothing,Shirts,Shirts - Model K621,8,252.94,0.0,2023.52,356.59,22.74
ORD-2022-00623,12/16/2022,2022-12-18,First Class,CUST-0015,Jessica Gonzalez,Corporate,Philadelphia,Pennsylvania,East,Office Supplies,Pens,Pens - Model P205,11,61.41,0.05,641.73,192.42,9.42
ORD-2021-00624,11/17/2021,2021-11-24,Standard Class,CUST-2649,Ava Smith,Corporate,Knoxville,Tennessee,South,Clothing,Jackets,Jackets - Model H369,8,467.82,0.1,3368.3,1004.82,16.7
ORD-2022-00625,12/26/2022,2023-01-02,Standard Class,CUST-0669,Mia Perez,Consumer,New Haven,Connecticut,East,Office Supplies,Binders,Binders - Model O885,5,5.86,0.05,,4.82,36.4
ORD-2022-00626,08/27/2022,2022-08-30,Second Class,CUST-8490,Joseph Anderson,Consumer,Cincinnati,Ohio,Central,,Jackets,Jackets - Model D176,4,88.6,0.25,265.8,139.97,47.7
ORD-2021-00627,04/05/2021,2021-04-12,Standard Class,CUST-3326,Mark Clark,Corporate,Charlotte,North Carolina,South,Technology,Tablets,Tablets - Model I650,6,1123.4,0.1,6066.36,438.03,8.45
ORD-2021-00628,06/01/2021,2021-06-05,Second Class,CUST-9034,Lisa Miller,Corporate,Memphis,Tennessee,South,Office Supplies,Labels,Labels - Model I670,9,163.83,0.0,1474.47,219.94,38.96
ORD-2024-00629,12/03/2024,2024-12-05,First Class,CUST-3316,Margaret Thompson,Home Office,Stamford,Connecticut,East,Furniture,Bookcases,Bookcases - Model L441,4,1026.17,0.1,3694.21,243.69,37.89
ORD-2021-00630,12/17/2021,2021-12-23,Standard Class,CUST-7358,David Lee,Consumer,Rochester,New York,East,Clothing,Shirts,Shirts - Model K909,9,251.08,0.15,1920.76,775.51,37.25
ORD-2024-00631,11/03/2024,2024-11-03,Same Day,CUST-3900,Margaret Smith,Consumer,Rochester,New York,East,Clothing,Jackets,Jackets - Model O562,-12,84.58,0.15,862.72,154.61,82.74
ORD-2022-00632,11/27/2022,2022-11-30,Second Class,CUST-4997,Margaret Moore,Home Office,Newark,New Jersey,East,Furniture,Desks,Desks - Model N254,5,1287.69,0.15,5472.68,633.88,33.37
ORD-2022-00633,02/15/2022,2022-02-20,Standard Class,CUST-9456,Amelia Martin,Home Office,Nashville,Tennessee,South,Furniture,Chairs,Chairs - Model A646,10,1418.41,0.0,14184.1,2273.76,27.92
ORD-2021-00634,05/22/2021,2021-05-28,Standard Class,CUST-0669,Mia Perez,Home Office,Austin,Texas,Central,Office Supplies,Paper,Paper - Model E998,8,26.38,0.2,168.83,18.39,43.64
ORD-2022-00635,03/04/2022,2022-03-09,Standard Class,CUST-2627,Margaret Jones,Consumer,Las Vegas,Nevada,West,Technology,Laptops,Laptops - Model G223,8,1864.57,0.15,12679.08,2535.01,17.21
ORD-2022-00636,01/27/2022,2022-02-03,Standard Class,CUST-8341,Sarah Robinson,Corporate,Trenton,New Jersey,East,Clothing,Shoes,Shoes - Model M978,2,183.79,0.1,330.82,160.32,22.84
ORD-2024-00637,08/28/2024,2024-08-28,Same Day,CUST-3211,William Moore,Corporate,Detroit,Michigan,Central,Office Supplies,Paper,Paper - Model E967,4,37.12,0.0,148.48,21.5,23.69
ORD-2024-00638,11/24/2024,2024-11-28,Second Class,CUST-0995,Lisa Brown,Consumer,Cleveland,Ohio,Central,Furniture,Storage,Storage - Model E859,11,296.97,0.0,3266.67,527.83,3.44
ORD-2022-00639,02/22/2022,2022-02-26,Standard Class,CUST-6127,Ava Anderson,Consumer,Memphis,Tennessee,South,Clothing,Shirts,Shirts - Model E517,1,274.34,0.3,192.04,-22.76,12.69
ORD-2023-00640,05/10/2023,2023-05-14,Standard Class,CUST-3766,Sandra Jones,Home Office,Stamford,Connecticut,East,Clothing,Jackets,Jackets - Model E430,11,274.59,0.0,3020.49,1030.34,37.94
ORD-2024-00641,03/15/2024,2024-03-20,Second Class,CUST-7257,Nancy Anderson,Consumer,Dallas,Texas,Central,Office Supplies,Labels,Labels - Model D355,4,51.63,0.1,185.87,39.97,48.75
ORD-2024-00642,09/30/2024,2024-10-05,Standard Class,CUST-0745,Robert Brown,Corporate,Savannah,Georgia,South,Technology,Accessories,Accessories - Model B913,4,2449.85,0.0,9799.4,770.14,3.64
ORD-2022-00643,05/03/2022,2022-05-07,Second Class,CUST-9644,Amelia White,Consumer,Newark,New Jersey,East,Clothing,Accessories,Accessories - Model I658,8,67.73,0.1,487.66,201.01,26.7
ORD-2022-00644,11/22/2022,2022-11-26,Standard Class,CUST-1597,Nancy Lewis,Consumer,Ann Arbor,Michigan,,Office Supplies,Paper,Paper - Model L536,11,7.03,0.3,54.13,-4.84,7.33
ORD-2024-00645,02/02/2024,2024-02-02,Same Day,CUST-2086,Nancy Davis,Home Office,Las Vegas,Nevada,West,Furniture,Tables,Tables - Model H894,1,322.06,0.15,273.75,31.37,98.59
ORD-2024-00646,02/27/2024,2024-03-02,Second Class,CUST-7596,Harper Taylor,Consumer,Boston,Massachusetts,East,Technology,Laptops,Laptops - Model H963,12,422.53,0.2,4056.29,899.11,15.36
ORD-2023-00647,04/01/2023,2023-04-07,Standard Class,CUST-2406,,Home Office,Raleigh,North Carolina,South,Office Supplies,Labels,Labels - Model J313,12,123.4,0.0,1480.8,178.77,21.7
ORD-2021-00648,10/22/2021,2021-10-25,First Class,CUST-0675,James White,Corporate,San Antonio,Texas,Central,Furniture,Tables,Tables - Model L172,4,1446.14,0.1,5206.1,235.73,21.27
ORD-2024-00649,04/14/2024,2024-04-18,Standard Class,CUST-9544,Isabella Harris,Consumer,Eugene,Oregon,West,Technology,Monitors,Monitors - Model P337,11,1123.77,0.0,12361.47,1956.23,31.28
ORD-2021-00650,11/11/2021,2021-11-14,First Class,CUST-7302,,Home Office,Jacksonville,Florida,South,,Shoes,Shoes - Model F997,12,348.8,0.25,3139.2,-529.65,49.89
ORD-2024-00651,05/20/2024,2024-05-20,Same Day,CUST-7137,Thomas Gonzalez,Consumer,Durham,North Carolina,South,Technology,Tablets,Tablets - Model I357,11,1294.17,0.2,11388.7,2088.64,35.15
ORD-2023-00652,11/01/2023,2023-11-06,Second Class,CUST-0867,Robert Ramirez,Consumer,Worcester,Massachusetts,East,Clothing,Accessories,Accessories - Model M143,10,62.82,0.0,628.2,238.87,7.64
ORD-2022-00653,05/04/2022,2022-05-09,Second Class,CUST-7479,Joseph Gonzalez,Corporate,Ann Arbor,Michigan,Central,Clothing,Accessories,Accessories - Model B508,11,374.75,0.2,3297.8,1377.25,3.23
ORD-2024-00654,03/07/2024,2024-03-11,Second Class,CUST-5619,Jessica Robinson,Home Office,Las Vegas,Nevada,West,Office Supplies,Pens,Pens - Model H383,8,157.17,0.15,1068.76,278.27,49.57
ORD-2022-00655,06/23/2022,2022-06-30,Standard Class,CUST-0675,James White,Consumer,Rochester,Minnesota,Central,Clothing,Shirts,Shirts - Model K460,10,273.74,0.05,2600.53,719.34,16.68
ORD-2021-00656,07/05/2021,2021-07-12,Standard Class,CUST-3316,Margaret Thompson,Corporate,Detroit,Michigan,Central,Clothing,Jackets,Jackets - Model F272,6,17.8,0.05,101.46,38.83,45.62
ORD-2024-00657,12/05/2024,2024-12-08,Second Class,CUST-6660,James Williams,Corporate,Stamford,Connecticut,East,Clothing,Jackets,Jackets - Model E833,6,271.09,0.2,1301.23,264.43,20.49
ORD-2022-00658,08/25/2022,2022-08-31,Standard Class,CUST-2106,John Martin,Consumer,San Francisco,California,West,Furniture,Tables,Tables - Model H996,4,677.32,0.05,2573.82,118.83,16.25
ORD-2021-00659,02/12/2021,2021-02-17,Standard Class,CUST-1630,Michael Gonzalez,Home Office,Springfield,Massachusetts,East,Clothing,Accessories,Accessories - Model M864,5,356.31,0.15,1514.32,713.81,14.65
ORD-2023-00660,01/29/2023,2023-02-01,First Class,CUST-3779,John Thompson,Consumer,Pittsburgh,Pennsylvania,East,Furniture,Chairs,Chairs - Model P648,6,184.07,0.05,1049.2,156.98,36.44
ORD-2024-00661,08/13/2024,2024-08-18,Second Class,CUST-4860,Linda Davis,Consumer,Buffalo,New York,East,Technology,Laptops,Laptops - Model A673,8,1419.54,0.0,11356.32,2602.51,24.88
ORD-2024-00662,12/17/2024,2024-12-21,Standard Class,CUST-5233,Sandra Wilson,Consumer,Norfolk,Virginia,South,Clothing,Shoes,Shoes - Model E505,4,334.28,0.1,,439.68,34.38
ORD-2022-00663,11/08/2022,2022-11-13,Second Class,CUST-5543,Isabella Hernandez,Home Office,Mesa,Arizona,West,Office Supplies,Labels,Labels - Model D893,2,123.54,0.3,172.96,-18.47,49.03
ORD-2022-00664,01/03/2022,2022-01-10,Standard Class,CUST-4672,William Thompson,Corporate,Buffalo,New York,East,Clothing,Shoes,Shoes - Model M813,8,77.87,0.15,529.52,118.19,16.94
ORD-2021-00665,12/30/2021,2022-01-03,Standard Class,CUST-7934,Charlotte Jackson,Consumer,Las Vegas,Nevada,West,Technology,Monitors,Monitors - Model I120,10,199.21,0.3,1394.47,-36.04,48.25
ORD-2023-00666,12/20/2023,2023-12-24,Standard Class,CUST-4469,Christopher Johnson,Consumer,Mesa,Arizona,West,Clothing,Pants,Pants - Model G453,2,437.33,0.0,874.66,341.02,29.55
ORD-2023-00667,06/22/2023,2023-06-26,Second Class,CUST-3211,William Moore,Consumer,Detroit,Michigan,Central,Technology,Tablets,Tablets - Model F704,9,460.09,0.0,4140.81,619.18,30.97
ORD-2024-00668,06/09/2024,2024-06-09,Same Day,CUST-5607,Daniel Miller,Home Office,New Haven,Connecticut,East,Office Supplies,Binders,Binders - Model H937,8,39.29,0.2,251.46,28.81,12.03
ORD-2023-00669,09/11/2023,2023-09-16,Second Class,CUST-0811,Jessica Rodriguez,Corporate,Miami,Florida,South,Clothing,Accessories,Accessories - Model G389,6,76.38,0.05,435.37,116.32,32.06
ORD-2023-00670,04/08/2023,2023-04-15,Standard Class,CUST-2106,John Martin,Consumer,Trenton,New Jersey,East,Office Supplies,Paper,Paper - Model B292,2,62.81,0.3,87.93,-4.71,3.34
ORD-2022-00671,09/13/2022,2022-09-17,Standard Class,CUST-4920,Jennifer Wilson,Home Office,Las Vegas,Nevada,West,Clothing,Pants,Pants - Model H829,6,45.75,0.05,260.77,90.78,29.41
ORD-2024-00672,12/09/2024,2024-12-09,Same Day,CUST-9788,William Rodriguez,Home Office,Portland,Oregon,West,,Desks,Desks - Model M145,3,238.25,0.05,679.01,89.57,35.98
ORD-2023-00673,05/16/2023,2023-05-20,Second Class,CUST-6127,Ava Anderson,Consumer,Virginia Beach,Virginia,South,Office Supplies,Binders,Binders - Model P359,10,4.07,0.2,32.56,3.73,38.82
ORD-2021-00674,09/21/2021,2021-09-27,Standard Class,CUST-4860,Linda Davis,Consumer,Spokane,Washington,West,,Envelopes,Envelopes - Model J649,5,58.37,0.1,262.66,36.24,7.73
ORD-2022-00675,02/18/2022,2022-02-22,Standard Class,CUST-9688,Charles Moore,Home Office,Phoenix,Arizona,West,Technology,Accessories,Accessories - Model F185,12,2025.7,0.05,23092.98,3168.12,19.8
ORD-2021-00676,10/20/2021,2021-10-25,Second Class,CUST-8013,Michael Lopez,Corporate,Philadelphia,Pennsylvania,East,Furniture,Desks,Desks - Model I279,6,709.19,0.0,4255.14,384.82,9.35
ORD-2022-00677,08/21/2022,2022-08-24,First Class,CUST-5359,Joseph Williams,Consumer,Las Vegas,Nevada,West,Office Supplies,Labels,Labels - Model F246,9,192.91,0.0,1736.19,241.29,5.13
ORD-2023-00678,11/27/2023,2023-12-01,Standard Class,CUST-3761,James Lewis,Corporate,Cleveland,Ohio,,Technology,Accessories,Accessories - Model A676,1,2043.58,0.0,2043.58,452.45,38.58
ORD-2021-00679,03/14/2021,2021-03-19,Second Class,CUST-8552,Sarah Anderson,Consumer,Durham,North Carolina,South,Clothing,Shoes,Shoes - Model H799,8,310.18,0.15,2109.22,1143.31,32.56
ORD-2023-00680,09/09/2023,2023-09-14,Standard Class,CUST-7555,Sarah Harris,Consumer,Atlanta,Georgia,South,Furniture,Desks,Desks - Model A542,5,241.66,0.25,906.22,85.06,42.88
ORD-2023-00681,12/04/2023,2023-12-08,Second Class,CUST-6261,Ava Ramirez,Home Office,New Haven,Connecticut,East,Office Supplies,Pens,Pens - Model K781,7,28.36,0.3,138.96,-10.37,11.34
ORD-2024-00682,09/12/2024,2024-09-16,Second Class,CUST-3042,David Perez,Home Office,New Haven,Connecticut,East,Clothing,Shirts,Shirts - Model O407,10,211.94,0.05,2013.43,476.92,28.48
ORD-2021-00683,11/17/2021,2021-11-22,Standard Class,CUST-0745,,Consumer,Orlando,Florida,,Furniture,Bookcases,Bookcases - Model G254,7,495.24,0.05,3293.35,580.44,8.27
ORD-2023-00684,09/24/2023,2023-09-28,Standard Class,CUST-4140,Matthew Thomas,Corporate,Naperville,Illinois,Central,Technology,Phones,Phones - Model K973,2,817.57,0.15,1389.87,125.92,9.23
ORD-2022-00685,03/13/2022,2022-03-18,Standard Class,CUST-4418,Joseph Harris,Consumer,Memphis,Tennessee,South,Technology,Monitors,Monitors - Model F255,3,1067.21,0.3,2241.14,520.05,28.96
ORD-2024-00686,07/11/2024,2024-07-11,Same Day,CUST-5088,Isabella Anderson,Corporate,Orlando,Florida,South,Clothing,Shoes,Shoes - Model M588,3,385.9,0.15,,514.04,75.19
ORD-2022-00687,01/08/2022,2022-01-09,First Class,CUST-8217,Mia Miller,Home Office,Memphis,Tennessee,South,Furniture,Tables,Tables - Model J793,7,1377.64,0.0,9643.48,1916.37,39.97
ORD-2024-00688,10/01/2024,2024-10-04,Second Class,CUST-2585,David Sanchez,Consumer,Aurora,Illinois,Central,Clothing,Pants,Pants - Model L971,5,104.09,0.1,468.41,254.26,45.41
ORD-2021-00689,02/18/2021,2021-02-25,Standard Class,CUST-3952,Michael Ramirez,Consumer,Eugene,Oregon,West,Office Supplies,Envelopes,Envelopes - Model C440,9,8.21,0.0,73.89,26.39,2.92
ORD-2023-00690,02/19/2023,2023-02-25,Standard Class,CUST-1968,Barbara Lewis,Consumer,Salem,Oregon,West,clothing,Jackets,Jackets - Model E454,12,138.18,0.05,1575.25,544.3,14.8
ORD-2023-00691,07/11/2023,2023-07-16,Standard Class,CUST-3211,William Moore,Corporate,Nashville,Tennessee,South,Technology,Laptops,Laptops - Model L166,3,1451.18,0.05,4135.86,851.06,43.46
ORD-2021-00692,01/20/2021,2021-01-25,Second Class,CUST-7302,Harper Williams,Home Office,San Antonio,Texas,Central,Technology,Phones,Phones - Model E304,12,2320.08,0.0,27840.96,1902.67,47.67
ORD-2021-00693,01/08/2021,2021-01-12,Second Class,CUST-0549,Joseph Smith,Consumer,Grand Rapids,Michigan,Central,Clothing,Accessories,Accessories - Model F580,5,368.47,0.0,1842.35,602.46,26.36
ORD-2021-00694,06/12/2021,2021-06-15,Second Class,CUST-2093,John Harris,Consumer,Nashville,Tennessee,South,Office Supplies,Binders,Binders - Model F504,11,167.54,0.1,1658.65,515.08,26.32
ORD-2022-00695,08/08/2022,2022-08-12,Second Class,CUST-8568,Isabella Jones,Corporate,Minneapolis,Minnesota,Central,Technology,Phones,Phones - Model C605,6,2261.6,0.0,13569.6,2360.69,41.25
ORD-2021-00696,06/13/2021,2021-06-18,Second Class,CUST-2627,Margaret Jones,Consumer,Aurora,Illinois,Central,Technology,Monitors,Monitors - Model I844,6,1154.43,0.25,5194.93,-414.09,28.2
ORD-2022-00697,01/25/2022,2022-02-01,Standard Class,CUST-4944,Olivia Martin,Consumer,New Haven,Connecticut,East,Clothing,Pants,Pants - Model E855,7,215.6,0.0,1509.2,753.61,39.84
ORD-2023-00698,02/21/2023,2023-02-21,Same Day,CUST-9977,Linda Anderson,Consumer,Stamford,Connecticut,,Furniture,Chairs,Chairs - Model A500,8,250.35,0.15,1702.38,94.65,64.68
ORD-2021-00699,11/21/2021,2021-11-28,Standard Class,CUST-1045,Karen Perez,Consumer,Mesa,Arizona,West,Technology,Tablets,Tablets - Model D168,6,1779.76,0.1,9610.7,752.48,26.9
ORD-2023-00700,10-Oct-2023,2023-10-15,Second Class,CUST-4967,Sophia Rodriguez,Consumer,Savannah,Georgia,South,Furniture,Storage,Storage - Model J449,12,578.83,0.0,6945.96,600.98,48.58
ORD-2021-00701,12/10/2021,2021-12-14,Second Class,CUST-4967,Sophia Rodriguez,Consumer,Savannah,Georgia,South,Office Supplies,Labels,Labels - Model K815,4,180.57,0.15,613.94,229.34,29.47
ORD-2022-00702,04/14/2022,2022-04-18,Standard Class,CUST-6157,Charlotte Miller,Consumer,Ann Arbor,Michigan,Central,Technology,Accessories,Accessories - Model E738,6,249.2,0.25,1121.4,159.84,47.46
ORD-2022-00703,12/29/2022,2022-12-30,First Class,CUST-0988,Charlotte Williams,Corporate,Spokane,Washington,West,Furniture,Chairs,Chairs - Model K464,10,739.35,0.0,7393.5,1190.82,47.92
ORD-2023-00704,09/20/2023,2023-09-25,Second Class,CUST-7176,Evelyn Ramirez,Home Office,Tacoma,Washington,West,Furniture,Storage,Storage - Model J354,7,651.8,0.0,4562.6,336.14,11.8
ORD-2022-00705,12/30/2022,2023-01-04,Second Class,CUST-9622,Susan Perez,Consumer,San Antonio,Texas,Central,Office Supplies,Paper,Paper - Model I566,5,41.16,0.25,154.35,30.82,17.49
ORD-2021-00706,12/04/2021,2021-12-08,Second Class,CUST-2232,Anthony Hernandez,Consumer,Las Vegas,Nevada,West,Office Supplies,Labels,Labels - Model B759,5,66.15,0.0,330.75,135.32,4.68
ORD-2021-00707,09/28/2021,2021-10-04,Standard Class,CUST-6235,Charles Williams,Consumer,Tacoma,Washington,West,Technology,Accessories,Accessories - Model K868,2,1256.52,0.3,1759.13,109.82,39.91
ORD-2024-00708,11/23/2024,2024-11-27,Standard Class,CUST-5494,Sandra Gonzalez,Corporate,Buffalo,New York,East,Technology,Phones,Phones - Model H590,1,153.33,0.05,145.66,34.96,47.81
ORD-2021-00709,10/09/2021,2021-10-15,Standard Class,CUST-9644,Amelia White,Consumer,Detroit,Michigan,Central,Clothing,Accessories,Accessories - Model C141,4,298.94,0.05,1135.97,274.68,25.59
ORD-2022-00710,12/17/2022,2022-12-21,Standard Class,CUST-8197,Susan Taylor,Home Office,Pittsburgh,Pennsylvania,,Office Supplies,Pens,Pens - Model L623,7,33.65,0.05,223.77,81.44,14.3
ORD-2022-00711,02/05/2022,2022-02-12,Standard Class,CUST-6594,Michael Brown,Consumer,Detroit,Michigan,Central,Technology,Phones,Phones - Model M923,2,1869.89,0.05,3552.79,319.85,29.37
ORD-2022-00712,09/04/2022,2022-09-09,Standard Class,CUST-9924,Elizabeth Thompson,Consumer,Jersey City,New Jersey,East,Furniture,Storage,Storage - Model A417,1,348.14,0.0,348.14,60.88,11.9
ORD-2023-00713,03/07/2023,2023-03-13,Standard Class,CUST-8013,Michael Lopez,Home Office,San Antonio,Texas,Central,Technology,Monitors,Monitors - Model D100,1,1567.23,0.0,1567.23,375.13,46.65
ORD-2022-00714,09/14/2022,2022-09-19,Second Class,CUST-8312,Betty Moore,Home Office,Portland,Oregon,West,Technology,Tablets,Tablets - Model N769,1,778.8,0.0,778.8,178.89,16.5
ORD-2022-00715,06/23/2022,2022-06-27,Standard Class,CUST-4217,Emily Moore,Consumer,Aurora,Illinois,Central,Furniture,Bookcases,Bookcases - Model I376,1,1063.23,0.25,797.42,25.03,12.34
ORD-2023-00716,03/26/2023,2023-03-30,Standard Class,CUST-4672,William Thompson,Consumer,New Haven,Connecticut,East,Technology,Tablets,Tablets - Model J836,8,546.61,0.1,3935.59,216.0,15.05
ORD-2022-00717,01/21/2022,2022-01-24,Second Class,CUST-4275,Robert Martinez,Corporate,Jacksonville,Florida,South,Technology,Tablets,Tablets - Model L190,10,949.88,0.25,7124.1,-1054.34,36.86
ORD-2024-00718,12/13/2024,2024-12-15,First Class,CUST-8511,Mia Jones,Consumer,New Haven,Connecticut,East,Clothing,Jackets,Jackets - Model N188,10,134.07,0.0,1340.7,379.58,19.22
ORD-2023-00719,08/14/2023,2023-08-19,Standard Class,CUST-0230,Margaret Williams,Home Office,San Diego,California,West,Furniture,Storage,Storage - Model E935,4,1242.29,0.2,3975.33,,22.11
ORD-2021-00720,08/18/2021,2021-08-18,Same Day,CUST-3937,Christopher Perez,Consumer,San Diego,California,West,,Envelopes,Envelopes - Model D433,12,167.62,0.15,1709.72,499.17,52.4
ORD-2024-00721,09/07/2024,2024-09-10,Second Class,CUST-7257,Nancy Anderson,Corporate,Chicago,Illinois,Central,Furniture,Chairs,Chairs - Model D607,3,1376.29,0.1,3715.98,236.08,21.49
ORD-2022-00722,03/05/2022,2022-03-10,Standard Class,CUST-8858,Patricia Davis,Home Office,Los Angeles,California,,Technology,Phones,Phones - Model I563,2,1083.7,0.15,1842.29,335.88,2.51
ORD-2024-00723,05/08/2024,2024-05-08,Same Day,CUST-4159,Charles Garcia,Consumer,Mesa,Arizona,West,Technology,Accessories,Accessories - Model K459,1,676.67,0.25,507.5,-76.39,16.76
ORD-2024-00724,11/11/2024,2024-11-18,Standard Class,CUST-0324,Robert Martin,Home Office,Aurora,Illinois,Central,,Labels,Labels - Model C184,4,145.41,0.0,581.64,150.73,37.95
ORD-2022-00725,05/10/2022,2022-05-13,Second Class,CUST-1968,Barbara Lewis,Consumer,Las Vegas,Nevada,West,Furniture,Storage,Storage - Model A618,8,131.58,0.0,1052.64,108.81,35.46
ORD-2023-00726,03/06/2023,2023-03-09,Second Class,CUST-5783,Isabella Perez,Corporate,Phoenix,Arizona,West,Office Supplies,Binders,Binders - Model B397,10,67.62,0.0,676.2,230.17,48.49
ORD-2021-00727,06/07/2021,2021-06-12,Standard Class,CUST-0867,Robert Ramirez,Consumer,Pittsburgh,Pennsylvania,East,Clothing,Pants,Pants - Model O927,12,474.54,0.0,5694.48,1085.45,8.68
ORD-2024-00728,05/24/2024,2024-05-29,Second Class,CUST-1446,Elizabeth Moore,Consumer,Detroit,Michigan,Central,Technology,Accessories,Accessories - Model P134,5,1118.91,0.2,4475.64,283.7,6.19
ORD-2024-00729,09/23/2024,2024-09-27,Standard Class,CUST-1544,David Rodriguez,Consumer,Seattle,Washington,West,Furniture,Bookcases,Bookcases - Model L670,5,732.48,0.0,3662.4,457.0,7.56
ORD-2021-00730,03/23/2021,2021-03-27,Standard Class,CUST-0561,James Perez,Consumer,Detroit,Michigan,Central,Office Supplies,Labels,Labels - Model A410,3,65.27,0.05,186.02,74.63,40.46
ORD-2022-00731,01/22/2022,2022-01-27,Standard Class,CUST-1384,Anthony Sanchez,Consumer,Las Vegas,Nevada,West,Technology,Accessories,Accessories - Model C679,3,655.32,0.2,1572.77,342.79,19.36
ORD-2022-00732,04/07/2022,2022-04-13,Standard Class,CUST-8511,Mia Jones,Consumer,Jersey City,New Jersey,East,Furniture,Tables,Tables - Model P729,9,1336.45,0.0,12028.05,763.08,27.02
ORD-2023-00733,10/16/2023,2023-10-21,Second Class,CUST-4997,Margaret Moore,Corporate,Boston,Massachusetts,East,Office Supplies,Pens,Pens - Model M387,8,130.73,0.15,888.96,183.32,27.69
ORD-2022-00734,11/01/2022,2022-11-05,Second Class,CUST-1968,Barbara Lewis,Consumer,Springfield,Massachusetts,East,Technology,Accessories,Accessories - Model K645,9,1560.1,0.0,14040.9,1408.56,14.87
ORD-2022-00735,07/10/2022,2022-07-14,Second Class,CUST-9753,Jessica Perez,Consumer,Portland,Oregon,West,Office Supplies,Labels,Labels - Model N385,5,120.36,0.05,571.71,210.91,44.75
ORD-2021-00736,10/13/2021,2021-10-20,Standard Class,CUST-6660,James Williams,Consumer,Rochester,Minnesota,Central,Furniture,Chairs,Chairs - Model J753,4,332.43,0.15,1130.26,59.85,33.08
ORD-2023-00737,10/15/2023,2023-10-20,Standard Class,CUST-9779,Isabella Thompson,Consumer,Tucson,Arizona,West,Technology,Tablets,Tablets - Model D485,9,2460.48,0.0,22144.32,1401.94,40.98
ORD-2022-00738,06-Jun-2022,2022-06-10,Second Class,CUST-5607,Daniel Miller,Home Office,Trenton,New Jersey,East,Clothing,Shoes,Shoes - Model D587,7,199.57,0.0,1396.99,287.63,7.9
ORD-2021-00739,11/22/2021,2021-11-22,Same Day,CUST-3673,Richard Miller,Consumer,Philadelphia,Pennsylvania,East,Technology,Phones,Phones - Model D445,10,1812.95,0.1,16316.55,2218.41,32.66
ORD-2024-00740,06/20/2024,2024-06-26,Standard Class,CUST-2332,Sandra Ramirez,Home Office,Philadelphia,Pennsylvania,East,Clothing,Pants,Pants - Model A264,2,289.91,0.1,521.84,247.26,7.98
ORD-2022-00741,05/20/2022,2022-05-24,Standard Class,CUST-6127,,Consumer,Dallas,Texas,Central,Office Supplies,Envelopes,Envelopes - Model M556,4,47.97,0.0,191.88,46.62,23.32
ORD-2021-00742,11/04/2021,2021-11-06,First Class,CUST-2448,John Lewis,Home Office,Naperville,Illinois,Central,Clothing,Accessories,Accessories - Model K429,1,254.53,0.2,203.62,98.81,31.11
ORD-2023-00743,11/03/2023,2023-11-09,Standard Class,CUST-2883,Mary Johnson,Home Office,San Antonio,Texas,Central,Office Supplies,Binders,Binders - Model J336,7,120.89,0.25,634.67,,29.04
ORD-2024-00744,08/14/2024,2024-08-18,Standard Class,CUST-8945,,Corporate,Tucson,Arizona,West,Clothing,Shoes,Shoes - Model C547,5,180.63,0.1,812.84,241.12,49.86
ORD-2023-00745,09/08/2023,2023-09-10,First Class,CUST-7257,Nancy Anderson,Home Office,Rochester,Minnesota,Central,Technology,Laptops,Laptops - Model C824,3,276.32,0.3,580.27,-33.16,23.75
ORD-2022-00746,12/24/2022,2022-12-28,Standard Class,CUST-3673,Richard Miller,Home Office,Reno,Nevada,West,Technology,Monitors,Monitors - Model F395,9,1202.11,0.2,8655.19,1981.9,13.34
ORD-2022-00747,02/05/2022,2022-02-12,Standard Class,CUST-4933,Nancy Lopez,Consumer,Tacoma,Washington,West,Furniture,Tables,Tables - Model F351,1,508.45,0.0,508.45,80.31,26.64
ORD-2021-00748,02/12/2021,2021-02-14,First Class,CUST-8969,Evelyn Lewis,Consumer,Las Vegas,Nevada,West,Office Supplies,Envelopes,Envelopes - Model H565,3,142.62,0.05,406.47,63.71,31.09
ORD-2021-00749,12/28/2021,2021-12-30,First Class,CUST-3232,William Sanchez,Consumer,Stamford,Connecticut,East,Office Supplies,Labels,Labels - Model M869,5,105.65,0.2,422.6,66.95,43.18
ORD-2021-00750,09/16/2021,2021-09-20,Second Class,CUST-9788,William Rodriguez,Consumer,Richmond,Virginia,South,office supplies,Pens,Pens - Model A422,8,41.34,0.0,330.72,58.02,39.2
ORD-2021-00751,10/29/2021,2021-11-02,Standard Class,CUST-3533,Evelyn Hernandez,Corporate,Cleveland,Ohio,Central,Office Supplies,Envelopes,Envelopes - Model M577,12,94.11,0.05,1072.85,281.25,21.96
ORD-2021-00752,04/16/2021,2021-04-23,Standard Class,CUST-3664,Thomas Moore,Home Office,Virginia Beach,Virginia,South,Clothing,Shirts,Shirts - Model J463,9,280.29,0.0,2522.61,1320.82,43.69
ORD-2023-00753,12/09/2023,2023-12-15,Standard Class,CUST-8899,Jennifer White,Consumer,New York City,New York,East,Furniture,Storage,Storage - Model L124,8,623.02,0.25,3738.12,-171.85,40.46
ORD-2024-00754,12/14/2024,2024-12-17,Second Class,CUST-4313,Emily Davis,Consumer,Springfield,Massachusetts,East,Office Supplies,Envelopes,Envelopes - Model I247,3,152.9,0.05,435.77,57.79,20.43
ORD-2023-00755,03/19/2023,2023-03-22,Second Class,CUST-0371,Daniel Martin,Consumer,Savannah,Georgia,South,Office Supplies,Binders,Binders - Model A167,3,172.05,0.1,464.54,164.69,39.78
ORD-2022-00756,03/25/2022,2022-03-31,Standard Class,CUST-5015,Barbara Taylor,Home Office,Rochester,New York,East,Office Supplies,Envelopes,Envelopes - Model I690,9,110.49,0.15,845.25,271.35,17.67
ORD-2021-00757,11/15/2021,2021-11-19,Standard Class,CUST-5577,Olivia Perez,Corporate,Phoenix,Arizona,West,Office Supplies,Pens,Pens - Model J610,12,198.28,0.0,2379.36,1030.82,16.42
ORD-2022-00758,11/12/2022,2022-11-12,Same Day,CUST-9688,Charles Moore,Consumer,San Antonio,Texas,Central,Office Supplies,Envelopes,Envelopes - Model M529,10,67.58,0.0,675.8,124.94,79.77
ORD-2024-00759,12/19/2024,2024-12-23,Standard Class,CUST-8969,Evelyn Lewis,Consumer,San Antonio,Texas,Central,Technology,Tablets,Tablets - Model H598,8,2323.2,0.2,14868.48,2493.22,21.46
ORD-2022-00760,04/27/2022,2022-04-30,Second Class,CUST-6157,Charlotte Miller,Corporate,Worcester,Massachusetts,East,Technology,Phones,Phones - Model E653,7,1256.99,0.0,8798.93,2084.25,40.09
ORD-2024-00761,11/29/2024,2024-11-29,Same Day,CUST-2763,Linda Robinson,Consumer,Spokane,Washington,West,Office Supplies,Labels,Labels - Model C141,3,178.79,0.15,455.91,61.54,124.56
ORD-2021-00762,06/18/2021,2021-06-20,First Class,CUST-4522,Betty Davis,Consumer,Savannah,Georgia,South,Office Supplies,Labels,Labels - Model C951,10,58.32,0.0,583.2,152.69,42.91
ORD-2021-00763,11/19/2021,2021-11-25,Standard Class,CUST-9611,Amelia Rodriguez,Consumer,Columbus,Ohio,Central,Clothing,Shoes,Shoes - Model L621,5,153.89,0.2,615.56,195.25,46.66
ORD-2022-00764,09/26/2022,2022-09-30,Standard Class,CUST-0827,Harper Wilson,Consumer,Seattle,Washington,West,Clothing,Pants,Pants - Model E840,2,148.41,0.15,252.3,107.25,29.8
ORD-2023-00765,09/14/2023,2023-09-18,Second Class,CUST-3453,Amelia Wilson,Home Office,Rochester,Minnesota,Central,Technology,Tablets,Tablets - Model F500,4,895.46,0.0,3581.84,201.57,42.95
ORD-2022-00766,06/01/2022,2022-06-07,Standard Class,CUST-4566,,Consumer,Virginia Beach,Virginia,South,Clothing,Jackets,Jackets - Model F107,3,477.6,0.2,1146.24,214.68,44.03
ORD-2022-00767,11/17/2022,2022-11-20,Second Class,CUST-8671,John Gonzalez,Consumer,Columbus,Ohio,,Office Supplies,Pens,Pens - Model L445,1,22.71,0.3,15.9,-2.1,43.17
ORD-2023-00768,11/01/2023,2023-11-05,Standard Class,CUST-9779,Isabella Thompson,Home Office,Knoxville,Tennessee,South,Office Supplies,Labels,Labels - Model O145,5,67.86,0.2,271.44,83.13,48.32
ORD-2021-00769,05/09/2021,2021-05-15,Standard Class,CUST-4967,Sophia Rodriguez,Home Office,Knoxville,Tennessee,South,Clothing,Jackets,Jackets - Model J767,1,410.2,0.1,369.18,113.68,2.21
ORD-2022-00770,12/15/2022,2022-12-22,Standard Class,CUST-2448,John Lewis,Consumer,Buffalo,New York,East,Office Supplies,Labels,Labels - Model B608,10,44.26,0.3,309.82,-28.87,49.49
ORD-2024-00771,02/23/2024,2024-02-28,Standard Class,CUST-3211,William Moore,Corporate,Las Vegas,Nevada,West,Technology,Laptops,Laptops - Model I273,11,766.18,0.1,7585.18,1009.7,45.49
ORD-2022-00772,02/22/2022,2022-02-25,Second Class,CUST-7137,Thomas Gonzalez,Consumer,Norfolk,Virginia,,Technology,Phones,Phones - Model H167,5,2414.6,0.0,12073.0,2450.58,18.2
ORD-2023-00773,10/22/2023,2023-10-24,First Class,CUST-6994,Ava Robinson,Consumer,Tucson,Arizona,West,Furniture,Bookcases,Bookcases - Model G658,5,1096.21,0.0,5481.05,1088.44,9.79
ORD-2022-00774,12/02/2022,2022-12-09,Standard Class,CUST-6994,Ava Robinson,Consumer,Richmond,Virginia,South,Clothing,Pants,Pants - Model F294,10,322.37,0.0,3223.7,1742.26,37.74
ORD-2024-00775,09/07/2024,2024-09-11,Standard Class,CUST-5462,,Corporate,Trenton,New Jersey,East,Furniture,Chairs,Chairs - Model L117,11,1402.86,0.15,13116.74,1243.42,42.2
ORD-2022-00776,10/08/2022,2022-10-10,First Class,CUST-3211,William Moore,Consumer,Mesa,Arizona,West,Office Supplies,Paper,Paper - Model B905,11,64.78,0.1,641.32,184.69,22.43
ORD-2021-00777,03/21/2021,2021-03-23,First Class,CUST-9635,Mia Martinez,Home Office,Austin,Texas,Central,Clothing,Shirts,Shirts - Model L176,8,161.11,0.1,1159.99,362.78,3.26
ORD-2022-00778,08/07/2022,2022-08-08,First Class,CUST-0064,Mia Davis,Home Office,Knoxville,Tennessee,South,Office Supplies,Pens,Pens - Model K226,3,116.13,0.0,348.39,63.07,15.27
ORD-2024-00779,02/01/2024,2024-02-07,Standard Class,CUST-9622,Susan Perez,Corporate,Springfield,Massachusetts,East,Technology,Tablets,Tablets - Model N195,11,866.5,0.0,9531.5,737.53,6.53
ORD-2024-00780,12/19/2024,2024-12-24,Standard Class,CUST-8013,Michael Lopez,Consumer,Boston,Massachusetts,East,Furniture,Tables,Tables - Model D745,1,721.36,0.0,721.36,36.42,47.95
ORD-2024-00781,10/29/2024,2024-11-01,First Class,CUST-8511,Mia Jones,Consumer,Trenton,New Jersey,,Furniture,Chairs,Chairs - Model N316,10,1010.32,0.05,9598.04,1617.31,16.05
ORD-2021-00782,10/06/2021,2021-10-11,Second Class,CUST-3533,Evelyn Hernandez,Consumer,Newark,New Jersey,East,Office Supplies,Labels,Labels - Model P101,2,82.3,0.05,156.37,56.51,35.18
ORD-2024-00783,03/26/2024,2024-03-29,Second Class,CUST-8733,Mark Martin,Corporate,Atlanta,Georgia,South,Technology,Phones,Phones - Model M236,4,727.55,0.0,2910.2,479.94,33.29
ORD-2021-00784,08/15/2021,2021-08-19,Standard Class,CUST-5322,Jennifer Miller,Consumer,Hartford,Connecticut,East,Clothing,Shoes,Shoes - Model I554,11,108.76,0.0,1196.36,278.41,18.95
ORD-2024-00785,09/25/2024,2024-09-29,Standard Class,CUST-1673,Charles Davis,Consumer,Jersey City,New Jersey,East,Furniture,Chairs,Chairs - Model B866,8,800.69,0.05,6085.24,574.52,44.3
ORD-2021-00786,10/16/2021,2021-10-20,Second Class,CUST-3211,William Moore,Consumer,Phoenix,Arizona,,Furniture,Bookcases,Bookcases - Model G804,5,1264.02,0.2,5056.08,346.52,25.06
ORD-2023-00787,06/17/2023,2023-06-17,Same Day,CUST-9300,Joseph Taylor,Corporate,Detroit,Michigan,Central,Office Supplies,Labels,Labels - Model I806,2,55.82,0.3,78.15,29.68,7.44
ORD-2024-00788,03/07/2024,2024-03-07,Same Day,CUST-1039,Charlotte Lewis,Consumer,Tacoma,Washington,West,Technology,Laptops,Laptops - Model A435,12,1935.73,0.2,18583.01,3040.0,5.18
ORD-2022-00789,02/01/2022,2022-02-08,Standard Class,CUST-5049,Patricia Garcia,Corporate,Trenton,New Jersey,East,Office Supplies,Paper,Paper - Model M583,10,40.86,0.05,388.17,82.93,43.17
ORD-2023-00790,01/01/2023,2023-01-05,Standard Class,CUST-0867,Robert Ramirez,Corporate,Stamford,Connecticut,East,Furniture,Tables,Tables - Model N987,1,331.29,0.2,265.03,30.82,37.45
ORD-2021-00791,07/30/2021,2021-08-03,Standard Class,CUST-4641,Karen Taylor,Consumer,Seattle,Washington,West,Clothing,Shirts,Shirts - Model I758,10,446.0,0.05,4237.0,793.98,46.33
ORD-2024-00792,12/06/2024,2024-12-12,Standard Class,CUST-1564,Richard Jones,Corporate,Houston,Texas,Central,Technology,Accessories,Accessories - Model G914,7,2224.3,0.0,15570.1,1054.75,29.98
ORD-2024-00793,03/24/2024,2024-03-29,Second Class,CUST-7358,David Lee,Corporate,Durham,North Carolina,South,Technology,Tablets,Tablets - Model G276,3,623.84,0.0,1871.52,367.73,11.4
ORD-2022-00794,03/05/2022,2022-03-10,Standard Class,CUST-6660,James Williams,Consumer,Dallas,Texas,Central,Office Supplies,Envelopes,Envelopes - Model E804,2,167.06,0.0,334.12,88.81,2.37
ORD-2023-00795,11/07/2023,2023-11-11,Standard Class,CUST-0011,,Consumer,Houston,Texas,Central,Furniture,Desks,Desks - Model K563,3,1248.3,0.3,2621.43,-223.68,10.26
ORD-2023-00796,07/01/2023,2023-07-08,Standard Class,CUST-6594,Michael Brown,Corporate,Orlando,Florida,South,Technology,Monitors,Monitors - Model D915,12,360.61,0.0,4327.32,415.2,35.61
ORD-2021-00797,08/20/2021,2021-08-25,Standard Class,CUST-2649,,Home Office,Philadelphia,Pennsylvania,East,Technology,Monitors,Monitors - Model C347,9,1403.08,0.15,10733.56,1663.86,6.49
ORD-2022-00798,06/19/2022,2022-06-24,Standard Class,CUST-3232,William Sanchez,Corporate,Las Vegas,Nevada,West,Technology,Monitors,Monitors - Model E739,8,225.02,0.3,1260.11,83.21,24.12
ORD-2024-00799,10/27/2024,2024-10-30,Second Class,CUST-8891,Jennifer Ramirez,Consumer,Naperville,Illinois,,Furniture,Storage,Storage - Model C184,12,309.92,0.0,3719.04,368.25,44.93
ORD-2024-00800,08/19/2024,2024-08-23,Standard Class,CUST-5619,Jessica Robinson,Corporate,Austin,Texas,Central,Office Supplies,Pens,Pens - Model I263,2,110.06,0.0,220.12,68.26,29.67
ORD-2023-00801,09/04/2023,2023-09-08,Standard Class,CUST-2406,Christopher Wilson,Home Office,Spokane,Washington,West,Clothing,Shirts,Shirts - Model N578,1,31.63,0.0,31.63,4.78,14.54
ORD-2022-00802,05/19/2022,2022-05-26,Standard Class,CUST-3708,Sandra Perez,Consumer,Worcester,Massachusetts,East,Technology,Laptops,Laptops - Model N252,5,1303.62,0.15,5540.38,686.53,4.35
ORD-2022-00803,09/28/2022,2022-10-03,Standard Class,CUST-7963,Christopher Anderson,Consumer,Sacramento,California,West,Clothing,Accessories,Accessories - Model L905,1,388.46,0.3,271.92,-29.68,4.26
ORD-2021-00804,09/08/2021,2021-09-13,Second Class,CUST-7934,Charlotte Jackson,Home Office,Mesa,Arizona,West,Office Supplies,Binders,Binders - Model P610,4,104.1,0.2,333.12,117.05,11.01
ORD-2024-00805,12/19/2024,2024-12-23,Second Class,CUST-1344,Lisa Williams,Consumer,Reno,Nevada,West,Furniture,Chairs,Chairs - Model H529,12,221.85,0.3,1863.54,-176.82,14.09
ORD-2023-00806,08/05/2023,2023-08-11,Standard Class,CUST-3326,Mark Clark,Consumer,Charlotte,North Carolina,South,Furniture,Bookcases,Bookcases - Model H838,11,572.5,0.3,4408.25,-612.27,45.75
ORD-2021-00807,02/17/2021,2021-02-21,Standard Class,CUST-1968,Barbara Lewis,Consumer,Jersey City,New Jersey,East,Technology,Tablets,Tablets - Model H669,12,1277.38,0.0,15328.56,3312.24,15.22
ORD-2021-00808,10/02/2021,2021-10-05,Second Class,CUST-7085,Richard Thompson,Corporate,Trenton,New Jersey,,Furniture,Tables,Tables - Model L298,9,408.84,0.15,3127.63,559.93,7.86
ORD-2022-00809,03/31/2022,2022-04-04,Standard Class,CUST-1300,Sarah Williams,Consumer,Ann Arbor,Michigan,Central,Furniture,Tables,Tables - Model C746,11,321.05,0.05,3354.97,148.45,32.91
ORD-2022-00810,12/08/2022,2022-12-14,Standard Class,CUST-8725,Sarah Jones,Corporate,Knoxville,Tennessee,South,Clothing,Accessories,Accessories - Model N897,9,362.94,0.3,2286.52,-497.5,41.38
ORD-2021-00811,03/02/2021,2021-03-06,Standard Class,CUST-4574,,Corporate,Tacoma,Washington,West,Clothing,Jackets,Jackets - Model P752,12,253.7,0.1,2739.96,1313.03,30.61
ORD-2023-00812,05/01/2023,2023-05-05,Standard Class,CUST-0245,,Corporate,Worcester,Massachusetts,East,Technology,Phones,Phones - Model J211,9,766.0,0.05,6549.3,847.48,24.91
ORD-2021-00813,02/24/2021,2021-02-27,Second Class,CUST-8511,Mia Jones,Consumer,Dallas,Texas,Central,Clothing,Jackets,Jackets - Model K445,7,47.6,0.1,299.88,156.99,35.38
ORD-2022-00814,26-Dec-2022,2023-01-02,Standard Class,CUST-8013,Michael Lopez,Corporate,Columbus,Ohio,Central,Technology,Monitors,Monitors - Model D219,12,365.53,0.0,4386.36,1042.94,47.3
ORD-2021-00815,04/24/2021,2021-04-25,First Class,CUST-4217,Emily Moore,Consumer,Boston,Massachusetts,East,Clothing,Shirts,Shirts - Model K863,4,58.97,0.0,235.88,107.81,14.19
ORD-2022-00816,11/29/2022,2022-12-06,Standard Class,CUST-8330,Mark Moore,Consumer,Phoenix,Arizona,West,Furniture,Storage,Storage - Model G637,-5,456.89,0.0,2284.45,93.32,16.59
ORD-2024-00817,12/10/2024,2024-12-11,First Class,CUST-8899,Jennifer White,Consumer,Mesa,Arizona,West,Furniture,Tables,Tables - Model L729,12,212.48,0.0,2549.76,357.13,23.67
ORD-2024-00818,11/22/2024,2024-11-28,Standard Class,CUST-3359,Robert White,Consumer,Knoxville,Tennessee,South,Furniture,Chairs,Chairs - Model O361,10,1216.77,0.2,9734.16,1519.69,35.9
ORD-2024-00819,07/01/2024,2024-07-08,Standard Class,CUST-0011,Margaret Clark,Corporate,Stamford,Connecticut,,Office Supplies,Binders,Binders - Model L693,7,128.08,0.05,851.73,128.97,29.14
ORD-2022-00820,12/26/2022,2022-12-27,First Class,CUST-1941,James Martinez,Corporate,Atlanta,Georgia,South,Office Supplies,Binders,Binders - Model N513,10,112.85,0.0,1128.5,273.93,35.58
ORD-2024-00821,02/17/2024,2024-02-22,Second Class,CUST-9635,Mia Martinez,Corporate,Hartford,Connecticut,East,Office Supplies,Labels,Labels - Model H632,10,45.64,0.15,387.94,127.08,45.13
ORD-2023-00822,12/02/2023,2023-12-03,First Class,CUST-8326,Matthew Perez,Corporate,Richmond,Virginia,South,Furniture,Storage,Storage - Model N449,1,837.4,0.0,837.4,77.98,38.63
ORD-2024-00823,01/21/2024,2024-01-25,Second Class,CUST-6789,James Brown,Corporate,Tucson,Arizona,West,Technology,Laptops,Laptops - Model A675,8,2031.42,0.0,16251.36,2996.79,34.91
ORD-2021-00824,10/26/2021,2021-10-29,First Class,CUST-6157,Charlotte Miller,Consumer,Buffalo,New York,East,Furniture,Tables,Tables - Model J970,9,429.7,0.0,3867.3,672.27,41.96
ORD-2021-00825,12/03/2021,2021-12-06,Second Class,CUST-4860,Linda Davis,Consumer,Saint Paul,Minnesota,Central,Technology,Accessories,Accessories - Model G176,2,1687.37,0.15,2868.53,615.91,41.52
ORD-2021-00826,11/22/2021,2021-11-26,Standard Class,CUST-4965,,Corporate,Columbus,Ohio,Central,Technology,Accessories,Accessories - Model N892,3,2164.1,0.3,4544.61,405.29,23.28
ORD-2023-00827,04/23/2023,2023-04-30,Standard Class,CUST-5076,Sandra Moore,Corporate,Eugene,Oregon,West,Office Supplies,Envelopes,Envelopes - Model F159,12,188.7,0.0,2264.4,801.84,38.62
ORD-2023-00828,04/24/2023,2023-04-28,Second Class,CUST-1816,Karen Davis,Consumer,Sacramento,California,West,Furniture,Storage,Storage - Model C887,5,63.42,0.3,221.97,-30.74,11.53
ORD-2023-00829,07/19/2023,2023-07-26,Standard Class,CUST-3662,Patricia Ramirez,Home Office,Seattle,Washington,West,Technology,Accessories,Accessories - Model A309,3,1711.18,0.0,5133.54,875.71,2.02
ORD-2021-00830,08/19/2021,2021-08-25,Standard Class,CUST-0197,Sarah Johnson,Consumer,Newark,New Jersey,EAST,Furniture,Tables,Tables - Model O176,11,831.43,0.1,8231.16,556.65,4.36
ORD-2021-00831,12/12/2021,2021-12-16,Standard Class,CUST-9644,Amelia White,Consumer,Norfolk,Virginia,South,Office Supplies,Paper,Paper - Model H562,4,137.05,0.0,548.2,131.25,27.64
ORD-2021-00832,10/18/2021,2021-10-23,Standard Class,CUST-1463,Richard Gonzalez,Corporate,Seattle,Washington,West,Clothing,Accessories,Accessories - Model F204,11,104.76,0.3,806.65,421.26,29.48
ORD-2022-00833,11/28/2022,2022-11-29,First Class,CUST-7994,Sandra Lopez,Corporate,Detroit,Michigan,Central,Technology,Monitors,Monitors - Model F656,11,2489.99,0.2,21911.91,1223.37,12.99
ORD-2023-00834,07/10/2023,2023-07-15,Second Class,CUST-2225,Isabella Wilson,Consumer,Rochester,Minnesota,Central,Clothing,Shoes,Shoes - Model B512,8,125.62,0.2,803.97,287.27,40.77
ORD-2021-00835,02/01/2021,2021-02-07,Standard Class,CUST-9529,Sarah Davis,Consumer,Seattle,Washington,,Furniture,Chairs,Chairs - Model M795,11,568.08,0.15,5311.55,621.63,23.47
ORD-2021-00836,08/03/2021,2021-08-06,First Class,CUST-4456,Michael White,Corporate,Rochester,Minnesota,Central,Furniture,Desks,Desks - Model M567,10,1433.69,0.3,10035.83,1267.66,14.89
ORD-2023-00837,05/31/2023,2023-06-04,Standard Class,CUST-7033,Lisa Martin,Consumer,New York City,New York,East,Furniture,Storage,Storage - Model N836,10,1083.62,0.1,9752.58,1085.71,16.01
ORD-2021-00838,09/24/2021,2021-09-28,Second Class,CUST-2233,John Anderson,Consumer,Rochester,Minnesota,Central,Clothing,Accessories,Accessories - Model O929,1,350.69,0.25,263.02,49.1,13.29
ORD-2024-00839,01/20/2024,2024-01-20,Same Day,CUST-3326,Mark Clark,Consumer,Philadelphia,Pennsylvania,East,Technology,Monitors,Monitors - Model C836,11,1676.05,0.25,13827.41,2060.0,51.14
ORD-2021-00840,11/04/2021,2021-11-09,Standard Class,CUST-9456,Amelia Martin,Home Office,Philadelphia,Pennsylvania,East,Technology,Monitors,Monitors - Model K797,9,51.6,0.0,464.4,86.6,40.04
ORD-2023-00841,12/26/2023,2023-12-31,Second Class,CUST-4672,,Corporate,Raleigh,North Carolina,South,Technology,Phones,Phones - Model D271,5,2254.43,0.0,11272.15,2318.41,18.45
ORD-2023-00842,02/07/2023,2023-02-13,Standard Class,CUST-0421,Christopher Thomas,Home Office,Worcester,Massachusetts,East,Furniture,Tables,Tables - Model E799,9,1116.86,0.1,9046.57,1466.6,41.85
ORD-2022-00843,04/01/2022,2022-04-06,Standard Class,CUST-8899,Jennifer White,Corporate,Nashville,Tennessee,South,Office Supplies,Binders,Binders - Model K839,8,37.22,0.15,253.1,59.78,48.49
ORD-2021-00844,18-Dec-2021,2021-12-21,Second Class,CUST-5577,Olivia Perez,Consumer,Cincinnati,Ohio,Central,Technology,Monitors,Monitors - Model M478,6,112.87,0.25,507.92,78.11,47.58
ORD-2024-00845,02/19/2024,2024-02-24,Standard Class,CUST-6157,Charlotte Miller,Consumer,Jersey City,New Jersey,East,Technology,Monitors,Monitors - Model C952,2,2289.01,0.25,3433.52,-251.56,18.01
ORD-2022-00846,04/29/2022,2022-05-05,Standard Class,CUST-0995,Lisa Brown,Consumer,New Haven,Connecticut,East,Office Supplies,Pens,Pens - Model G209,4,146.33,0.15,497.52,157.61,12.29
ORD-2023-00847,05/10/2023,2023-05-16,Standard Class,CUST-7596,Harper Taylor,Consumer,Grand Rapids,Michigan,Central,Technology,Tablets,Tablets - Model C136,6,484.45,0.2,2325.36,402.62,47.5
ORD-2021-00848,09/07/2021,2021-09-13,Standard Class,CUST-7596,Harper Taylor,Consumer,Spokane,Washington,West,Office Supplies,Envelopes,Envelopes - Model F240,6,112.37,0.2,539.38,132.49,47.87
ORD-2024-00849,04/10/2024,2024-04-16,Standard Class,CUST-1597,Nancy Lewis,Corporate,Seattle,Washington,West,Office Supplies,Labels,Labels - Model K850,10,85.55,0.15,727.17,275.46,17.23
ORD-2024-00850,12/30/2024,2024-12-30,Same Day,CUST-2233,John Anderson,Consumer,Phoenix,Arizona,West,Furniture,Chairs,Chairs - Model B143,3,1208.38,0.15,3081.37,416.14,75.36
ORD-2022-00851,11/21/2022,2022-11-22,First Class,CUST-3662,Patricia Ramirez,Corporate,Tampa,Florida,South,Office Supplies,Pens,Pens - Model P134,9,42.41,0.2,305.35,89.91,10.74
ORD-2021-00852,07/25/2021,2021-07-28,Second Class,CUST-2939,Barbara Rodriguez,Home Office,New Haven,Connecticut,East,Furniture,Bookcases,Bookcases - Model O752,8,1087.46,0.1,7829.71,1063.01,9.19
ORD-2021-00853,11/14/2021,2021-11-17,First Class,CUST-0941,Christopher Robinson,Consumer,Orlando,Florida,South,Technology,Laptops,Laptops - Model G956,2,359.42,0.0,,162.27,32.97
ORD-2024-00854,07/07/2024,2024-07-13,Standard Class,CUST-0064,Mia Davis,Consumer,Naperville,Illinois,Central,Furniture,Storage,Storage - Model O453,1,812.79,0.25,609.59,56.52,33.93
ORD-2021-00855,12/29/2021,2022-01-01,Second Class,CUST-0324,Robert Martin,Consumer,Trenton,New Jersey,East,Furniture,Storage,Storage - Model B433,3,939.36,0.3,1972.66,329.43,37.61
ORD-2023-00856,02/23/2023,2023-02-28,Second Class,CUST-6258,Betty Thompson,Consumer,San Francisco,California,West,Furniture,Chairs,Chairs - Model O803,4,321.53,0.05,1221.81,228.04,33.46
ORD-2022-00857,01/17/2022,2022-01-17,Same Day,CUST-4138,James Harris,Consumer,Mesa,Arizona,West,Furniture,Chairs,Chairs - Model N918,6,996.15,0.0,5976.9,808.46,33.35
ORD-2024-00858,11/02/2024,2024-11-08,Standard Class,CUST-2644,Isabella Johnson,Corporate,Dallas,Texas,Central,Technology,Accessories,Accessories - Model O854,12,2212.14,0.05,25218.4,2075.79,20.87
ORD-2022-00859,05/22/2022,2022-05-25,Second Class,CUST-3851,Charles Miller,Consumer,Memphis,Tennessee,South,Clothing,Shirts,Shirts - Model F684,3,225.67,0.0,677.01,116.56,13.83
ORD-2024-00860,05/05/2024,2024-05-08,Second Class,CUST-6675,Linda Gonzalez,Home Office,San Antonio,Texas,Central,Furniture,Tables,Tables - Model E128,11,1136.54,0.0,12501.94,553.2,19.49
ORD-2021-00861,04/22/2021,2021-04-27,Second Class,CUST-1564,Richard Jones,Consumer,Tucson,Arizona,West,Clothing,Jackets,Jackets - Model G809,12,363.8,0.15,3710.76,1547.16,19.15
ORD-2022-00862,04/30/2022,2022-05-06,Standard Class,CUST-0957,Karen Martin,Home Office,Chicago,Illinois,Central,Technology,Monitors,Monitors - Model K212,8,212.7,0.0,1701.6,409.78,43.86
ORD-2024-00863,03/14/2024,2024-03-15,First Class,CUST-0064,Mia Davis,Consumer,Phoenix,Arizona,West,Technology,Tablets,Tablets - Model G589,5,1651.7,0.3,5780.95,512.02,11.42
ORD-2021-00864,01/11/2021,2021-01-14,Second Class,CUST-1968,Barbara Lewis,Consumer,Detroit,Michigan,Central,Technology,Laptops,Laptops - Model E218,4,435.64,0.25,1306.92,172.54,8.7
ORD-2021-00865,08/24/2021,2021-08-29,Standard Class,CUST-7479,Joseph Gonzalez,Consumer,Las Vegas,Nevada,West,Technology,Accessories,Accessories - Model E840,6,1671.21,0.3,7019.08,1417.79,11.5
ORD-2024-00866,06/29/2024,2024-07-03,Standard Class,CUST-9544,Isabella Harris,Consumer,New Haven,Connecticut,East,Clothing,Jackets,Jackets - Model D253,5,96.31,0.0,481.55,127.02,39.91
ORD-2024-00867,10/30/2024,2024-11-02,Second Class,CUST-7596,Harper Taylor,Consumer,Rochester,New York,East,Office Supplies,Envelopes,Envelopes - Model E117,10,40.34,0.15,342.89,153.65,18.8
ORD-2023-00868,02/19/2023,2023-02-22,Second Class,CUST-4418,Joseph Harris,Corporate,Chicago,Illinois,Central,,Shirts,Shirts - Model D334,8,68.14,0.1,490.61,111.03,46.89
ORD-2024-00869,31-Jan-2024,2024-02-03,First Class,CUST-8774,Karen Anderson,Consumer,Dallas,Texas,Central,Furniture,Chairs,Chairs - Model E593,1,651.02,0.15,553.37,72.25,25.01
ORD-2024-00870,02/16/2024,2024-02-20,Second Class,CUST-4964,Nancy Jackson,Consumer,Ann Arbor,Michigan,Central,Technology,Accessories,Accessories - Model H233,3,2157.03,0.3,4529.76,815.44,18.43
ORD-2022-00871,06/19/2022,2022-06-22,Second Class,CUST-7985,William Anderson,Corporate,Chicago,Illinois,Central,Technology,Phones,Phones - Model A730,6,2274.55,0.2,10917.84,2634.67,29.09
ORD-2024-00872,08/03/2024,2024-08-09,Standard Class,CUST-0197,,Home Office,San Diego,California,West,Clothing,Pants,Pants - Model H357,8,422.37,0.0,3378.96,1637.81,14.05
ORD-2023-00873,11/09/2023,2023-11-13,Standard Class,CUST-9688,Charles Moore,Consumer,Phoenix,Arizona,West,Furniture,Chairs,Chairs - Model O508,5,1152.26,0.0,5761.3,622.32,22.34
ORD-2021-00874,03/29/2021,2021-04-02,Standard Class,CUST-0745,Robert Brown,Consumer,Cleveland,Ohio,Central,Office Supplies,Paper,Paper - Model O186,4,102.66,0.2,328.51,84.93,13.83
ORD-2023-00875,08/05/2023,2023-08-05,Same Day,CUST-9986,Ava Garcia,Consumer,Eugene,Oregon,West,Furniture,Bookcases,Bookcases - Model F216,12,318.93,0.0,3827.16,465.86,26.81
ORD-2023-00876,12/25/2023,2023-12-29,Standard Class,CUST-6971,Susan Williams,Consumer,Stamford,Connecticut,East,Technology,Tablets,Tablets - Model G787,4,1537.06,0.0,6148.24,1318.9,46.13
ORD-2023-00877,06/20/2023,2023-06-24,Standard Class,CUST-2448,John Lewis,Home Office,Philadelphia,Pennsylvania,East,Furniture,Bookcases,Bookcases - Model A132,1,1470.34,0.2,1176.27,111.35,6.81
ORD-2022-00878,11/08/2022,2022-11-11,Second Class,CUST-8490,Joseph Anderson,Corporate,Aurora,Illinois,Central,Technology,Phones,Phones - Model I699,4,1382.5,0.3,3871.0,246.15,38.35
ORD-2024-00879,12/19/2024,2024-12-22,First Class,CUST-9006,Michael Johnson,Corporate,San Diego,California,West,Technology,Monitors,Monitors - Model J762,10,2063.19,0.2,16505.52,3411.12,27.4
ORD-2023-00880,10/07/2023,2023-10-14,Standard Class,CUST-6032,William White,Consumer,Stamford,Connecticut,East,Office Supplies,Paper,Paper - Model N491,2,31.39,0.25,47.09,-6.0,14.78
ORD-2022-00881,04/23/2022,2022-04-28,Second Class,CUST-9644,Amelia White,Consumer,Mesa,Arizona,West,Technology,Monitors,Monitors - Model O926,1,214.14,0.1,192.73,16.0,22.68
ORD-2024-00882,11/14/2024,2024-11-21,Standard Class,CUST-3232,William Sanchez,Consumer,Boston,Massachusetts,East,Technology,Tablets,Tablets - Model D970,9,2362.1,0.0,21258.9,2063.01,34.85
ORD-2024-00883,06/13/2024,2024-06-13,Same Day,CUST-9753,Jessica Perez,Consumer,Memphis,Tennessee,South,Technology,Monitors,Monitors - Model J777,9,124.81,0.0,1123.29,274.2,116.37
ORD-2022-00884,06/17/2022,2022-06-22,Standard Class,CUST-6833,Margaret Martin,Consumer,Salem,Oregon,West,,Envelopes,Envelopes - Model A652,3,14.22,0.0,42.66,8.14,4.25
ORD-2023-00885,08/30/2023,2023-09-04,Second Class,CUST-1809,Christopher Lewis,Consumer,Savannah,Georgia,South,Technology,Phones,Phones - Model F623,8,1702.13,0.1,12255.34,2552.7,30.8
ORD-2023-00886,05/18/2023,2023-05-18,Same Day,CUST-4355,Sarah Lopez,Consumer,Ann Arbor,Michigan,Central,Technology,Tablets,Tablets - Model B702,6,611.88,0.0,3671.28,373.48,99.86
ORD-2024-00887,04/04/2024,2024-04-11,Standard Class,CUST-4365,Amelia Jackson,Consumer,Springfield,Massachusetts,East,Furniture,Desks,Desks - Model M462,2,1175.18,0.25,1762.77,219.62,33.61
ORD-2024-00888,08/06/2024,2024-08-10,Second Class,CUST-4078,Patricia Lee,Corporate,Durham,North Carolina,South,Furniture,Desks,Desks - Model N126,5,696.0,0.1,3132.0,148.16,23.31
ORD-2021-00889,11/10/2021,2021-11-13,First Class,CUST-1300,Sarah Williams,Consumer,Salem,Oregon,West,Furniture,Chairs,Chairs - Model H372,9,618.19,0.3,3894.6,-143.83,49.28
ORD-2023-00890,03/21/2023,2023-03-24,Second Class,CUST-6675,Linda Gonzalez,Consumer,Hartford,Connecticut,East,Technology,Laptops,Laptops - Model D700,12,658.3,0.0,7899.6,1972.65,43.91
ORD-2023-00891,11/15/2023,2023-11-15,Same Day,CUST-5383,Lisa Sanchez,Corporate,Richmond,Virginia,South,Technology,Accessories,Accessories - Model K898,12,103.73,0.0,1244.76,151.94,119.74
ORD-2022-00892,09/11/2022,2022-09-16,Standard Class,CUST-0708,Margaret Lopez,Consumer,Salem,Oregon,West,Office Supplies,Paper,Paper - Model N511,2,95.07,0.25,142.6,59.01,5.14
ORD-2023-00893,11/23/2023,2023-11-27,Standard Class,CUST-8742,Anthony Miller,Corporate,Springfield,Massachusetts,East,Furniture,Chairs,Chairs - Model I181,8,428.18,0.3,2397.81,-189.77,17.67
ORD-2022-00894,01/14/2022,2022-01-19,Second Class,CUST-6127,Ava Anderson,Consumer,Las Vegas,Nevada,West,Clothing,Jackets,Jackets - Model M680,5,347.46,0.0,1737.3,488.06,30.24
ORD-2022-00895,10/05/2022,2022-10-12,Standard Class,CUST-5076,Sandra Moore,Consumer,Rochester,Minnesota,Central,Clothing,Shirts,Shirts - Model L216,2,242.5,0.2,,164.17,4.97
ORD-2024-00896,05/05/2024,2024-05-10,Standard Class,CUST-9688,Charles Moore,Corporate,Portland,Oregon,West,Office Supplies,Pens,Pens - Model L713,1,77.04,0.0,77.04,9.03,30.52
ORD-2024-00897,08/26/2024,2024-09-02,Standard Class,CUST-3232,William Sanchez,Consumer,Richmond,Virginia,South,Office Supplies,Labels,Labels - Model N541,8,83.27,0.15,566.24,213.03,14.58
ORD-2021-00898,01/30/2021,2021-02-03,Standard Class,CUST-8254,Sandra Martinez,Consumer,Raleigh,North Carolina,South,Office Supplies,Pens,Pens - Model H296,9,161.44,0.0,1452.96,361.5,13.64
ORD-2023-00899,01/27/2023,2023-02-02,Standard Class,CUST-4456,Michael White,Home Office,San Antonio,Texas,Central,Clothing,Jackets,Jackets - Model L334,1,14.49,0.2,11.59,,10.96
ORD-2021-00900,12/25/2021,2021-12-29,Second Class,CUST-0968,James Martin,Home Office,Grand Rapids,Michigan,Central,,Desks,Desks - Model C499,1,182.37,0.0,182.37,12.87,49.21
ORD-2021-00901,07/09/2021,2021-07-13,Standard Class,CUST-2093,John Harris,Corporate,Mesa,Arizona,West,Technology,Phones,Phones - Model P702,9,2455.85,0.25,16576.99,3185.99,8.14
ORD-2021-00902,06/12/2021,2021-06-19,Standard Class,CUST-9753,Jessica Perez,Home Office,Buffalo,New York,East,Clothing,Shirts,Shirts - Model E847,2,460.57,0.0,,213.3,14.06
ORD-2023-00903,09/08/2023,2023-09-14,Standard Class,CUST-8330,Mark Moore,Consumer,Stamford,Connecticut,East,Office Supplies,Pens,Pens - Model F417,3,26.43,0.3,55.5,-10.03,14.15
ORD-2022-00904,12/04/2022,2022-12-07,Second Class,CUST-4313,Emily Davis,Consumer,New Haven,Connecticut,East,Furniture,Tables,Tables - Model E830,8,449.63,0.3,2517.93,328.99,48.9
ORD-2024-00905,10/29/2024,2024-11-04,Standard Class,CUST-3211,William Moore,Consumer,Charlotte,North Carolina,South,Furniture,Bookcases,Bookcases - Model F131,4,1305.39,0.3,3655.09,427.65,41.34
ORD-2023-00906,08/31/2023,2023-08-31,Same Day,CUST-2018,Robert Smith,Corporate,Sacramento,California,,Furniture,Chairs,Chairs - Model M723,4,507.75,0.3,1421.7,-115.82,32.53
ORD-2022-00907,04/16/2022,2022-04-20,Second Class,CUST-2018,Robert Smith,Consumer,Miami,Florida,South,Office Supplies,Labels,Labels - Model C962,7,70.38,0.0,492.66,97.35,14.21
ORD-2024-00908,10/04/2024,2024-10-05,First Class,CUST-6594,Michael Brown,Consumer,Phoenix,Arizona,West,Clothing,Accessories,Accessories - Model G561,12,394.3,0.0,4731.6,,34.94
ORD-2024-00909,10/03/2024,2024-10-06,First Class,CUST-8467,Olivia Wilson,Corporate,Reno,Nevada,West,Clothing,Accessories,Accessories - Model E882,12,303.44,0.1,3277.15,1793.53,17.1
ORD-2024-00910,03/31/2024,2024-04-04,Standard Class,CUST-0811,Jessica Rodriguez,Consumer,Savannah,Georgia,South,Clothing,Jackets,Jackets - Model F374,3,453.23,0.3,951.78,389.73,9.81
ORD-2022-00911,04/28/2022,2022-05-03,Standard Class,CUST-1300,Sarah Williams,Consumer,Tucson,Arizona,West,,Storage,Storage - Model B828,10,848.86,0.05,8064.17,404.83,7.81
ORD-2021-00912,11/28/2021,2021-12-05,Standard Class,CUST-9501,Nancy Harris,Home Office,Tucson,Arizona,West,Technology,Monitors,Monitors - Model P832,7,348.17,0.3,1706.03,-63.84,40.25
ORD-2022-00913,11/15/2022,2022-11-15,Same Day,CUST-6258,Betty Thompson,Consumer,Tacoma,Washington,West,Clothing,Accessories,Accessories - Model E299,6,161.57,0.15,824.01,397.85,99.81
ORD-2021-00914,11/13/2021,2021-11-19,Standard Class,CUST-8013,Michael Lopez,Home Office,Philadelphia,Pennsylvania,East,Clothing,Shoes,Shoes - Model C439,1,452.44,0.0,452.44,146.76,48.68
ORD-2024-00915,09/30/2024,2024-10-04,Standard Class,CUST-7508,Patricia Perez,Consumer,Reno,Nevada,West,Furniture,Desks,Desks - Model A927,8,826.23,0.0,6609.84,606.71,41.26
ORD-2024-00916,04/26/2024,2024-04-28,First Class,CUST-3761,James Lewis,Consumer,Buffalo,New York,East,Furniture,Desks,Desks - Model E486,9,1096.65,0.2,7895.88,384.33,31.13
ORD-2021-00917,02/01/2021,2021-02-08,Standard Class,CUST-0230,Margaret Williams,Consumer,Boston,Massachusetts,East,Office Supplies,Paper,Paper - Model L922,10,86.89,0.15,738.56,191.09,5.72
ORD-2023-00918,07/20/2023,2023-07-26,Standard Class,CUST-2225,Isabella Wilson,Corporate,Los Angeles,California,West,Furniture,Bookcases,Bookcases - Model A409,2,843.35,0.0,1686.7,264.79,49.06
ORD-2024-00919,03/16/2024,2024-03-20,Standard Class,CUST-8671,John Gonzalez,Home Office,Cleveland,Ohio,Central,Clothing,Jackets,Jackets - Model C787,12,77.61,0.1,838.19,254.84,10.87
ORD-2021-00920,11/02/2021,2021-11-07,Standard Class,CUST-5088,Isabella Anderson,Consumer,Detroit,Michigan,Central,Clothing,Jackets,Jackets - Model C560,1,407.47,0.1,366.72,,19.59
ORD-2021-00921,12/28/2021,2022-01-02,Standard Class,CUST-1060,Lisa Moore,Consumer,Buffalo,New York,,Furniture,Tables,Tables - Model L608,1,1074.15,0.0,1074.15,202.86,4.39
ORD-2024-00922,07/18/2024,2024-07-23,Standard Class,CUST-0015,Jessica Gonzalez,Consumer,Charlotte,North Carolina,South,,Storage,Storage - Model F673,10,512.3,0.1,,96.41,6.27
ORD-2023-00923,12/02/2023,2023-12-09,Standard Class,CUST-0745,Robert Brown,Consumer,Detroit,Michigan,Central,Office Supplies,Paper,Paper - Model P167,1,157.69,0.3,110.38,35.82,4.83
ORD-2021-00924,08/26/2021,2021-09-02,Standard Class,CUST-0719,Linda Smith,Corporate,Miami,Florida,South,Technology,Tablets,Tablets - Model H936,8,180.44,0.0,1443.52,129.8,3.58
ORD-2021-00925,05/26/2021,2021-05-26,Same Day,CUST-2808,Jennifer Clark,Consumer,Reno,Nevada,West,Office Supplies,Labels,Labels - Model K815,5,46.95,0.0,234.75,89.0,67.63
ORD-2023-00926,04/27/2023,2023-05-01,Second Class,CUST-0017,Margaret Sanchez,Consumer,Richmond,Virginia,South,Clothing,Shirts,Shirts - Model E585,4,404.34,0.3,1132.15,207.25,36.82
ORD-2021-00927,12/25/2021,2021-12-30,Standard Class,CUST-9169,Thomas Sanchez,Consumer,Saint Paul,Minnesota,Central,Office Supplies,Binders,Binders - Model L548,5,105.76,0.05,502.36,109.56,46.08
ORD-2023-00928,05/12/2023,2023-05-15,Second Class,CUST-4456,Michael White,Home Office,Charlotte,North Carolina,South,Furniture,Desks,Desks - Model J654,9,316.99,0.1,2567.62,498.58,17.26
ORD-2022-00929,04/12/2022,2022-04-18,Standard Class,CUST-5619,Jessica Robinson,Home Office,Tacoma,Washington,West,Clothing,Jackets,Jackets - Model B502,6,230.0,0.15,1173.0,341.31,19.48
ORD-2023-00930,03/25/2023,2023-03-31,Standard Class,CUST-5389,Charlotte Martinez,Consumer,Nashville,Tennessee,South,Technology,Accessories,Accessories - Model J848,1,1681.9,0.0,1681.9,383.3,6.79
ORD-2021-00931,06/20/2021,2021-06-26,Standard Class,CUST-6019,Anthony Martin,Corporate,Miami,Florida,South,Clothing,Shirts,Shirts - Model F272,11,21.66,0.15,202.52,104.85,17.13
ORD-2022-00932,07/03/2022,2022-07-09,Standard Class,CUST-2106,John Martin,Corporate,Orlando,Florida,South,Technology,Phones,Phones - Model F980,7,1910.89,0.0,13376.23,880.0,7.33
ORD-2022-00933,03/16/2022,2022-03-22,Standard Class,CUST-0421,Christopher Thomas,Home Office,Worcester,Massachusetts,East,Office Supplies,Paper,Paper - Model P202,8,141.43,0.0,1131.44,296.77,28.44
ORD-2022-00934,12/26/2022,2023-01-02,standard class,CUST-3533,Evelyn Hernandez,Corporate,Houston,Texas,Central,Furniture,Desks,Desks - Model A308,12,1348.98,0.0,16187.76,332.51,18.71
ORD-2021-00935,03/06/2021,2021-03-12,Standard Class,CUST-2380,Thomas Garcia,Consumer,Columbus,Ohio,Central,Technology,Laptops,Laptops - Model K730,10,2235.17,0.3,15646.19,1906.25,13.69
ORD-2023-00936,02/05/2023,2023-02-12,Standard Class,CUST-7302,Harper Williams,Consumer,New York City,New York,,Technology,Phones,Phones - Model M684,7,2360.12,0.3,11564.59,714.21,36.42
ORD-2023-00937,09/05/2023,2023-09-06,First Class,CUST-0867,Robert Ramirez,Home Office,Allentown,Pennsylvania,East,Office Supplies,Pens,Pens - Model L982,4,6.06,0.2,19.39,5.27,20.09
ORD-2021-00938,11/18/2021,2021-11-25,Standard Class,CUST-5336,Isabella Williams,Consumer,Chicago,Illinois,Central,Furniture,Bookcases,Bookcases - Model F392,2,705.29,0.1,1269.52,67.38,4.94
ORD-2022-00939,01/18/2022,2022-01-22,Standard Class,CUST-0017,Margaret Sanchez,Corporate,Spokane,Washington,West,Technology,Monitors,Monitors - Model B758,7,2105.38,0.0,14737.66,1786.7,2.27
ORD-2024-00940,01/13/2024,2024-01-20,Standard Class,CUST-9034,Lisa Miller,Consumer,Seattle,Washington,West,Furniture,Storage,Storage - Model A388,11,521.73,0.25,4304.27,344.92,29.0
ORD-2024-00941,01/18/2024,2024-01-22,Second Class,CUST-5389,Charlotte Martinez,Home Office,Mesa,Arizona,West,Clothing,Shirts,Shirts - Model H963,4,215.35,0.0,861.4,403.94,44.47
ORD-2021-00942,10/17/2021,2021-10-19,First Class,CUST-4365,Amelia Jackson,Corporate,Reno,Nevada,West,Technology,Phones,Phones - Model L962,3,602.84,0.3,1265.96,-51.25,10.08
ORD-2024-00943,08/18/2024,2024-08-25,Standard Class,CUST-3348,Mark Williams,Consumer,Boston,Massachusetts,East,Office Supplies,Labels,Labels - Model D544,2,155.01,0.3,217.01,54.86,17.95
ORD-2024-00944,12/02/2024,2024-12-06,Second Class,CUST-1941,James Martinez,Corporate,Detroit,Michigan,Central,Technology,Phones,Phones - Model K342,8,1360.7,0.05,10341.32,655.99,49.0
ORD-2024-00945,05/31/2024,2024-06-06,Standard Class,CUST-5543,Isabella Hernandez,Home Office,Allentown,Pennsylvania,East,Technology,Monitors,Monitors - Model E272,12,1897.28,0.0,22767.36,1143.92,10.53
ORD-2022-00946,03/14/2022,2022-03-17,Second Class,CUST-5783,Isabella Perez,Consumer,Atlanta,Georgia,South,Technology,Tablets,Tablets - Model I598,5,1654.34,0.0,8271.7,1943.11,43.29
ORD-2021-00947,12/13/2021,2021-12-16,Second Class,CUST-7963,Christopher Anderson,Corporate,San Francisco,California,,Furniture,Chairs,Chairs - Model I831,12,249.42,0.0,2993.04,130.21,23.07
ORD-2023-00948,01/06/2023,2023-01-11,Standard Class,CUST-5520,David Taylor,Corporate,Salem,Oregon,West,Clothing,Jackets,Jackets - Model B516,5,203.98,0.0,1019.9,431.29,41.59
ORD-2022-00949,12/07/2022,2022-12-11,Standard Class,CUST-9753,Jessica Perez,Consumer,Raleigh,North Carolina,South,Furniture,Tables,Tables - Model C800,1,988.09,0.0,988.09,93.7,44.41
ORD-2024-00950,11/05/2024,2024-11-08,First Class,CUST-8552,Sarah Anderson,Consumer,Boston,Massachusetts,East,Furniture,Chairs,Chairs - Model A369,4,1267.96,0.3,3550.29,-340.17,9.79
ORD-2024-00951,11/08/2024,2024-11-14,Standard Class,CUST-6160,Mia Moore,Consumer,San Diego,California,West,Clothing,Shirts,Shirts - Model M339,12,203.06,0.0,2436.72,447.49,26.58
ORD-2023-00952,03/18/2023,2023-03-22,Second Class,CUST-4964,Nancy Jackson,Consumer,Eugene,Oregon,West,Furniture,Desks,Desks - Model G834,4,864.3,0.15,2938.62,63.29,33.07
ORD-2023-00953,02/11/2023,2023-02-13,First Class,CUST-8858,Patricia Davis,Consumer,Spokane,Washington,West,Furniture,Desks,Desks - Model G904,7,1008.23,0.15,5998.97,1135.91,28.63
ORD-2022-00954,10/19/2022,2022-10-22,First Class,CUST-9544,Isabella Harris,Consumer,Springfield,Massachusetts,East,Clothing,Accessories,Accessories - Model D857,10,465.85,0.0,4658.5,1890.36,36.77
ORD-2024-00955,12/27/2024,2024-12-30,Second Class,CUST-2883,Mary Johnson,Corporate,Philadelphia,Pennsylvania,East,Office Supplies,Envelopes,Envelopes - Model F474,11,13.41,0.3,103.26,-18.18,47.57
ORD-2021-00956,03/13/2021,2021-03-20,Standard Class,CUST-0867,Robert Ramirez,Consumer,Cincinnati,Ohio,Central,Office Supplies,Pens,Pens - Model O897,12,79.3,0.1,856.44,235.33,40.21
ORD-2023-00957,04/03/2023,2023-04-08,Standard Class,CUST-7508,Patricia Perez,Corporate,Richmond,Virginia,South,Clothing,Jackets,Jackets - Model M495,12,301.38,0.3,2531.59,766.88,22.68
ORD-2022-00958,11/29/2022,2022-11-29,Same Day,CUST-0015,Jessica Gonzalez,Consumer,San Diego,California,West,Office Supplies,Binders,Binders - Model M710,3,65.97,0.15,168.22,50.72,52.65
ORD-2023-00959,07/04/2023,2023-07-08,Standard Class,CUST-2448,John Lewis,Consumer,Richmond,Virginia,South,Clothing,Shirts,Shirts - Model J153,11,477.29,0.3,3675.13,-1307.74,47.17
ORD-2021-00960,08/27/2021,2021-09-01,Second Class,CUST-7673,Sophia Jones,Home Office,Sacramento,California,West,Furniture,Chairs,Chairs - Model A130,-9,979.06,0.0,8811.54,962.42,27.48
ORD-2022-00961,12/31/2022,2023-01-06,Standard Class,CUST-0702,Matthew Martin,Home Office,Tucson,Arizona,West,Furniture,Desks,Desks - Model I856,3,666.43,0.3,,-203.92,33.22
ORD-2024-00962,10/22/2024,2024-10-26,Second Class,CUST-3766,Sandra Jones,Consumer,Houston,Texas,Central,Furniture,Tables,Tables - Model O573,8,224.12,0.2,1434.37,132.04,17.55
ORD-2022-00963,01/21/2022,2022-01-22,First Class,CUST-9529,Sarah Davis,Consumer,Tampa,Florida,South,Technology,Tablets,Tablets - Model K764,9,1662.8,0.0,14965.2,857.11,46.2
ORD-2023-00964,09/18/2023,2023-09-23,Standard Class,CUST-6994,Ava Robinson,Corporate,Spokane,Washington,West,Technology,Monitors,Monitors - Model J332,10,1746.13,0.0,17461.3,3559.45,12.45
ORD-2023-00965,03/27/2023,2023-04-01,Standard Class,CUST-1193,Patricia Moore,Corporate,Philadelphia,Pennsylvania,East,Office Supplies,Pens,Pens - Model E630,7,36.85,0.0,257.95,80.05,10.95
ORD-2024-00966,07/16/2024,2024-07-17,First Class,CUST-4039,Sarah Perez,Consumer,Saint Paul,Minnesota,Central,Furniture,Tables,Tables - Model O332,12,935.44,0.3,7857.7,-506.43,42.94
ORD-2024-00967,11/16/2024,2024-11-22,Standard Class,CUST-6127,Ava Anderson,Corporate,Spokane,Washington,West,Clothing,Shirts,Shirts - Model B664,8,32.33,0.0,258.64,79.05,25.9
ORD-2021-00968,09/05/2021,2021-09-09,Standard Class,CUST-7985,William Anderson,Corporate,Los Angeles,California,West,Technology,Tablets,Tablets - Model H671,11,1422.54,0.0,15647.94,2992.16,48.26
ORD-2023-00969,10/07/2023,2023-10-08,First Class,CUST-5619,Jessica Robinson,Consumer,Cincinnati,Ohio,Central,Office Supplies,Envelopes,Envelopes - Model I234,3,43.54,0.05,124.09,55.07,49.16
ORD-2021-00970,10/18/2021,2021-10-23,Standard Class,CUST-5543,Isabella Hernandez,Consumer,Tucson,Arizona,West,Furniture,Tables,Tables - Model F851,6,625.39,0.2,3001.87,158.94,44.64
ORD-2022-00971,11/23/2022,2022-11-27,Standard Class,CUST-7555,Sarah Harris,Consumer,Hartford,Connecticut,East,Office Supplies,Envelopes,Envelopes - Model P382,2,165.88,0.0,331.76,89.56,17.13
ORD-2024-00972,02/19/2024,2024-02-26,Standard Class,CUST-3453,Amelia Wilson,Corporate,Rochester,New York,East,Technology,Monitors,Monitors - Model J779,7,611.63,0.25,3211.06,-302.66,15.29
ORD-2023-00973,12/03/2023,2023-12-09,Standard Class,CUST-8568,Isabella Jones,Corporate,Aurora,Illinois,Central,Office Supplies,Pens,Pens - Model N378,1,114.78,0.0,114.78,34.63,20.05
ORD-2022-00974,03/10/2022,2022-03-14,Standard Class,CUST-1597,Nancy Lewis,Corporate,Philadelphia,Pennsylvania,East,Office Supplies,Binders,Binders - Model N262,11,4.95,0.25,40.84,5.46,6.31
ORD-2022-00975,11/22/2022,2022-11-29,Standard Class,CUST-3851,Charles Miller,Consumer,Saint Paul,Minnesota,Central,Clothing,Pants,Pants - Model C268,7,250.37,0.25,1314.44,318.79,49.28
ORD-2022-00976,12/15/2022,2022-12-20,Second Class,CUST-9924,Elizabeth Thompson,Corporate,Trenton,New Jersey,East,Clothing,Jackets,Jackets - Model H960,11,468.62,0.1,4639.34,1072.64,30.93
ORD-2024-00977,07/14/2024,2024-07-17,Second Class,CUST-5322,Patricia Jackson,Consumer,Mesa,Arizona,West,Technology,Laptops,Laptops - Model B262,2,1485.93,0.15,2526.08,551.78,39.18
ORD-2023-00978,09/23/2023,2023-09-27,Standard Class,CUST-2361,Betty White,Home Office,New Haven,Connecticut,East,Clothing,Accessories,Accessories - Model O505,5,161.5,0.2,646.0,225.17,16.29
ORD-2023-00979,07/07/2023,2023-07-08,First Class,CUST-9484,Matthew Rodriguez,Home Office,Spokane,Washington,West,Office Supplies,Pens,Pens - Model B123,7,50.36,0.15,299.64,103.27,24.57
ORD-2021-00980,19-Mar-2021,2021-03-19,Same Day,CUST-2517,Jessica Lopez,Home Office,Boston,Massachusetts,East,Office Supplies,Binders,Binders - Model M328,6,42.77,0.15,218.13,67.13,91.28
ORD-2022-00981,01/03/2022,2022-01-08,Standard Class,CUST-1132,Sophia Gonzalez,Consumer,Las Vegas,Nevada,West,Office Supplies,Labels,Labels - Model K726,7,71.04,0.1,447.55,109.6,22.86
ORD-2022-00982,09/04/2022,2022-09-10,Standard Class,CUST-0708,Margaret Lopez,Home Office,Norfolk,Virginia,South,Technology,Accessories,Accessories - Model H871,10,644.02,0.1,5796.18,609.51,23.64
ORD-2022-00983,04/09/2022,2022-04-10,First Class,CUST-9006,Michael Johnson,Home Office,Mesa,Arizona,West,Technology,Monitors,Monitors - Model K612,7,364.34,0.25,1912.78,-261.8,41.24
ORD-2024-00984,08/08/2024,2024-08-12,Standard Class,CUST-2406,Christopher Wilson,Corporate,Orlando,Florida,South,Furniture,Chairs,Chairs - Model F217,8,1149.68,0.25,6898.08,543.76,26.89
ORD-2022-00985,01/30/2022,2022-01-31,First Class,CUST-9034,Lisa Miller,Consumer,Boston,Massachusetts,East,Technology,Phones,Phones - Model J384,10,1110.45,0.1,9994.05,1262.25,5.08
ORD-2024-00986,06/05/2024,2024-06-09,Standard Class,CUST-2488,Matthew Williams,Corporate,Portland,Oregon,West,Clothing,Jackets,Jackets - Model M985,6,269.09,0.2,1291.63,292.07,29.95
ORD-2024-00987,07/10/2024,2024-07-10,Same Day,CUST-7703,Anthony Smith,Home Office,Hartford,Connecticut,East,Office Supplies,Labels,Labels - Model J293,5,139.76,0.2,559.04,131.8,15.16
ORD-2022-00988,04/02/2022,2022-04-09,Standard Class,CUST-1045,Karen Perez,Consumer,Richmond,Virginia,South,Furniture,Chairs,Chairs - Model H299,5,702.55,0.0,3512.75,237.89,11.98
ORD-2021-00989,11/09/2021,2021-11-14,Second Class,CUST-1673,Charles Davis,Consumer,Springfield,Massachusetts,East,Technology,Monitors,Monitors - Model K827,12,2248.11,0.1,24279.59,3066.17,29.96
ORD-2021-00990,04/13/2021,2021-04-15,First Class,CUST-0076,Jessica Clark,Consumer,Grand Rapids,Michigan,Central,Furniture,Chairs,Chairs - Model J312,6,115.91,0.05,660.69,77.02,39.99
ORD-2023-00991,01/21/2023,2023-01-26,Standard Class,CUST-6941,Thomas Taylor,Consumer,Jersey City,New Jersey,East,Furniture,Tables,Tables - Model G236,9,1491.2,0.05,12749.76,276.38,2.78
ORD-2022-00992,11/08/2022,2022-11-14,Standard Class,CUST-9286,Christopher Miller,Consumer,Atlanta,Georgia,South,Clothing,Shirts,Shirts - Model D786,7,393.82,0.15,2343.23,1225.8,2.51
ORD-2023-00993,12/25/2023,2023-12-27,First Class,CUST-6157,Charlotte Miller,Corporate,Columbus,Ohio,Central,Office Supplies,Binders,Binders - Model B180,3,182.23,0.3,382.68,141.34,10.19
ORD-2021-00994,03/01/2021,2021-03-01,Same Day,CUST-3662,Patricia Ramirez,Consumer,Hartford,Connecticut,East,Furniture,Tables,Tables - Model E399,1,1325.19,0.0,1325.19,131.3,110.44
ORD-2023-00995,04/28/2023,2023-05-02,Second Class,CUST-8742,Anthony Miller,Corporate,Buffalo,New York,East,Clothing,Shirts,Shirts - Model F370,1,199.3,0.3,139.51,33.62,23.15
ORD-2024-00996,10/19/2024,2024-10-23,Standard Class,CUST-0561,James Perez,Consumer,Orlando,Florida,South,Office Supplies,Envelopes,Envelopes - Model M876,9,57.79,0.1,468.1,196.7,36.79
ORD-2021-00997,10/29/2021,2021-10-30,First Class,CUST-0867,Robert Ramirez,Consumer,Phoenix,Arizona,West,Technology,Phones,Phones - Model D643,8,2416.73,0.0,19333.84,1878.11,18.64
ORD-2024-00998,11/10/2024,2024-11-13,First Class,CUST-4522,,Consumer,Jacksonville,Florida,South,Technology,Laptops,Laptops - Model E460,2,1490.0,0.1,2682.0,506.6,10.55
ORD-2022-00999,10/14/2022,2022-10-14,Same Day,CUST-1132,Sophia Gonzalez,Consumer,Spokane,Washington,West,Clothing,Pants,Pants - Model F121,6,430.01,0.0,2580.06,535.97,50.08
ORD-2023-01000,02/11/2023,2023-02-16,Second Class,CUST-6594,Michael Brown,Corporate,Dallas,Texas,Central,Furniture,Tables,Tables - Model J401,5,680.94,0.0,3404.7,254.85,42.35
ORD-2023-01001,10/20/2023,2023-10-23,First Class,CUST-8197,Susan Taylor,Home Office,Las Vegas,Nevada,West,Clothing,Accessories,Accessories - Model L173,10,385.38,0.15,3275.73,739.62,34.73
ORD-2023-01002,10/15/2023,2023-10-15,Same Day,CUST-0421,Christopher Thomas,Consumer,Dallas,Texas,Central,Office Supplies,Binders,Binders - Model O609,8,65.14,0.0,521.12,81.3,48.04
ORD-2021-01003,11/11/2021,2021-11-14,First Class,CUST-1910,Sarah Thompson,Home Office,New York City,New York,East,Office Supplies,Labels,Labels - Model F254,10,58.6,0.0,586.0,124.76,43.5
ORD-2023-01004,04/21/2023,2023-04-26,Standard Class,CUST-9544,Isabella Harris,Corporate,Tucson,Arizona,West,Furniture,Bookcases,Bookcases - Model F946,10,1092.4,0.0,10924.0,302.53,20.1
ORD-2022-01005,11/18/2022,2022-11-23,Standard Class,CUST-6884,Barbara Sanchez,Consumer,Saint Paul,Minnesota,Central,Furniture,Storage,Storage - Model B144,5,873.63,0.05,4149.74,609.13,9.54
ORD-2024-01006,11/08/2024,2024-11-13,Second Class,CUST-3369,Christopher Clark,Home Office,San Diego,California,West,Furniture,Bookcases,Bookcases - Model N648,8,1487.41,0.1,10709.35,1936.82,6.99
ORD-2024-01007,12/08/2024,2024-12-10,First Class,CUST-0708,Margaret Lopez,Corporate,Eugene,Oregon,West,Furniture,Storage,Storage - Model P552,11,800.89,0.05,8369.3,1420.63,27.0
ORD-2023-01008,03/06/2023,2023-03-13,Standard Class,CUST-1780,David Wilson,Home Office,Trenton,New Jersey,East,Furniture,Desks,Desks - Model F214,10,237.14,0.2,1897.12,314.09,10.59
ORD-2022-01009,01/31/2022,2022-02-05,Standard Class,CUST-5049,Patricia Garcia,Corporate,Tacoma,Washington,West,Clothing,Accessories,Accessories - Model D192,8,432.72,0.25,2596.32,548.78,30.23
ORD-2024-01010,05/01/2024,2024-05-06,Second Class,CUST-3673,Richard Miller,Corporate,Allentown,Pennsylvania,East,Technology,Phones,Phones - Model H996,7,1084.51,0.0,7591.57,1499.34,37.77
ORD-2024-01011,12/17/2024,2024-12-24,Standard Class,CUST-8914,Joseph Jones,Consumer,Tacoma,Washington,West,Technology,Tablets,Tablets - Model B434,3,711.87,0.3,1494.93,343.58,2.09
ORD-2022-01012,12/29/2022,2023-01-01,Second Class,CUST-0675,James White,Home Office,Nashville,Tennessee,South,Clothing,Accessories,Accessories - Model N267,8,380.58,0.05,2892.41,1426.3,10.51
ORD-2024-01013,02/13/2024,2024-02-15,First Class,CUST-9788,William Rodriguez,Home Office,Stamford,Connecticut,East,Clothing,Shirts,Shirts - Model K750,2,442.8,0.3,,319.4,38.86
ORD-2021-01014,12/29/2021,2021-12-29,Same Day,CUST-5322,Susan Robinson,Consumer,New York City,New York,East,Furniture,Tables,Tables - Model H834,10,253.96,0.3,1777.72,307.27,31.86
ORD-2022-01015,01/18/2022,2022-01-22,Second Class,CUST-2883,Mary Johnson,Corporate,Reno,Nevada,West,Clothing,Shoes,Shoes - Model D766,1,217.02,0.15,184.47,88.58,10.02
ORD-2024-01016,07/24/2024,2024-07-27,First Class,CUST-2508,Richard Lopez,Corporate,Richmond,Virginia,South,Clothing,Shoes,Shoes - Model D571,9,350.45,0.15,2680.94,1442.28,22.11
ORD-2023-01017,12/29/2023,2024-01-03,Second Class,CUST-7033,Lisa Martin,Corporate,Hartford,Connecticut,,Furniture,Bookcases,Bookcases - Model M477,12,1431.41,0.2,13741.54,1595.34,38.66
ORD-2024-01018,06/06/2024,2024-06-11,Standard Class,CUST-9456,Amelia Martin,Corporate,Las Vegas,Nevada,West,Furniture,Storage,Storage - Model I787,7,953.56,0.0,6674.92,1051.43,37.43
ORD-2021-01019,10/07/2021,2021-10-10,First Class,CUST-4570,Anthony Lewis,Consumer,Las Vegas,Nevada,West,Office Supplies,Paper,Paper - Model O687,10,80.48,0.0,804.8,238.91,28.56
ORD-2024-01020,05/04/2024,2024-05-10,Standard Class,CUST-1060,Lisa Moore,Consumer,Springfield,Massachusetts,East,Furniture,Storage,Storage - Model J215,7,709.2,0.1,4467.96,764.03,26.91
ORD-2024-01021,07/14/2024,2024-07-14,Same Day,CUST-5447,Michael Lewis,Corporate,Boston,Massachusetts,East,Technology,Tablets,Tablets - Model J423,1,1991.22,0.0,1991.22,363.55,66.77
ORD-2023-01022,03/19/2023,2023-03-26,Standard Class,CUST-4469,Christopher Johnson,Home Office,San Francisco,California,West,Clothing,Jackets,Jackets - Model B118,9,97.78,0.3,616.01,-111.09,12.63
ORD-2024-01023,02/14/2024,2024-02-19,Standard Class,CUST-0017,Margaret Sanchez,Corporate,Tampa,Florida,South,Clothing,Jackets,Jackets - Model D666,6,213.84,0.05,1218.89,189.94,46.42
ORD-2023-01024,05-Jul-2023,2023-07-12,Standard Class,CUST-2018,Robert Smith,Consumer,Salem,Oregon,West,Office Supplies,Binders,Binders - Model A466,7,59.97,0.3,293.85,56.23,41.62
ORD-2024-01025,01/14/2024,2024-01-14,Same Day,CUST-4945,Isabella Clark,Consumer,Worcester,Massachusetts,East,Clothing,Pants,Pants - Model N999,11,403.79,0.0,4441.69,867.02,95.01
ORD-2023-01026,05/26/2023,2023-05-26,Same Day,CUST-3453,Amelia Wilson,Consumer,Eugene,Oregon,West,Technology,Accessories,Accessories - Model P380,11,890.21,0.2,7833.85,1266.93,116.5
ORD-2023-01027,02/06/2023,2023-02-12,Standard Class,CUST-0995,Lisa Brown,Consumer,Houston,Texas,Central,Clothing,Shoes,Shoes - Model E422,7,386.38,0.0,2704.66,,10.68
ORD-2024-01028,11/01/2024,2024-11-03,First Class,CUST-7085,Richard Thompson,Home Office,Cleveland,Ohio,Central,Clothing,Shoes,Shoes - Model J654,5,345.52,0.15,1468.46,438.99,12.7
ORD-2023-01029,06/15/2023,2023-06-22,Standard Class,CUST-8858,Patricia Davis,Home Office,Minneapolis,Minnesota,Central,Office Supplies,Pens,Pens - Model L323,2,34.91,0.0,69.82,7.06,13.96
ORD-2021-01030,09/19/2021,2021-09-19,Same Day,CUST-8341,Sarah Robinson,Home Office,Las Vegas,Nevada,West,Clothing,Pants,Pants - Model N890,5,272.68,0.3,954.38,422.41,71.68
ORD-2024-01031,12/29/2024,2025-01-01,Second Class,CUST-6258,Betty Thompson,Consumer,Portland,Oregon,West,Office Supplies,Paper,Paper - Model M218,9,66.88,0.15,511.63,161.28,23.53
ORD-2021-01032,04/23/2021,2021-04-27,Second Class,CUST-2763,Linda Robinson,Corporate,Cleveland,Ohio,Central,Office Supplies,Pens,Pens - Model P335,6,128.45,0.15,655.09,242.6,16.28
ORD-2023-01033,12/20/2023,2023-12-26,Standard Class,CUST-6660,James Williams,Consumer,Detroit,Michigan,Central,Clothing,Pants,Pants - Model I396,10,109.56,0.15,931.26,225.87,26.51
ORD-2021-01034,03/04/2021,2021-03-09,Standard Class,CUST-5908,Amelia Gonzalez,Corporate,Rochester,New York,East,Clothing,Accessories,Accessories - Model F931,9,43.48,0.0,,133.82,24.81
ORD-2021-01035,01/20/2021,2021-01-27,Standard Class,CUST-9688,Charles Moore,Consumer,San Diego,California,West,Clothing,Jackets,Jackets - Model G435,12,120.95,0.3,1015.98,172.72,43.45
ORD-2022-01036,12/31/2022,2023-01-07,Standard Class,CUST-1384,Anthony Sanchez,Consumer,Reno,Nevada,West,Clothing,Pants,Pants - Model M702,2,493.6,0.05,937.84,219.42,21.01
ORD-2024-01037,04/18/2024,2024-04-18,Same Day,CUST-4919,Emily Sanchez,Home Office,Grand Rapids,Michigan,Central,Technology,Phones,Phones - Model D149,9,1509.16,0.15,11545.07,1684.87,74.29
ORD-2023-01038,12/25/2023,2023-12-31,Standard Class,CUST-7302,Harper Williams,Consumer,Rochester,Minnesota,Central,Office Supplies,Envelopes,Envelopes - Model I853,9,155.74,0.1,1261.49,399.56,47.08
ORD-2024-01039,10/04/2024,2024-10-07,First Class,CUST-8013,Michael Lopez,Corporate,Worcester,Massachusetts,East,Office Supplies,Labels,Labels - Model E630,12,24.01,0.0,288.12,46.88,5.43
ORD-2024-01040,04/10/2024,2024-04-15,Standard Class,CUST-2508,Richard Lopez,Corporate,Orlando,Florida,South,Clothing,Shirts,Shirts - Model O114,6,377.8,0.3,1586.76,427.95,46.42
ORD-2021-01041,07/22/2021,2021-07-22,Same Day,CUST-9788,William Rodriguez,Consumer,San Antonio,Texas,Central,Furniture,Chairs,Chairs - Model G640,9,532.33,0.2,3832.78,662.33,18.69
ORD-2021-01042,06/17/2021,2021-06-23,Standard Class,CUST-6157,Charlotte Miller,Home Office,Boston,Massachusetts,East,Technology,Monitors,Monitors - Model F953,2,1140.97,0.0,,283.15,9.09
ORD-2023-01043,05/21/2023,2023-05-26,Second Class,CUST-9219,William Perez,Consumer,Richmond,Virginia,South,Technology,Accessories,Accessories - Model A887,11,830.12,0.0,9131.32,1686.25,2.96
ORD-2021-01044,11/06/2021,2021-11-07,First Class,CUST-9219,William Perez,Consumer,Phoenix,Arizona,WEST,Office Supplies,Pens,Pens - Model D349,12,86.47,0.0,1037.64,354.38,17.75
ORD-2024-01045,01/01/2024,2024-01-04,First Class,CUST-2093,,Corporate,Portland,Oregon,West,Clothing,Pants,Pants - Model M171,6,467.01,0.3,1961.44,-397.42,45.92
ORD-2021-01046,06/11/2021,2021-06-16,Standard Class,CUST-9456,Amelia Martin,Consumer,Boston,Massachusetts,East,Technology,Tablets,Tablets - Model K994,7,271.35,0.1,1709.51,239.46,13.82
ORD-2024-01047,08/25/2024,2024-08-29,Standard Class,CUST-2517,Jessica Lopez,Corporate,Las Vegas,Nevada,West,Office Supplies,Binders,Binders - Model M795,10,10.43,0.0,104.3,41.03,45.73
ORD-2023-01048,08/24/2023,2023-08-24,Same Day,CUST-9753,Jessica Perez,Consumer,Tucson,Arizona,West,Office Supplies,Binders,Binders - Model J281,9,18.28,0.1,148.07,28.1,103.04
ORD-2024-01049,10/30/2024,2024-11-03,Second Class,CUST-8725,Sarah Jones,Home Office,Grand Rapids,Michigan,Central,Office Supplies,Envelopes,Envelopes - Model I143,6,192.74,0.0,1156.44,192.11,28.89
ORD-2021-01050,11/03/2021,2021-11-07,Standard Class,CUST-5336,Isabella Williams,Consumer,Pittsburgh,Pennsylvania,East,Office Supplies,Pens,Pens - Model O218,-9,151.49,0.05,1295.24,397.89,40.12
ORD-2021-01051,02/14/2021,2021-02-19,Second Class,CUST-9456,Amelia Martin,Corporate,New Haven,Connecticut,East,Furniture,Storage,Storage - Model I728,9,697.89,0.1,5652.91,999.49,38.21
ORD-2022-01052,12/20/2022,2022-12-21,First Class,CUST-8858,Patricia Davis,Home Office,Rochester,Minnesota,Central,Clothing,Jackets,Jackets - Model G121,11,484.24,0.3,3728.65,1990.88,39.86
ORD-2023-01053,02/25/2023,2023-03-02,Standard Class,CUST-9006,Michael Johnson,Corporate,Chicago,Illinois,Central,Technology,Monitors,Monitors - Model P310,9,1201.24,0.15,9189.49,2227.17,12.68
ORD-2022-01054,04/25/2022,2022-04-29,Standard Class,CUST-2939,Barbara Rodriguez,Corporate,Newark,New Jersey,East,Technology,Tablets,Tablets - Model G624,11,2189.7,0.0,24086.7,2101.76,8.13
ORD-2021-01055,09/30/2021,2021-10-03,First Class,CUST-3952,Michael Ramirez,Home Office,Orlando,Florida,South,Technology,Tablets,Tablets - Model O572,3,67.94,0.1,,11.6,4.72
ORD-2024-01056,11/14/2024,2024-11-20,Standard Class,CUST-3533,Evelyn Hernandez,Home Office,Phoenix,Arizona,West,Technology,Phones,Phones - Model P831,10,808.44,0.0,8084.4,637.37,15.3
ORD-2023-01057,12/12/2023,2023-12-17,Standard Class,CUST-9544,Isabella Harris,Corporate,Memphis,Tennessee,South,Clothing,Jackets,Jackets - Model E289,5,16.85,0.05,80.04,17.53,6.78
ORD-2023-01058,12/29/2023,2024-01-05,Standard Class,CUST-2763,Linda Robinson,Consumer,Tucson,Arizona,West,Clothing,Shirts,Shirts - Model E659,7,229.84,0.0,1608.88,277.43,46.64
ORD-2021-01059,12/13/2021,2021-12-17,Second Class,CUST-8858,Patricia Davis,Consumer,Houston,Texas,Central,Technology,Phones,Phones - Model K576,8,1532.04,0.0,12256.32,759.73,25.76
ORD-2021-01060,10/07/2021,2021-10-10,Second Class,CUST-7605,Barbara Martin,Home Office,Las Vegas,Nevada,West,Clothing,Pants,Pants - Model F195,2,110.05,0.2,176.08,66.3,37.68
ORD-2023-01061,08/26/2023,2023-08-29,First Class,CUST-7555,Sarah Harris,Consumer,Los Angeles,California,West,Office Supplies,Envelopes,Envelopes - Model D607,2,114.76,0.3,160.66,61.49,24.75
ORD-2021-01062,01/13/2021,2021-01-14,First Class,CUST-5049,Patricia Garcia,Consumer,Seattle,Washington,West,Office Supplies,Binders,Binders - Model C763,7,5.05,0.15,30.05,4.91,45.75
ORD-2022-01063,07/07/2022,2022-07-14,Standard Class,CUST-0702,Matthew Martin,Home Office,Tampa,Florida,South,Clothing,Accessories,Accessories - Model A313,11,99.49,0.15,930.23,257.04,12.78
ORD-2021-01064,09/25/2021,2021-09-29,Second Class,CUST-9622,Susan Perez,Corporate,Cincinnati,Ohio,Central,Office Supplies,Labels,Labels - Model L214,7,9.34,0.0,65.38,8.97,34.04
ORD-2022-01065,10/17/2022,2022-10-24,Standard Class,CUST-5783,Isabella Perez,Corporate,Savannah,Georgia,South,Clothing,Jackets,Jackets - Model P669,7,397.67,0.3,1948.58,-510.86,49.96
ORD-2021-01066,01/20/2021,2021-01-24,Standard Class,CUST-7508,Patricia Perez,Consumer,Mesa,Arizona,West,Technology,Accessories,Accessories - Model J734,10,370.04,0.2,2960.32,326.09,4.42
ORD-2024-01067,03/15/2024,2024-03-18,Second Class,CUST-6157,Charlotte Miller,Home Office,San Antonio,Texas,Central,,Desks,Desks - Model I622,7,427.52,0.0,2992.64,331.44,7.63
ORD-2024-01068,03/21/2024,2024-03-22,First Class,CUST-6484,Harper Miller,Consumer,Allentown,Pennsylvania,East,Furniture,Bookcases,Bookcases - Model E987,1,558.14,0.15,474.42,9.62,11.99
ORD-2022-01069,11/23/2022,2022-11-27,Second Class,CUST-4580,,Corporate,Trenton,New Jersey,East,Technology,Monitors,Monitors - Model A103,9,1326.68,0.0,11940.12,886.72,7.72
ORD-2021-01070,11/06/2021,2021-11-13,Standard Class,CUST-2448,John Lewis,Corporate,Dallas,Texas,,Clothing,Accessories,Accessories - Model B497,1,275.47,0.15,234.15,63.24,49.47
ORD-2021-01071,06/18/2021,2021-06-22,Standard Class,CUST-4641,Karen Taylor,Consumer,Charlotte,North Carolina,South,Office Supplies,Binders,Binders - Model H544,2,178.28,0.05,338.73,146.87,5.96
ORD-2021-01072,07/16/2021,2021-07-22,Standard Class,CUST-3211,William Moore,Consumer,Rochester,Minnesota,Central,Furniture,Storage,Storage - Model J253,1,308.0,0.1,277.2,45.71,33.91
ORD-2021-01073,05/21/2021,2021-05-28,Standard Class,CUST-9644,Amelia White,Corporate,Las Vegas,Nevada,West,Office Supplies,Pens,Pens - Model I983,7,87.52,0.0,,214.82,6.58
ORD-2024-01074,11/02/2024,2024-11-07,Standard Class,CUST-8671,John Gonzalez,Corporate,Rochester,New York,East,Clothing,Accessories,Accessories - Model J101,3,480.88,0.2,1154.11,238.09,27.48
ORD-2023-01075,10/23/2023,2023-10-29,Standard Class,CUST-4566,Mary Perez,Consumer,Pittsburgh,Pennsylvania,East,Clothing,Jackets,Jackets - Model F327,6,497.92,0.0,2987.52,458.19,6.19
ORD-2024-01076,11/23/2024,2024-11-23,Same Day,CUST-2232,Anthony Hernandez,Corporate,Sacramento,California,West,Office Supplies,Labels,Labels - Model A393,11,173.52,0.2,1526.98,213.85,8.8
ORD-2023-01077,08/10/2023,2023-08-15,Standard Class,CUST-7257,Nancy Anderson,Consumer,New York City,New York,East,Clothing,Shirts,Shirts - Model A191,12,440.7,0.0,5288.4,1217.4,45.4
ORD-2024-01078,03/08/2024,2024-03-13,Second Class,CUST-1193,Patricia Moore,Consumer,Philadelphia,Pennsylvania,East,Office Supplies,Paper,Paper - Model P853,7,88.17,0.15,524.61,93.66,41.12
ORD-2022-01079,06/14/2022,2022-06-14,Same Day,CUST-9169,Thomas Sanchez,Home Office,Seattle,Washington,West,Office Supplies,Envelopes,Envelopes - Model A209,10,19.45,0.05,184.77,18.92,64.91
ORD-2024-01080,07/05/2024,2024-07-08,Second Class,CUST-9484,Matthew Rodriguez,Consumer,Spokane,Washington,West,Clothing,Accessories,Accessories - Model F267,6,380.86,0.0,2285.16,1097.84,34.07
ORD-2022-01081,01/11/2022,2022-01-11,Same Day,CUST-9529,Sarah Davis,Consumer,Raleigh,North Carolina,South,Office Supplies,Paper,Paper - Model O518,9,89.52,0.1,725.11,273.03,40.21
ORD-2023-01082,08/15/2023,2023-08-22,Standard Class,CUST-1673,Charles Davis,Consumer,Spokane,Washington,West,Office Supplies,Labels,Labels - Model P408,3,26.86,0.15,68.49,27.56,40.96
ORD-2022-01083,12/22/2022,2022-12-29,Standard Class,CUST-8197,Susan Taylor,Corporate,Atlanta,Georgia,South,Office Supplies,Binders,Binders - Model L362,10,157.56,0.0,1575.6,692.42,33.68
ORD-2022-01084,07/21/2022,2022-07-24,Second Class,CUST-8467,Olivia Wilson,Corporate,Naperville,Illinois,Central,Technology,Monitors,Monitors - Model E574,4,56.18,0.2,179.78,17.38,12.82
ORD-2024-01085,10/18/2024,2024-10-24,Standard Class,CUST-2233,John Anderson,Consumer,Augusta,Georgia,South,Technology,Accessories,Accessories - Model M365,1,900.93,0.0,900.93,192.18,49.66
ORD-2022-01086,12/08/2022,2022-12-12,Standard Class,CUST-8254,Sandra Martinez,Consumer,Naperville,Illinois,Central,Clothing,Shirts,Shirts - Model J725,12,476.02,0.2,4569.79,693.13,47.41
ORD-2023-01087,12/15/2023,2023-12-22,Standard Class,CUST-2488,Matthew Williams,Home Office,San Francisco,California,West,Technology,Phones,Phones - Model C926,5,129.46,0.0,647.3,59.53,46.11
ORD-2023-01088,08/31/2023,2023-09-03,FIRST CLASS,CUST-0867,Robert Ramirez,Consumer,Naperville,Illinois,,Technology,Accessories,Accessories - Model E878,6,1725.17,0.0,10351.02,2011.74,14.4
ORD-2024-01089,04/06/2024,2024-04-09,Second Class,CUST-3708,Sandra Perez,Consumer,Newark,New Jersey,East,Office Supplies,Binders,Binders - Model K642,3,141.82,0.0,425.46,112.91,9.99
ORD-2023-01090,12/19/2023,2023-12-24,Second Class,CUST-8511,Mia Jones,Corporate,Spokane,Washington,West,Clothing,Shirts,Shirts - Model N208,7,23.47,0.3,115.0,22.36,48.85
ORD-2021-01091,11/13/2021,2021-11-13,Same Day,CUST-6974,David Jones,Corporate,Knoxville,Tennessee,South,Technology,Monitors,Monitors - Model G596,6,2101.88,0.0,12611.28,1759.04,55.31
ORD-2021-01092,08/06/2021,2021-08-07,First Class,CUST-1483,Michael Perez,Consumer,San Diego,California,West,Technology,Laptops,Laptops - Model I785,5,525.68,0.0,2628.4,243.54,20.97
ORD-2022-01093,01/17/2022,2022-01-21,Second Class,CUST-3453,Amelia Wilson,Consumer,Reno,Nevada,WEST,Clothing,Shirts,Shirts - Model M920,8,344.3,0.15,2341.24,413.27,31.75
ORD-2021-01094,08/31/2021,2021-09-04,Standard Class,CUST-3042,David Perez,Corporate,Atlanta,Georgia,South,Furniture,Bookcases,Bookcases - Model C104,8,1393.78,0.05,10592.73,588.66,4.23
ORD-2024-01095,08/21/2024,2024-08-26,Second Class,CUST-8742,Anthony Miller,Home Office,Tacoma,Washington,West,Furniture,Storage,Storage - Model E395,9,1287.26,0.3,8109.74,-132.08,7.14
ORD-2023-01096,05/21/2023,2023-05-27,Standard Class,CUST-4806,Nancy Garcia,Corporate,Seattle,Washington,West,Clothing,Jackets,Jackets - Model M815,5,208.1,0.05,988.47,239.64,43.65
ORD-2024-01097,06/12/2024,2024-06-16,Standard Class,CUST-0549,Joseph Smith,Consumer,San Diego,California,West,Clothing,Jackets,Jackets - Model E602,9,411.93,0.2,2965.9,1459.84,7.87
ORD-2023-01098,08/26/2023,2023-08-30,Standard Class,CUST-8891,Jennifer Ramirez,Consumer,Chicago,Illinois,Central,Office Supplies,Paper,Paper - Model E339,10,75.68,0.25,567.6,-75.83,20.07
ORD-2024-01099,12/02/2024,2024-12-04,First Class,CUST-0675,James White,Consumer,Pittsburgh,Pennsylvania,East,Office Supplies,Envelopes,Envelopes - Model O579,3,9.26,0.0,27.78,7.07,3.31
ORD-2022-01100,12/21/2022,2022-12-21,Same Day,CUST-3453,Amelia Wilson,Consumer,Ann Arbor,Michigan,Central,Technology,Laptops,Laptops - Model D598,6,801.89,0.05,4570.77,713.11,98.16
ORD-2023-01101,06/25/2023,2023-06-30,Standard Class,CUST-8552,,Home Office,Trenton,New Jersey,East,Furniture,Storage,Storage - Model F440,5,1162.75,0.2,4651.0,666.7,21.34
ORD-2021-01102,10/30/2021,2021-11-05,Standard Class,CUST-1597,Nancy Lewis,Corporate,Jacksonville,Florida,South,Clothing,Shoes,Shoes - Model G247,8,473.34,0.05,3597.38,1896.65,12.0
ORD-2024-01103,01/29/2024,2024-02-05,Standard Class,CUST-1544,David Rodriguez,Consumer,Cincinnati,Ohio,Central,Clothing,Accessories,Accessories - Model B516,11,350.1,0.1,3465.99,1236.68,46.93
ORD-2023-01104,03/17/2023,2023-03-23,Standard Class,CUST-0549,Joseph Smith,Consumer,Columbus,Ohio,Central,Furniture,Bookcases,Bookcases - Model G691,7,1121.04,0.15,6670.19,849.2,23.57
ORD-2022-01105,06/12/2022,2022-06-19,Standard Class,CUST-3316,Margaret Thompson,Consumer,Cleveland,Ohio,Central,Clothing,Shoes,Shoes - Model K452,5,87.8,0.0,439.0,168.87,43.41
ORD-2022-01106,05/10/2022,2022-05-13,First Class,CUST-6675,Linda Gonzalez,Consumer,Charlotte,North Carolina,South,Furniture,Tables,Tables - Model B823,3,287.9,0.0,863.7,92.23,7.11
ORD-2021-01107,03-Jun-2021,2021-06-03,Same Day,CUST-4414,John Smith,Corporate,Boston,Massachusetts,East,Technology,Tablets,Tablets - Model F731,9,961.27,0.1,7786.29,806.98,71.3
ORD-2024-01108,03/27/2024,2024-04-01,Standard Class,CUST-4874,Margaret Hernandez,Consumer,Durham,North Carolina,South,Furniture,Bookcases,Bookcases - Model A197,5,301.05,0.2,1204.2,82.31,41.78
ORD-2021-01109,05/05/2021,2021-05-06,First Class,CUST-8490,Joseph Anderson,Home Office,New York City,New York,East,Clothing,Shirts,Shirts - Model K801,1,471.27,0.1,424.14,162.58,12.02
ORD-2023-01110,04/27/2023,2023-04-30,First Class,CUST-0421,Christopher Thomas,Consumer,Phoenix,Arizona,West,Office Supplies,Envelopes,Envelopes - Model N347,9,3.06,0.05,26.16,11.39,3.56
ORD-2023-01111,03/26/2023,2023-03-29,Second Class,CUST-2644,Isabella Johnson,Consumer,Salem,Oregon,West,Furniture,Storage,Storage - Model H230,8,1060.05,0.25,6360.3,333.49,9.68
ORD-2024-01112,12/18/2024,2024-12-25,Standard Class,CUST-6127,Ava Anderson,Consumer,Tucson,Arizona,West,Clothing,Shoes,Shoes - Model K943,3,232.27,0.0,696.81,258.65,16.58
ORD-2022-01113,02/25/2022,2022-03-01,Standard Class,CUST-8993,Margaret Wilson,Corporate,Columbus,Ohio,Central,Clothing,Jackets,Jackets - Model A528,12,252.63,0.15,2576.83,1163.22,42.63
ORD-2021-01114,02/14/2021,2021-02-14,Same Day,CUST-6437,Linda White,Consumer,Naperville,Illinois,Central,Furniture,Tables,Tables - Model C480,5,1326.71,0.05,6301.87,828.98,38.54
ORD-2024-01115,01/16/2024,2024-01-16,Same Day,CUST-8725,Sarah Jones,Corporate,Spokane,Washington,,Technology,Laptops,Laptops - Model H466,2,149.81,0.15,254.68,58.88,101.64
ORD-2022-01116,12/06/2022,2022-12-10,Standard Class,CUST-4964,Nancy Jackson,Consumer,Savannah,Georgia,South,Office Supplies,Binders,Binders - Model G873,4,40.16,0.0,160.64,32.62,13.82
ORD-2021-01117,12/01/2021,2021-12-04,Second Class,CUST-3662,Patricia Ramirez,Consumer,Trenton,New Jersey,East,Office Supplies,Pens,Pens - Model C265,10,13.39,0.15,113.81,41.31,20.86
ORD-2024-01118,06/06/2024,2024-06-10,Standard Class,CUST-4992,Linda Jones,Home Office,Spokane,Washington,West,Office Supplies,Labels,Labels - Model L384,3,14.98,0.0,44.94,10.53,30.57
ORD-2022-01119,07/04/2022,2022-07-08,Second Class,CUST-5389,Charlotte Martinez,Consumer,Boston,Massachusetts,East,Technology,Laptops,Laptops - Model D593,6,618.69,0.2,2969.71,224.57,22.33
ORD-2022-01120,07/16/2022,2022-07-21,Standard Class,CUST-9544,Isabella Harris,Corporate,New Haven,Connecticut,East,Clothing,Shirts,Shirts - Model O928,4,22.96,0.0,,38.02,44.21
ORD-2022-01121,07/05/2022,2022-07-10,Standard Class,CUST-6833,Margaret Martin,Consumer,Los Angeles,California,West,,Tablets,Tablets - Model D377,4,1813.5,0.0,7254.0,508.31,32.71
ORD-2022-01122,09/06/2022,2022-09-10,Second Class,CUST-5076,Sandra Moore,Consumer,Worcester,Massachusetts,East,FURNITURE,Desks,Desks - Model I980,3,255.39,0.0,766.17,84.52,13.34
ORD-2022-01123,06/05/2022,2022-06-09,Second Class,CUST-9924,Elizabeth Thompson,Consumer,Orlando,Florida,,Clothing,Shoes,Shoes - Model B541,8,320.68,0.05,2437.17,1303.05,44.27
ORD-2021-01124,12/15/2021,2021-12-22,Standard Class,CUST-0710,David Miller,Consumer,Phoenix,Arizona,West,Office Supplies,Envelopes,Envelopes - Model I158,9,68.04,0.3,428.65,-107.55,11.22
ORD-2024-01125,01/14/2024,2024-01-19,Standard Class,CUST-1902,Susan Johnson,Corporate,Detroit,Michigan,Central,Office Supplies,Envelopes,Envelopes - Model P228,11,117.73,0.0,1295.03,293.77,46.35
ORD-2024-01126,07/29/2024,2024-08-03,Standard Class,CUST-2111,Charlotte Brown,Consumer,Allentown,Pennsylvania,East,Technology,Monitors,Monitors - Model F461,12,1999.75,0.2,19197.6,1604.93,44.38
ORD-2022-01127,09/07/2022,2022-09-10,Second Class,CUST-2232,Anthony Hernandez,Consumer,Newark,New Jersey,East,Furniture,Desks,Desks - Model C394,10,872.89,0.0,8728.9,1412.78,31.06
ORD-2024-01128,09/03/2024,2024-09-09,Standard Class,CUST-4944,Olivia Martin,Home Office,Pittsburgh,Pennsylvania,East,Office Supplies,Envelopes,Envelopes - Model G289,2,96.49,0.1,,56.7,2.9
ORD-2022-01129,04/20/2022,2022-04-25,Standard Class,CUST-5076,Sandra Moore,Corporate,Seattle,Washington,West,Furniture,Tables,Tables - Model F405,8,167.66,0.05,1274.22,113.17,2.28
ORD-2021-01130,04/06/2021,2021-04-12,Standard Class,CUST-8217,Mia Miller,Home Office,Las Vegas,Nevada,West,Clothing,Shirts,Shirts - Model P546,3,201.55,0.05,574.42,249.0,36.23
ORD-2022-01131,12/26/2022,2023-01-02,Standard Class,CUST-0017,Margaret Sanchez,Consumer,Pittsburgh,Pennsylvania,,Furniture,Tables,Tables - Model D310,4,1186.16,0.0,4744.64,105.51,46.97
ORD-2024-01132,06/18/2024,2024-06-24,Standard Class,CUST-0064,Mia Davis,Home Office,Tacoma,Washington,West,Technology,Laptops,Laptops - Model O282,8,1201.18,0.2,7687.55,1189.05,24.88
ORD-2023-01133,05/11/2023,2023-05-15,Standard Class,CUST-4874,Margaret Hernandez,Consumer,Cincinnati,Ohio,Central,Technology,Accessories,Accessories - Model K978,6,295.21,0.3,1239.88,171.45,42.12
ORD-2023-01134,10/10/2023,2023-10-11,First Class,CUST-5389,Charlotte Martinez,Consumer,Seattle,Washington,West,Clothing,Jackets,Jackets - Model I890,5,48.11,0.25,180.41,-23.52,18.09
ORD-2022-01135,02/07/2022,2022-02-13,Standard Class,CUST-3326,Mark Clark,Corporate,New York City,New York,East,Furniture,Bookcases,Bookcases - Model E528,9,864.7,0.1,7004.07,1007.74,10.3
ORD-2023-01136,11/23/2023,2023-11-29,Standard Class,CUST-2332,Sandra Ramirez,Consumer,San Diego,California,West,Clothing,Jackets,Jackets - Model F193,7,365.8,0.05,2432.57,677.51,30.32
ORD-2021-01137,02/02/2021,2021-02-09,Standard Class,CUST-4874,Margaret Hernandez,Corporate,Phoenix,Arizona,West,Clothing,Shoes,Shoes - Model D400,4,233.25,0.3,653.1,-55.88,36.93
ORD-2021-01138,06/18/2021,2021-06-25,Standard Class,CUST-8945,Robert Lewis,Home Office,Virginia Beach,Virginia,South,Clothing,Pants,Pants - Model M666,2,190.19,0.1,342.34,172.17,6.18
ORD-2023-01139,02/03/2023,2023-02-08,Standard Class,CUST-4570,Anthony Lewis,Corporate,Savannah,Georgia,South,Technology,Monitors,Monitors - Model J442,1,1758.89,0.3,1231.22,-72.77,21.77
ORD-2023-01140,11/28/2023,2023-12-03,Standard Class,CUST-4835,Lisa Smith,Corporate,Stamford,Connecticut,East,Clothing,Shoes,Shoes - Model G122,7,240.79,0.0,1685.53,622.29,8.51
ORD-2022-01141,01/11/2022,2022-01-18,standard class,CUST-5383,Lisa Sanchez,Home Office,Naperville,Illinois,Central,Clothing,Jackets,Jackets - Model G614,6,341.36,0.0,2048.16,624.45,38.07
ORD-2024-01142,03/18/2024,2024-03-22,Second Class,CUST-0041,Betty Lewis,Corporate,Mesa,Arizona,West,Office Supplies,Pens,Pens - Model A964,11,128.09,0.0,1408.99,209.45,7.66
ORD-2023-01143,12/22/2023,2023-12-27,Standard Class,CUST-4933,Nancy Lopez,Corporate,Hartford,Connecticut,East,Technology,Accessories,Accessories - Model F691,11,2245.97,0.0,24705.67,3580.18,47.29
ORD-2024-01144,04/03/2024,2024-04-03,Same Day,CUST-5543,Isabella Hernandez,Home Office,Mesa,Arizona,West,Furniture,Bookcases,Bookcases - Model K887,4,1165.74,0.05,4429.81,,59.9
ORD-2021-01145,01/13/2021,2021-01-18,Standard Class,CUST-2131,Matthew Smith,Corporate,Tucson,Arizona,West,Furniture,Chairs,Chairs - Model H434,5,1040.02,0.0,5200.1,209.73,19.22
ORD-2024-01146,03/04/2024,2024-03-10,Standard Class,CUST-5551,Patricia Williams,Consumer,Nashville,Tennessee,South,Furniture,Chairs,Chairs - Model L364,10,809.84,0.1,7288.56,450.14,45.8
ORD-2022-01147,07/24/2022,2022-07-28,Second Class,CUST-2808,Olivia Davis,Corporate,Aurora,Illinois,Central,Technology,Accessories,Accessories - Model M756,5,1675.14,0.0,8375.7,994.6,32.97
ORD-2024-01148,04/02/2024,2024-04-02,Same Day,CUST-2763,Linda Robinson,Consumer,Cincinnati,Ohio,Central,Technology,Tablets,Tablets - Model A304,8,1948.04,0.0,15584.32,2262.7,117.43
ORD-2021-01149,11/16/2021,2021-11-20,Standard Class,CUST-5792,Jessica Garcia,Consumer,Atlanta,Georgia,South,Technology,Accessories,Accessories - Model F511,3,1345.3,0.2,3228.72,516.77,33.26
ORD-2022-01150,08/30/2022,2022-09-05,Standard Class,CUST-6675,Linda Gonzalez,Consumer,Jacksonville,Florida,South,,Jackets,Jackets - Model C177,7,274.52,0.2,1537.31,806.82,34.9
ORD-2024-01151,05/13/2024,2024-05-17,Standard Class,CUST-2517,Jessica Lopez,Home Office,Reno,Nevada,West,Furniture,Chairs,Chairs - Model H739,2,700.75,0.0,1401.5,278.85,22.22
ORD-2024-01152,10/09/2024,2024-10-14,Second Class,CUST-8993,Margaret Wilson,Consumer,Tucson,Arizona,West,Office Supplies,Labels,Labels - Model P106,2,37.37,0.1,67.27,25.81,46.66
ORD-2021-01153,10/20/2021,2021-10-23,Second Class,CUST-5684,Ava Thomas,Home Office,Phoenix,Arizona,West,Office Supplies,Binders,Binders - Model A287,9,182.08,0.25,1229.04,297.15,35.8
ORD-2022-01154,05/27/2022,2022-06-01,Standard Class,CUST-3690,Emily Anderson,Corporate,Portland,Oregon,West,Technology,Tablets,Tablets - Model L327,12,1922.04,0.1,20758.03,3118.82,5.8
ORD-2023-01155,12/28/2023,2023-12-31,First Class,CUST-0941,Christopher Robinson,Corporate,San Francisco,California,West,Furniture,Chairs,Chairs - Model L995,12,867.83,0.25,7810.47,-484.37,21.2
ORD-2021-01156,11/08/2021,2021-11-12,Second Class,CUST-5520,David Taylor,Consumer,Reno,Nevada,West,Technology,Laptops,Laptops - Model L695,5,1439.02,0.25,5396.33,1314.32,34.0
ORD-2021-01157,12/23/2021,2021-12-30,Standard Class,CUST-5076,Sandra Moore,Home Office,Tucson,Arizona,West,Furniture,Chairs,Chairs - Model M526,7,136.83,0.25,718.36,137.03,21.59
ORD-2022-01158,01/23/2022,2022-01-25,First Class,CUST-8197,,Corporate,Springfield,Massachusetts,East,Clothing,Shoes,Shoes - Model O827,8,230.96,0.0,1847.68,552.21,39.49
ORD-2021-01159,01/26/2021,2021-01-28,First Class,CUST-4039,Sarah Perez,Consumer,Tucson,Arizona,West,Furniture,Storage,Storage - Model G882,10,154.42,0.0,,142.75,3.41
ORD-2021-01160,05/17/2021,2021-05-21,Standard Class,CUST-5076,Sandra Moore,Corporate,Grand Rapids,Michigan,Central,Furniture,Chairs,Chairs - Model J848,10,133.95,0.1,1205.55,49.76,11.8
ORD-2024-01161,03/23/2024,2024-03-30,Standard Class,CUST-9544,Isabella Harris,Home Office,Charlotte,North Carolina,South,Clothing,Jackets,Jackets - Model F860,11,470.51,0.0,5175.61,1390.9,2.55
ORD-2024-01162,06/25/2024,2024-06-27,First Class,CUST-3690,Emily Anderson,Consumer,Pittsburgh,Pennsylvania,East,Clothing,Shoes,Shoes - Model D737,5,283.76,0.2,1135.04,227.05,47.01
ORD-2024-01163,01/22/2024,2024-01-26,Standard Class,CUST-8725,Sarah Jones,Corporate,Durham,North Carolina,South,Office Supplies,Binders,Binders - Model A559,10,82.88,0.0,828.8,354.52,22.67
ORD-2022-01164,11/14/2022,2022-11-20,Standard Class,CUST-7555,Sarah Harris,Corporate,Columbus,Ohio,Central,Technology,Laptops,Laptops - Model K330,2,1658.79,0.25,2488.18,-264.28,2.61
ORD-2023-01165,10/14/2023,2023-10-18,Standard Class,CUST-6156,Sophia Clark,Corporate,Portland,Oregon,West,Furniture,Chairs,Chairs - Model E811,6,1254.99,0.0,7529.94,951.34,26.75
ORD-2022-01166,02/01/2022,2022-02-08,Standard Class,CUST-2652,Jennifer Gonzalez,Consumer,Cleveland,Ohio,Central,Technology,Tablets,Tablets - Model P541,1,1137.63,0.3,796.34,-48.56,49.35
ORD-2021-01167,01/11/2021,2021-01-14,First Class,CUST-1968,Barbara Lewis,Consumer,Phoenix,Arizona,West,Office Supplies,Paper,Paper - Model P811,4,192.28,0.0,769.12,,30.47
ORD-2021-01168,06/10/2021,2021-06-15,Second Class,CUST-2448,John Lewis,Consumer,Phoenix,Arizona,West,Office Supplies,Pens,Pens - Model C846,12,161.94,0.15,1651.79,682.72,23.69
ORD-2022-01169,07/10/2022,2022-07-17,Standard Class,CUST-0245,Michael Harris,Consumer,Springfield,Massachusetts,East,Clothing,Shoes,Shoes - Model A151,5,15.54,0.05,73.81,37.41,40.46
ORD-2022-01170,09/30/2022,2022-10-03,Second Class,CUST-8254,Sandra Martinez,Consumer,San Francisco,California,West,Technology,Laptops,Laptops - Model M503,3,1929.59,0.0,5788.77,565.62,19.84
ORD-2024-01171,01/20/2024,2024-01-24,Standard Class,CUST-3673,Richard Miller,Corporate,Naperville,Illinois,Central,Office Supplies,Binders,Binders - Model K192,7,57.93,0.2,324.41,112.98,11.92
ORD-2022-01172,02/22/2022,2022-02-26,Second Class,CUST-0015,Jessica Gonzalez,Corporate,San Francisco,California,West,Technology,Monitors,Monitors - Model B880,7,1244.09,0.3,6096.04,1182.43,25.18
ORD-2021-01173,03/29/2021,2021-04-01,Second Class,CUST-8013,Michael Lopez,Home Office,Rochester,Minnesota,Central,Technology,Laptops,Laptops - Model E930,7,977.5,0.0,6842.5,800.96,15.23
ORD-2022-01174,11/25/2022,2022-12-02,Standard Class,CUST-0015,Jessica Gonzalez,Consumer,Allentown,Pennsylvania,East,Clothing,Pants,Pants - Model E118,6,120.69,0.25,543.11,228.78,47.69
ORD-2023-01175,01/15/2023,2023-01-20,Second Class,CUST-6660,James Williams,Consumer,Naperville,Illinois,Central,Technology,Accessories,Accessories - Model C396,7,1877.45,0.15,11170.83,2187.68,29.68
ORD-2023-01176,05/13/2023,2023-05-19,Standard Class,CUST-0867,Robert Ramirez,Corporate,Savannah,Georgia,South,Clothing,Shirts,Shirts - Model L337,1,77.56,0.2,62.05,11.14,27.66
ORD-2021-01177,12/03/2021,2021-12-07,Standard Class,CUST-9688,Charles Moore,Home Office,Reno,Nevada,West,Technology,Accessories,Accessories - Model M344,7,2081.63,0.15,12385.7,728.32,37.08
ORD-2024-01178,12/05/2024,2024-12-10,Standard Class,CUST-2332,Sandra Ramirez,Home Office,Minneapolis,Minnesota,Central,Technology,Laptops,Laptops - Model B924,12,631.28,0.0,7575.36,595.67,8.49
ORD-2024-01179,05/30/2024,2024-06-02,Second Class,CUST-5694,Charles Wilson,Corporate,Grand Rapids,Michigan,Central,,Bookcases,Bookcases - Model B150,10,1083.41,0.2,8667.28,240.43,43.43
ORD-2023-01180,08/08/2023,2023-08-08,Same Day,CUST-3655,Karen Clark,Home Office,Cleveland,Ohio,Central,Office Supplies,Labels,Labels - Model J810,5,185.29,0.05,880.13,246.29,19.92
ORD-2021-01181,02/03/2021,2021-02-08,Standard Class,CUST-8252,Thomas White,Corporate,Trenton,New Jersey,East,Office Supplies,Envelopes,Envelopes - Model M260,3,120.23,0.15,306.59,46.69,25.68
ORD-2023-01182,12/11/2023,2023-12-14,First Class,CUST-8884,Thomas Jones,Consumer,Charlotte,North Carolina,South,,Shirts,Shirts - Model O110,5,229.97,0.0,1149.85,,45.29
ORD-2023-01183,11/12/2023,2023-11-18,Standard Class,CUST-4920,Jennifer Wilson,Corporate,Tucson,Arizona,West,Technology,Phones,Phones - Model O335,11,1828.3,0.0,20111.3,2707.63,40.83
ORD-2022-01184,10/10/2022,2022-10-16,Standard Class,CUST-4229,Charlotte Davis,Corporate,Newark,New Jersey,East,Furniture,Storage,Storage - Model K414,8,863.74,0.0,6909.92,1020.86,48.49
ORD-2023-01185,01/19/2023,2023-01-26,Standard Class,CUST-1060,Lisa Moore,Corporate,Ann Arbor,Michigan,,Technology,Monitors,Monitors - Model M545,12,2344.99,0.2,22511.9,3740.29,22.62
ORD-2023-01186,03/07/2023,2023-03-14,Standard Class,CUST-6258,Betty Thompson,Consumer,Memphis,Tennessee,South,Technology,Tablets,Tablets - Model O150,3,2427.89,0.25,5462.75,1199.14,6.26
ORD-2022-01187,06/28/2022,2022-07-04,Standard Class,CUST-1483,Michael Perez,Corporate,Seattle,Washington,West,Furniture,Tables,Tables - Model G970,3,1044.6,0.25,2350.35,136.99,12.1
ORD-2023-01188,04/10/2023,2023-04-15,Standard Class,CUST-2652,Jennifer Gonzalez,Consumer,Pittsburgh,Pennsylvania,East,Clothing,Accessories,Accessories - Model F364,3,225.26,0.05,641.99,256.01,36.04
ORD-2022-01189,04/04/2022,2022-04-08,Standard Class,CUST-1814,Barbara Williams,Corporate,Tacoma,Washington,West,Technology,Phones,Phones - Model N731,4,608.49,0.0,2433.96,373.01,16.08
ORD-2022-01190,03/12/2022,2022-03-14,First Class,CUST-5462,Joseph Davis,Corporate,Minneapolis,Minnesota,Central,Office Supplies,Pens,Pens - Model C436,5,138.63,0.0,693.15,286.86,4.76
ORD-2023-01191,06/26/2023,2023-06-30,Standard Class,CUST-1941,James Martinez,Corporate,Dallas,Texas,Central,Office Supplies,Binders,Binders - Model G789,3,38.49,0.2,92.38,41.34,36.79
ORD-2021-01192,11/05/2021,2021-11-09,Standard Class,CUST-3655,Karen Clark,Consumer,Philadelphia,Pennsylvania,East,Office Supplies,Envelopes,Envelopes - Model A921,8,2.68,0.3,15.01,-2.92,18.08
ORD-2022-01193,10/04/2022,2022-10-09,Second Class,CUST-2093,John Harris,Corporate,Portland,Oregon,West,Office Supplies,Paper,Paper - Model E607,5,5.66,0.2,22.64,6.01,38.41
ORD-2023-01194,11/03/2023,2023-11-04,First Class,CUST-5607,Daniel Miller,Consumer,Buffalo,New York,East,Clothing,Pants,Pants - Model L749,7,442.69,0.1,2788.95,1473.53,36.99
ORD-2022-01195,08/03/2022,2022-08-08,Standard Class,CUST-2332,Sandra Ramirez,Consumer,Boston,Massachusetts,East,Clothing,Accessories,Accessories - Model I962,10,396.9,0.1,3572.1,1391.32,35.89
ORD-2023-01196,12/26/2023,2023-12-27,First Class,CUST-3316,Margaret Thompson,Consumer,Seattle,Washington,West,Furniture,Tables,Tables - Model H704,5,1342.99,0.0,6714.95,292.35,9.53
ORD-2024-01197,01/28/2024,2024-01-31,Second Class,CUST-6994,Ava Robinson,Corporate,San Diego,California,West,Technology,Phones,Phones - Model C286,11,1153.55,0.0,12689.05,,11.27
ORD-2024-01198,04/26/2024,2024-05-03,Standard Class,CUST-0041,Betty Lewis,Home Office,Spokane,Washington,West,Clothing,Shirts,Shirts - Model E231,4,230.62,0.3,645.74,-201.03,48.68
ORD-2022-01199,11/18/2022,2022-11-22,Second Class,CUST-2448,John Lewis,Corporate,Augusta,Georgia,South,Clothing,Accessories,Accessories - Model I500,1,378.99,0.15,322.14,114.72,34.96
ORD-2024-01200,06/30/2024,2024-07-01,First Class,CUST-4159,Charles Garcia,Consumer,Houston,Texas,Central,Clothing,Shirts,Shirts - Model B959,9,39.08,0.0,351.72,111.45,20.44
ORD-2021-01201,12/29/2021,2021-12-29,Same Day,CUST-9644,Amelia White,Consumer,Reno,Nevada,West,Clothing,Jackets,Jackets - Model K869,6,445.35,0.15,2271.29,431.43,120.93
ORD-2022-01202,06/06/2022,2022-06-13,Standard Class,CUST-5383,Lisa Sanchez,Consumer,Tucson,Arizona,West,,Paper,Paper - Model L173,7,77.76,0.1,489.89,104.73,9.39
ORD-2022-01203,06/10/2022,2022-06-10,Same Day,CUST-6594,Michael Brown,Consumer,Worcester,Massachusetts,East,Furniture,Storage,Storage - Model N647,7,54.97,0.05,365.55,62.35,103.47
ORD-2021-01204,03/27/2021,2021-03-28,First Class,CUST-8945,Robert Lewis,Consumer,Seattle,Washington,West,Furniture,Storage,Storage - Model N162,3,96.48,0.15,246.02,37.31,27.95
ORD-2024-01205,01/01/2024,2024-01-05,Standard Class,CUST-4570,,Corporate,San Francisco,California,West,Technology,Monitors,Monitors - Model P710,8,2176.62,0.25,13059.72,-998.4,28.65
ORD-2021-01206,08/13/2021,2021-08-13,Same Day,CUST-3326,Mark Clark,Corporate,Jersey City,New Jersey,East,Clothing,Shoes,Shoes - Model J621,1,290.79,0.25,218.09,88.56,73.76
ORD-2024-01207,12/18/2024,2024-12-21,Second Class,CUST-9219,William Perez,Corporate,Chicago,Illinois,Central,Office Supplies,Pens,Pens - Model E766,1,160.68,0.0,160.68,35.96,27.46
ORD-2021-01208,10/14/2021,2021-10-15,First Class,CUST-5088,Isabella Anderson,Corporate,Charlotte,North Carolina,South,Technology,Monitors,Monitors - Model O780,8,1204.35,0.3,6744.36,-514.8,47.53
ORD-2024-01209,09/06/2024,2024-09-10,Standard Class,CUST-2380,Thomas Garcia,Home Office,Rochester,Minnesota,Central,Furniture,Storage,Storage - Model K905,11,794.4,0.2,6990.72,1016.03,40.69
ORD-2022-01210,12/21/2022,2022-12-27,Standard Class,CUST-7985,William Anderson,Consumer,San Antonio,Texas,,Clothing,Accessories,Accessories - Model I269,8,215.8,0.25,1294.8,345.73,6.74
ORD-2023-01211,06/28/2023,2023-07-02,Second Class,CUST-9529,Sarah Davis,Consumer,Phoenix,Arizona,West,Technology,Accessories,Accessories - Model E401,3,2221.57,0.15,5665.0,1214.24,29.03
ORD-2023-01212,04/29/2023,2023-05-04,Standard Class,CUST-2808,Jennifer Clark,Home Office,Atlanta,Georgia,South,Clothing,Shirts,Shirts - Model O739,9,473.46,0.0,4261.14,2310.72,44.43
ORD-2022-01213,04/12/2022,2022-04-15,First Class,CUST-0017,Margaret Sanchez,Consumer,Grand Rapids,Michigan,Central,Office Supplies,Envelopes,Envelopes - Model O694,6,141.25,0.0,847.5,270.77,23.37
ORD-2023-01214,10/14/2023,2023-10-18,Second Class,CUST-6974,David Jones,Corporate,Mesa,Arizona,,Furniture,Bookcases,Bookcases - Model C461,10,125.26,0.25,939.45,120.68,16.52
ORD-2023-01215,11/11/2023,2023-11-18,Standard Class,CUST-1193,Patricia Moore,Consumer,Boston,Massachusetts,East,Technology,Laptops,Laptops - Model A801,8,1026.55,0.0,8212.4,801.19,21.16
ORD-2021-01216,08/11/2021,2021-08-15,Standard Class,CUST-9977,Linda Anderson,Corporate,Cincinnati,Ohio,Central,Clothing,Shirts,Shirts - Model E935,1,327.94,0.25,245.95,37.59,36.33
ORD-2024-01217,11/05/2024,2024-11-09,Second Class,CUST-3359,Robert White,Consumer,Las Vegas,Nevada,West,Furniture,Tables,Tables - Model I823,9,1004.25,0.2,7230.6,1005.37,31.16
ORD-2023-01218,07/20/2023,2023-07-27,Standard Class,CUST-1344,Lisa Williams,Corporate,Reno,Nevada,West,Furniture,Tables,Tables - Model K462,12,685.75,0.25,6171.75,614.75,38.77
ORD-2024-01219,09/09/2024,2024-09-12,First Class,CUST-0710,Karen Gonzalez,Consumer,Rochester,New York,East,Technology,Tablets,Tablets - Model E759,2,1335.75,0.05,2537.92,389.1,36.12
ORD-2022-01220,07/28/2022,2022-07-28,Same Day,CUST-8254,Sandra Martinez,Consumer,Philadelphia,Pennsylvania,East,Clothing,Shirts,Shirts - Model D870,3,468.74,0.15,1195.29,586.09,28.81
ORD-2024-01221,01/03/2024,2024-01-07,Standard Class,CUST-8884,,Consumer,Rochester,Minnesota,Central,Clothing,Shoes,Shoes - Model O650,1,438.12,0.0,438.12,106.4,48.73
ORD-2024-01222,07/09/2024,2024-07-14,Standard Class,CUST-7358,David Lee,Consumer,Reno,Nevada,West,Clothing,Jackets,Jackets - Model A167,7,116.79,0.0,817.53,323.14,25.03
ORD-2023-01223,10/19/2023,2023-10-24,Standard Class,CUST-6261,Ava Ramirez,Home Office,New Haven,Connecticut,East,Furniture,Bookcases,Bookcases - Model H206,9,608.45,0.3,3833.23,-199.36,29.12
ORD-2021-01224,07/01/2021,2021-07-07,Standard Class,CUST-0941,Christopher Robinson,Home Office,Dallas,Texas,Central,Office Supplies,Paper,Paper - Model L741,12,52.35,0.05,596.79,181.47,40.26
ORD-2021-01225,02/19/2021,2021-02-24,Standard Class,CUST-6261,Ava Ramirez,Consumer,Ann Arbor,Michigan,Central,Office Supplies,Labels,Labels - Model L657,5,130.76,0.25,490.35,94.98,46.6
ORD-2021-01226,08/24/2021,2021-08-28,Standard Class,CUST-4964,Nancy Jackson,Consumer,Seattle,Washington,West,Technology,Tablets,Tablets - Model D333,5,2102.55,0.25,7884.56,1003.87,35.85
ORD-2022-01227,06/07/2022,2022-06-12,Second Class,CUST-4217,Emily Moore,Corporate,Columbus,Ohio,Central,Furniture,Storage,Storage - Model M395,11,966.28,0.05,10097.63,1966.99,38.99
ORD-2021-01228,02/28/2021,2021-03-05,Second Class,CUST-8904,James Hernandez,Home Office,Naperville,Illinois,Central,Technology,Monitors,Monitors - Model G525,7,1158.43,0.0,8109.01,1378.18,20.12
ORD-2023-01229,05/01/2023,2023-05-05,Standard Class,CUST-4933,Nancy Lopez,Consumer,Charlotte,North Carolina,South,Furniture,Tables,Tables - Model I728,10,830.0,0.0,8300.0,1510.07,12.02
ORD-2023-01230,06/16/2023,2023-06-20,Second Class,CUST-6258,Betty Thompson,Consumer,Trenton,New Jersey,East,Technology,Tablets,Tablets - Model E750,5,726.39,0.2,2905.56,215.18,16.1
ORD-2024-01231,06/17/2024,2024-06-19,First Class,CUST-2808,Olivia Davis,Corporate,New Haven,Connecticut,East,Furniture,Bookcases,Bookcases - Model B212,9,594.08,0.25,4010.04,-215.8,30.06
ORD-2023-01232,01/01/2023,2023-01-06,Second Class,CUST-8467,Olivia Wilson,Consumer,Cleveland,Ohio,Central,Clothing,Shoes,Shoes - Model M971,5,407.83,0.1,1835.23,721.51,3.26
ORD-2024-01233,01/27/2024,2024-01-31,Second Class,CUST-6994,Ava Robinson,Corporate,Rochester,New York,East,Office Supplies,Labels,Labels - Model M592,3,37.75,0.3,79.27,-8.96,13.58
ORD-2022-01234,12/24/2022,2022-12-29,Second Class,CUST-3215,Michael Davis,Consumer,Aurora,Illinois,Central,Furniture,Desks,Desks - Model C217,5,1054.12,0.25,3952.95,453.31,41.55
ORD-2022-01235,11/14/2022,2022-11-21,Standard Class,CUST-1201,Mia Brown,Consumer,Pittsburgh,Pennsylvania,East,Furniture,Chairs,Chairs - Model L614,1,117.87,0.3,82.51,-4.56,29.95
ORD-2022-01236,11/27/2022,2022-12-01,Second Class,CUST-8568,Isabella Jones,Consumer,Hartford,Connecticut,East,Technology,Monitors,Monitors - Model O199,1,1557.09,0.2,1245.67,219.45,17.36
ORD-2022-01237,12/09/2022,2022-12-12,First Class,CUST-2488,Matthew Williams,Consumer,New York City,New York,East,Technology,Tablets,Tablets - Model I283,12,1870.46,0.0,22445.52,2936.97,4.53
ORD-2022-01238,12/04/2022,2022-12-10,Standard Class,CUST-4574,Patricia Taylor,Home Office,Cincinnati,Ohio,Central,Office Supplies,Paper,Paper - Model D396,3,7.41,0.2,17.78,4.77,6.95
ORD-2021-01239,06/04/2021,2021-06-07,First Class,CUST-5577,Olivia Perez,Corporate,Reno,Nevada,West,Furniture,Tables,Tables - Model E973,3,438.48,0.0,1315.44,261.01,13.14
ORD-2024-01240,11/17/2024,2024-11-17,Same Day,CUST-3359,Robert White,Consumer,Los Angeles,California,West,Furniture,Desks,Desks - Model J314,4,876.54,0.05,3330.85,203.21,25.92
ORD-2022-01241,01/07/2022,2022-01-14,Standard Class,CUST-9297,Jessica White,Corporate,Tucson,Arizona,West,Office Supplies,Binders,Binders - Model G411,3,101.12,0.1,273.02,101.12,16.3
ORD-2023-01242,06/26/2023,2023-07-01,Standard Class,CUST-8914,Joseph Jones,Consumer,New Haven,Connecticut,East,Office Supplies,Binders,Binders - Model N868,8,128.06,0.25,768.36,244.94,13.64
ORD-2024-01243,09/17/2024,2024-09-21,Standard Class,CUST-0472,Ava Moore,Corporate,Las Vegas,Nevada,West,Furniture,Bookcases,Bookcases - Model M479,6,857.2,0.0,5143.2,350.52,38.67
ORD-2023-01244,03/10/2023,2023-03-14,Second Class,CUST-4414,John Smith,Corporate,Nashville,Tennessee,,Technology,Tablets,Tablets - Model P901,6,586.98,0.2,2817.5,619.28,35.5
ORD-2021-01245,11/23/2021,2021-11-27,Second Class,CUST-4964,Nancy Jackson,Corporate,Raleigh,North Carolina,South,Clothing,Pants,Pants - Model K865,4,85.51,0.05,324.94,162.79,35.94
ORD-2023-01246,03/07/2023,2023-03-14,Standard Class,CUST-2808,Jennifer Clark,Consumer,Las Vegas,Nevada,West,Clothing,Pants,Pants - Model H431,5,114.13,0.1,513.59,161.44,17.77
ORD-2023-01247,05/29/2023,2023-06-04,Standard Class,CUST-7963,Christopher Anderson,Consumer,Ann Arbor,Michigan,Central,Furniture,Storage,Storage - Model C525,2,551.09,0.05,1047.07,147.94,26.0
ORD-2021-01248,07/27/2021,2021-08-03,Standard Class,CUST-9611,Amelia Rodriguez,Corporate,Chicago,Illinois,Central,Furniture,Bookcases,Bookcases - Model B582,12,274.09,0.0,3289.08,624.06,15.15
ORD-2024-01249,06/10/2024,2024-06-16,Standard Class,CUST-3232,William Sanchez,Home Office,Orlando,Florida,South,Technology,Laptops,Laptops - Model D392,7,1970.2,0.1,12412.26,2564.37,23.22
ORD-2022-01250,01/12/2022,2022-01-14,First Class,CUST-3673,Richard Miller,Home Office,San Antonio,Texas,Central,Furniture,Tables,Tables - Model D571,3,1129.64,0.1,3050.03,67.23,20.98
ORD-2024-01251,03/18/2024,2024-03-23,Second Class,CUST-4016,Sarah Hernandez,Consumer,San Antonio,Texas,Central,Clothing,Shirts,Shirts - Model N562,11,22.53,0.3,173.48,-29.94,3.58
ORD-2023-01252,12/09/2023,2023-12-12,Second Class,CUST-3851,Charles Miller,Consumer,Allentown,Pennsylvania,East,Furniture,Tables,Tables - Model I378,4,730.07,0.2,2336.22,397.11,33.53
ORD-2022-01253,02/25/2022,2022-03-01,Standard Class,CUST-5383,Lisa Sanchez,Corporate,San Diego,California,West,Clothing,Accessories,Accessories - Model G138,2,497.05,0.3,695.87,129.75,48.82
ORD-2024-01254,03/30/2024,2024-03-31,First Class,CUST-3533,Evelyn Hernandez,Corporate,Los Angeles,California,West,Clothing,Shoes,Shoes - Model D513,9,499.63,0.0,4496.67,2250.44,30.91
ORD-2022-01255,05/20/2022,2022-05-23,First Class,CUST-3453,Amelia Wilson,Home Office,Cincinnati,Ohio,Central,Office Supplies,Binders,Binders - Model B314,6,41.1,0.2,197.28,23.97,24.95
ORD-2024-01256,11/06/2024,2024-11-07,First Class,CUST-9788,William Rodriguez,Home Office,Buffalo,New York,East,Clothing,Shirts,Shirts - Model G997,3,393.52,0.0,1180.56,452.37,16.85
ORD-2021-01257,02/03/2021,2021-02-03,Same Day,CUST-0041,Betty Lewis,Home Office,Chicago,Illinois,Central,Technology,Laptops,Laptops - Model O971,11,782.73,0.0,8610.03,1995.18,117.07
ORD-2021-01258,06/03/2021,2021-06-09,Standard Class,CUST-4570,Anthony Lewis,Consumer,Worcester,Massachusetts,East,Technology,Laptops,Laptops - Model C138,11,1273.33,0.0,14006.63,2542.54,20.19
ORD-2024-01259,03/28/2024,2024-03-29,First Class,CUST-3655,Karen Clark,Consumer,Eugene,Oregon,West,Technology,Tablets,Tablets - Model G439,1,1056.86,0.2,845.49,205.59,10.91
ORD-2021-01260,05/17/2021,2021-05-19,First Class,CUST-7934,Charlotte Jackson,Corporate,Newark,New Jersey,East,Technology,Phones,Phones - Model E748,6,743.34,0.0,4460.04,1056.35,24.39
ORD-2024-01261,01/17/2024,2024-01-23,Standard Class,CUST-4522,Betty Davis,Consumer,Jersey City,New Jersey,East,Furniture,Chairs,Chairs - Model A478,2,898.55,0.15,1527.53,149.52,18.7
ORD-2024-01262,09/20/2024,2024-09-23,First Class,CUST-6261,Ava Ramirez,Consumer,Columbus,Ohio,Central,Technology,Accessories,Accessories - Model E499,7,376.51,0.15,2240.23,293.51,3.24
ORD-2023-01263,02/23/2023,2023-02-23,Same Day,CUST-5383,Lisa Sanchez,Consumer,Salem,Oregon,West,Clothing,Accessories,Accessories - Model N981,3,137.73,0.3,289.23,94.88,110.23
ORD-2021-01264,01/08/2021,2021-01-13,Standard Class,CUST-6484,Harper Miller,Consumer,Newark,New Jersey,East,Clothing,Pants,Pants - Model G613,12,64.55,0.15,658.41,327.94,33.66
ORD-2021-01265,10/14/2021,2021-10-20,Standard Class,CUST-2232,Anthony Hernandez,Consumer,Spokane,Washington,West,Furniture,Storage,Storage - Model G466,10,898.85,0.1,8089.65,208.32,15.1
ORD-2021-01266,03/21/2021,2021-03-25,Standard Class,CUST-6258,Betty Thompson,Consumer,Chicago,Illinois,Central,Furniture,Desks,Desks - Model A945,6,315.53,0.25,1419.88,-199.16,30.42
ORD-2021-01267,01/16/2021,2021-01-21,Second Class,CUST-2448,John Lewis,Consumer,Cleveland,Ohio,Central,Furniture,Chairs,Chairs - Model E653,1,1281.69,0.0,1281.69,232.1,6.91
ORD-2022-01268,08/13/2022,2022-08-15,First Class,CUST-5322,Patricia Jackson,Consumer,Portland,Oregon,West,Office Supplies,Envelopes,Envelopes - Model N919,8,58.99,0.0,471.92,138.14,10.41
ORD-2024-01269,08/06/2024,2024-08-09,First Class,CUST-9688,Charles Moore,Home Office,Las Vegas,Nevada,West,Technology,Laptops,Laptops - Model O671,10,1944.12,0.0,19441.2,1350.57,41.55
ORD-2024-01270,06/24/2024,2024-06-28,Standard Class,CUST-8511,Mia Jones,Consumer,Augusta,Georgia,South,Office Supplies,Pens,Pens - Model P903,6,119.29,0.1,,221.76,3.0
ORD-2022-01271,07/24/2022,2022-07-28,Second Class,CUST-0719,Linda Smith,Home Office,Ann Arbor,Michigan,Central,Clothing,Shirts,Shirts - Model M168,12,33.75,0.15,344.25,109.52,13.55
ORD-2023-01272,07/16/2023,2023-07-23,Standard Class,CUST-6986,Sandra Martin,Consumer,Reno,Nevada,West,Clothing,Accessories,Accessories - Model C406,10,450.47,0.0,4504.7,927.99,12.56
ORD-2021-01273,02/11/2021,2021-02-15,Second Class,CUST-8899,Jennifer White,Consumer,Boston,Massachusetts,East,Office Supplies,Envelopes,Envelopes - Model P980,3,65.98,0.0,197.94,56.62,34.41
ORD-2022-01274,05/08/2022,2022-05-15,Standard Class,CUST-8568,Isabella Jones,Consumer,Los Angeles,California,West,Office Supplies,Paper,Paper - Model K450,4,188.57,0.2,,187.13,17.73
ORD-2022-01275,11/24/2022,2022-12-01,Standard Class,CUST-1780,David Wilson,Home Office,Buffalo,New York,East,Technology,Laptops,Laptops - Model I268,6,1157.84,0.05,6599.69,1645.63,12.22
ORD-2024-01276,12/07/2024,2024-12-12,Standard Class,CUST-9924,Elizabeth Thompson,Corporate,Philadelphia,Pennsylvania,East,Furniture,Chairs,Chairs - Model I120,3,919.5,0.2,2206.8,117.15,44.32
ORD-2024-01277,06/18/2024,2024-06-23,Standard Class,CUST-4964,Nancy Jackson,Consumer,Allentown,Pennsylvania,East,Technology,Accessories,Accessories - Model O654,3,2267.67,0.15,5782.56,1080.76,30.34
ORD-2023-01278,04/12/2023,2023-04-17,Standard Class,CUST-0827,Harper Wilson,Consumer,Jacksonville,Florida,South,Furniture,Chairs,Chairs - Model H700,3,765.16,0.1,2065.93,239.02,47.01
ORD-2023-01279,11/04/2023,2023-11-07,Second Class,CUST-9169,Thomas Sanchez,Consumer,Chicago,Illinois,Central,Furniture,Bookcases,Bookcases - Model P186,10,120.84,0.0,1208.4,164.71,10.82
ORD-2024-01280,04/06/2024,2024-04-11,Second Class,CUST-8330,Mark Moore,Consumer,Eugene,Oregon,West,Technology,Monitors,Monitors - Model L462,10,807.31,0.25,6054.82,1004.33,45.13
ORD-2022-01281,12/10/2022,2022-12-14,Standard Class,CUST-0710,Karen Gonzalez,Consumer,Reno,Nevada,West,Clothing,Jackets,Jackets - Model O851,5,420.55,0.25,1577.06,244.66,31.52
ORD-2022-01282,12/24/2022,2022-12-24,Same Day,CUST-4522,Betty Davis,Corporate,Sacramento,California,West,Clothing,Jackets,Jackets - Model B452,3,332.83,0.2,798.79,141.19,8.18
ORD-2024-01283,03/24/2024,2024-03-28,Standard Class,CUST-5792,Jessica Garcia,Corporate,Ann Arbor,Michigan,Central,Technology,Laptops,Laptops - Model E351,2,1704.17,0.2,2726.67,397.25,28.26
ORD-2023-01284,12/24/2023,2023-12-31,Standard Class,CUST-9977,Linda Anderson,Consumer,Philadelphia,Pennsylvania,East,Office Supplies,Labels,Labels - Model E173,3,76.95,0.3,161.59,56.91,19.65
ORD-2022-01285,03/28/2022,2022-04-01,Standard Class,CUST-2106,John Martin,Consumer,Memphis,Tennessee,South,Furniture,Bookcases,Bookcases - Model K891,4,867.6,0.3,2429.28,295.47,43.94
ORD-2024-01286,12/10/2024,2024-12-14,Second Class,CUST-6261,Ava Ramirez,Consumer,Springfield,Massachusetts,East,Furniture,Tables,Tables - Model P873,9,1079.0,0.0,9711.0,1052.28,28.58
ORD-2024-01287,10/30/2024,2024-10-30,Same Day,CUST-0015,Jessica Gonzalez,Corporate,Richmond,Virginia,South,Technology,Tablets,Tablets - Model A934,7,2019.38,0.0,14135.66,2686.71,52.15
ORD-2022-01288,01/12/2022,2022-01-18,Standard Class,CUST-7257,Nancy Anderson,Home Office,Pittsburgh,Pennsylvania,East,Furniture,Tables,Tables - Model P954,6,1018.78,0.15,5195.78,974.02,20.52
ORD-2023-01289,08/20/2023,2023-08-26,Standard Class,CUST-6594,Michael Brown,Corporate,Worcester,Massachusetts,East,Office Supplies,Paper,Paper - Model A414,7,125.84,0.15,748.75,76.4,21.84
ORD-2021-01290,09/23/2021,2021-09-27,Standard Class,CUST-5551,Patricia Williams,Consumer,Newark,New Jersey,East,Clothing,Shoes,Shoes - Model P283,10,472.88,0.15,4019.48,1731.84,31.47
ORD-2024-01291,04/11/2024,2024-04-15,Standard Class,CUST-4919,Emily Sanchez,Corporate,Seattle,Washington,West,Office Supplies,Paper,Paper - Model F250,4,59.96,0.25,179.88,47.04,35.1
ORD-2024-01292,12/03/2024,2024-12-07,Second Class,CUST-1483,Michael Perez,Consumer,Stamford,Connecticut,East,Office Supplies,Paper,Paper - Model O124,4,47.58,0.3,133.22,-13.48,42.36
ORD-2021-01293,10/22/2021,2021-10-22,Same Day,CUST-0988,Charlotte Williams,Consumer,Houston,Texas,Central,,Shoes,Shoes - Model M884,12,228.18,0.2,2190.53,501.31,80.62
ORD-2024-01294,12/06/2024,2024-12-10,Standard Class,CUST-9544,Isabella Harris,Consumer,Seattle,Washington,West,Office Supplies,Labels,Labels - Model I229,7,163.79,0.3,802.57,137.43,12.2
ORD-2023-01295,07/14/2023,2023-07-18,Standard Class,CUST-0697,Daniel Lewis,Consumer,San Antonio,Texas,Central,Clothing,Shirts,Shirts - Model K755,11,134.07,0.1,1327.29,671.96,44.08
ORD-2024-01296,12/12/2024,2024-12-15,First Class,CUST-5551,Patricia Williams,Consumer,Chicago,Illinois,Central,Office Supplies,Paper,Paper - Model G483,1,165.32,0.0,165.32,21.01,45.15
ORD-2022-01297,08/21/2022,2022-08-25,Standard Class,CUST-5383,Lisa Sanchez,Consumer,Miami,Florida,South,Technology,Phones,Phones - Model J162,5,642.88,0.15,2732.24,358.29,44.89
ORD-2022-01298,11/28/2022,2022-12-03,Standard Class,CUST-9544,Isabella Harris,Home Office,San Diego,California,West,Clothing,Jackets,Jackets - Model L617,1,106.57,0.0,106.57,20.38,21.36
ORD-2022-01299,10/13/2022,2022-10-17,Standard Class,CUST-4275,Robert Martinez,Consumer,Durham,North Carolina,South,Furniture,Bookcases,Bookcases - Model D514,10,804.86,0.3,5634.02,-607.36,22.92
ORD-2021-01300,08/07/2021,2021-08-14,Standard Class,CUST-3326,Mark Clark,Consumer,Detroit,Michigan,Central,Office Supplies,Labels,Labels - Model G779,4,33.65,0.0,134.6,35.91,4.0
ORD-2022-01301,10/20/2022,2022-10-24,Standard Class,CUST-9986,Ava Garcia,Home Office,Newark,New Jersey,East,Clothing,Jackets,Jackets - Model O822,3,277.26,0.05,790.19,233.82,13.49
ORD-2022-01302,05/22/2022,2022-05-27,Standard Class,CUST-2808,Jennifer Clark,Corporate,Newark,New Jersey,East,Clothing,Jackets,Jackets - Model B168,11,171.82,0.1,1701.02,887.27,22.53
ORD-2023-01303,09/21/2023,2023-09-27,Standard Class,CUST-6261,Ava Ramirez,Consumer,Atlanta,Georgia,South,Clothing,Pants,Pants - Model P872,7,220.7,0.3,1081.43,-267.65,32.62
ORD-2024-01304,12/25/2024,2024-12-30,Standard Class,CUST-7060,Richard Martinez,Consumer,Jersey City,New Jersey,East,Clothing,Pants,Pants - Model A648,10,462.69,0.0,4626.9,2333.81,42.43
ORD-2024-01305,08/01/2024,2024-08-04,First Class,CUST-4860,Linda Davis,Corporate,San Antonio,Texas,Central,Technology,Phones,Phones - Model J243,6,364.27,0.25,1639.21,295.87,11.52
ORD-2024-01306,12/19/2024,2024-12-21,First Class,CUST-2106,John Martin,Consumer,Tacoma,Washington,West,Office Supplies,Envelopes,Envelopes - Model G794,1,71.06,0.25,53.3,21.16,23.46
ORD-2023-01307,12/20/2023,2023-12-27,Standard Class,CUST-8252,Thomas White,Corporate,Hartford,Connecticut,East,Clothing,Shoes,Shoes - Model N403,1,307.56,0.2,246.05,88.48,13.26
ORD-2022-01308,08/12/2022,2022-08-12,Same Day,CUST-9300,Joseph Taylor,Consumer,Dallas,Texas,Central,Clothing,Jackets,Jackets - Model G899,8,315.83,0.0,2526.64,507.54,15.59
ORD-2021-01309,06/05/2021,2021-06-11,Standard Class,CUST-1344,Lisa Williams,Home Office,Detroit,Michigan,Central,Furniture,Bookcases,Bookcases - Model B880,2,521.83,0.0,1043.66,,47.34
ORD-2021-01310,03/18/2021,2021-03-22,Standard Class,CUST-8858,Patricia Davis,Consumer,Pittsburgh,Pennsylvania,East,Office Supplies,Labels,Labels - Model G785,5,169.25,0.15,719.31,222.45,43.45
ORD-2022-01311,02/21/2022,2022-02-23,First Class,CUST-2233,John Anderson,Consumer,Cleveland,Ohio,Central,Clothing,Shoes,Shoes - Model C937,5,198.36,0.3,694.26,360.77,20.59
ORD-2022-01312,08/04/2022,2022-08-04,Same Day,CUST-2448,John Lewis,Corporate,Seattle,Washington,West,Clothing,Shoes,Shoes - Model L249,9,79.57,0.2,572.9,209.39,36.66
ORD-2024-01313,04/27/2024,2024-04-30,Second Class,CUST-1463,Richard Gonzalez,Corporate,Los Angeles,California,West,Clothing,Shirts,Shirts - Model C411,11,375.68,0.0,4132.48,1148.22,30.28
ORD-2024-01314,02/20/2024,2024-02-20,Same Day,CUST-5088,,Consumer,Sacramento,California,West,Furniture,Tables,Tables - Model K530,11,1367.08,0.2,12030.3,1536.14,96.52
ORD-2022-01315,02/16/2022,2022-02-21,Standard Class,CUST-5494,Sandra Gonzalez,Home Office,Los Angeles,California,West,Clothing,Accessories,Accessories - Model D844,1,406.68,0.1,366.01,179.87,27.52
ORD-2021-01316,04/02/2021,2021-04-07,Standard Class,CUST-8467,Olivia Wilson,Home Office,Portland,Oregon,West,Technology,Monitors,Monitors - Model H150,5,1780.38,0.25,6676.43,-747.62,20.91
ORD-2023-01317,12/30/2023,2024-01-04,Second Class,CUST-8490,Joseph Anderson,Consumer,Dallas,Texas,Central,Office Supplies,Labels,Labels - Model J898,8,179.04,0.1,1289.09,475.91,42.65
ORD-2022-01318,12/13/2022,2022-12-13,Same Day,CUST-7257,,Consumer,Miami,Florida,South,FURNITURE,Chairs,Chairs - Model N609,4,918.85,0.3,2572.78,,123.49
ORD-2022-01319,12/24/2022,2022-12-28,Standard Class,CUST-2233,John Anderson,Consumer,Norfolk,Virginia,South,Clothing,Shoes,Shoes - Model D621,8,244.57,0.0,1956.56,808.61,28.05
ORD-2022-01320,03/20/2022,2022-03-27,Standard Class,CUST-3779,John Thompson,Consumer,Newark,New Jersey,East,Clothing,Shoes,Shoes - Model F706,3,100.2,0.2,240.48,77.91,26.71
ORD-2024-01321,11/16/2024,2024-11-16,Same Day,CUST-1941,James Martinez,Corporate,Las Vegas,Nevada,West,Technology,Accessories,Accessories - Model J694,10,642.5,0.15,5461.25,890.84,17.74
ORD-2022-01322,10/25/2022,2022-10-26,First Class,CUST-1384,Anthony Sanchez,Consumer,Salem,Oregon,West,Furniture,Storage,Storage - Model L859,9,66.22,0.0,595.98,111.07,46.09
ORD-2022-01323,12/19/2022,2022-12-24,Second Class,CUST-9286,,Home Office,Cleveland,Ohio,Central,Furniture,Storage,Storage - Model L988,7,545.85,0.0,3820.95,443.95,23.19
ORD-2024-01324,12/20/2024,2024-12-25,Standard Class,CUST-6675,Linda Gonzalez,Consumer,Portland,Oregon,West,Furniture,Storage,Storage - Model O674,8,543.88,0.25,3263.28,648.2,32.84
ORD-2021-01325,10/17/2021,2021-10-22,Second Class,CUST-4580,Harper Smith,Consumer,Austin,Texas,Central,Clothing,Shirts,Shirts - Model P381,3,290.09,0.0,870.27,270.31,32.87
ORD-2022-01326,12/07/2022,2022-12-11,Standard Class,CUST-0968,James Martin,Consumer,Durham,North Carolina,South,Technology,Accessories,Accessories - Model F142,1,1967.02,0.25,1475.26,-103.67,14.56
ORD-2021-01327,12/20/2021,2021-12-27,Standard Class,CUST-3195,Thomas Harris,Corporate,Tucson,Arizona,West,Office Supplies,Paper,Paper - Model K606,12,20.22,0.1,218.38,45.16,47.41
ORD-2024-01328,05/08/2024,2024-05-11,Second Class,CUST-8511,Mia Jones,Corporate,Richmond,Virginia,South,Office Supplies,Pens,Pens - Model L324,5,67.4,0.0,337.0,66.81,33.46
ORD-2024-01329,01/30/2024,2024-02-04,Second Class,CUST-1673,Charles Davis,Corporate,Boston,Massachusetts,East,Office Supplies,Labels,Labels - Model H777,6,131.67,0.2,632.02,202.56,43.02
ORD-2023-01330,10/10/2023,2023-10-17,Standard Class,CUST-9779,Isabella Thompson,Corporate,Philadelphia,Pennsylvania,East,Clothing,Shirts,Shirts - Model J349,3,388.84,0.2,933.22,427.96,31.28
ORD-2022-01331,03/24/2022,2022-03-25,First Class,CUST-3690,Emily Anderson,Consumer,Reno,Nevada,West,Office Supplies,Pens,Pens - Model B469,12,8.31,0.0,99.72,28.54,21.24
ORD-2021-01332,12/05/2021,2021-12-07,First Class,CUST-5336,Isabella Williams,Consumer,Tacoma,Washington,West,Clothing,Pants,Pants - Model P245,10,164.22,0.15,1395.87,581.77,48.54
ORD-2021-01333,01/10/2021,2021-01-14,Standard Class,CUST-4138,James Harris,Consumer,Tucson,Arizona,West,Technology,Tablets,Tablets - Model K123,11,503.23,0.3,3874.87,-122.41,5.11
ORD-2023-01334,08/09/2023,2023-08-10,First Class,CUST-7479,Joseph Gonzalez,Corporate,Durham,North Carolina,South,Technology,Phones,Phones - Model E344,11,913.85,0.0,10052.35,1055.04,43.71
ORD-2023-01335,04/02/2023,2023-04-02,Same Day,CUST-9738,Mia Lewis,Corporate,Reno,Nevada,West,Technology,Monitors,Monitors - Model L607,4,1344.9,0.3,3765.72,-366.84,119.55
ORD-2022-01336,06/16/2022,2022-06-20,Standard Class,CUST-8330,Mark Moore,Home Office,Naperville,Illinois,Central,Office Supplies,Pens,Pens - Model L420,11,45.54,0.25,375.7,129.42,22.06
ORD-2023-01337,08/29/2023,2023-09-03,Standard Class,CUST-9286,Christopher Miller,Consumer,Reno,Nevada,West,Office Supplies,Envelopes,Envelopes - Model L533,12,144.94,0.0,1739.28,637.22,14.35
ORD-2021-01338,27-Jul-2021,2021-07-31,Standard Class,CUST-8904,James Hernandez,Consumer,Sacramento,California,West,Technology,Accessories,Accessories - Model H185,10,2089.03,0.05,19845.79,1072.38,42.52
ORD-2024-01339,06/20/2024,2024-06-26,Standard Class,CUST-8552,Sarah Anderson,Consumer,Buffalo,New York,East,Furniture,Tables,Tables - Model N551,4,1024.75,0.0,4099.0,781.17,47.71
ORD-2022-01340,03/17/2022,2022-03-17,Same Day,CUST-5988,Amelia Moore,Corporate,Springfield,Massachusetts,East,Technology,Tablets,Tablets - Model E158,3,954.78,0.05,2721.12,354.15,48.95
ORD-2024-01341,11/23/2024,2024-11-25,First Class,CUST-8858,Patricia Davis,Consumer,Reno,Nevada,West,Furniture,Storage,Storage - Model C212,12,516.92,0.0,6203.04,959.78,32.18
ORD-2022-01342,02/02/2022,2022-02-08,Standard Class,CUST-6035,Daniel White,Home Office,Portland,Oregon,West,Technology,Laptops,Laptops - Model P595,2,1711.6,0.0,3423.2,390.72,21.58
ORD-2024-01343,10/31/2024,2024-11-01,First Class,CUST-7479,Joseph Gonzalez,Home Office,Grand Rapids,Michigan,Central,Technology,Accessories,Accessories - Model E801,10,254.28,0.0,2542.8,498.98,25.48
ORD-2024-01344,06/20/2024,2024-06-23,First Class,CUST-1032,Robert Sanchez,Corporate,Phoenix,Arizona,,Clothing,Shoes,Shoes - Model P216,1,185.9,0.3,130.13,55.04,23.22
ORD-2022-01345,08/22/2022,2022-08-24,First Class,CUST-9753,Jessica Perez,Corporate,Tampa,Florida,South,Office Supplies,Paper,Paper - Model A928,3,3.16,0.2,7.58,2.73,27.0
ORD-2024-01346,02/22/2024,2024-02-26,Standard Class,CUST-4140,Matthew Thomas,Consumer,Salem,Oregon,West,Office Supplies,Labels,Labels - Model M563,7,11.35,0.0,79.45,15.51,31.02
ORD-2022-01347,02/26/2022,2022-03-05,Standard Class,CUST-9738,Mia Lewis,Corporate,San Francisco,California,West,Technology,Phones,Phones - Model C349,9,1679.33,0.25,11335.48,-790.5,6.81
ORD-2022-01348,05/16/2022,2022-05-21,Standard Class,CUST-4964,Nancy Jackson,Consumer,Seattle,Washington,West,Furniture,Chairs,Chairs - Model G801,12,142.89,0.2,1371.74,156.56,36.74
ORD-2024-01349,07/28/2024,2024-08-02,Second Class,CUST-6941,Thomas Taylor,Home Office,Mesa,Arizona,West,Clothing,Pants,Pants - Model M714,1,238.27,0.3,166.79,-41.33,25.14
ORD-2021-01350,12/05/2021,2021-12-05,Same Day,CUST-4248,Sophia Williams,Consumer,Chicago,Illinois,Central,Clothing,Pants,Pants - Model I674,6,436.97,0.0,2621.82,1226.44,85.56
ORD-2024-01351,05/27/2024,2024-05-29,First Class,CUST-0968,James Martin,Consumer,Portland,Oregon,,Office Supplies,Pens,Pens - Model I472,7,121.89,0.0,853.23,269.53,18.52
ORD-2023-01352,03/09/2023,2023-03-13,Standard Class,CUST-2883,Mary Johnson,Consumer,New York City,New York,East,Clothing,Pants,Pants - Model N346,10,183.64,0.0,1836.4,374.24,21.28
ORD-2023-01353,02/21/2023,2023-02-28,Standard Class,CUST-6803,Robert Clark,Corporate,Virginia Beach,Virginia,South,Clothing,Jackets,Jackets - Model B269,12,78.5,0.1,847.8,353.44,48.15
ORD-2022-01354,09/11/2022,2022-09-15,Second Class,CUST-9779,Isabella Thompson,Home Office,Las Vegas,Nevada,West,Technology,Phones,Phones - Model O526,2,1726.28,0.0,3452.56,605.03,6.91
ORD-2022-01355,01/16/2022,2022-01-23,standard class,CUST-4835,Lisa Smith,Consumer,Springfield,Massachusetts,East,Technology,Tablets,Tablets - Model M420,7,1369.69,0.2,7670.26,1293.44,45.31
ORD-2021-01356,02/14/2021,2021-02-19,Standard Class,CUST-2232,,Corporate,Miami,Florida,South,,Bookcases,Bookcases - Model H806,2,1155.3,0.0,2310.6,356.82,8.96
ORD-2024-01357,12/18/2024,2024-12-23,Standard Class,CUST-9753,Jessica Perez,Consumer,Detroit,Michigan,Central,Technology,Tablets,Tablets - Model B486,12,2344.77,0.0,28137.24,4665.21,5.93
ORD-2023-01358,07/15/2023,2023-07-19,Standard Class,CUST-2380,Thomas Garcia,Consumer,Boston,Massachusetts,East,Clothing,Shirts,Shirts - Model P442,11,229.62,0.3,1768.07,729.27,24.9
ORD-2022-01359,08/07/2022,2022-08-11,Standard Class,CUST-4275,Robert Martinez,Corporate,Seattle,Washington,West,Clothing,Jackets,Jackets - Model N464,9,371.51,0.3,2340.51,931.35,49.76
ORD-2021-01360,01/20/2021,2021-01-21,First Class,CUST-3655,Karen Clark,Consumer,Cleveland,Ohio,Central,Technology,Laptops,Laptops - Model O475,6,1149.15,0.0,6894.9,1371.87,38.16
ORD-2021-01361,07/31/2021,2021-08-05,Standard Class,CUST-5049,Patricia Garcia,Corporate,Mesa,Arizona,West,Technology,Accessories,Accessories - Model F814,1,328.88,0.05,312.44,55.8,2.62
ORD-2021-01362,06/07/2021,2021-06-12,Standard Class,CUST-3655,Karen Clark,Consumer,Houston,Texas,Central,Furniture,Chairs,Chairs - Model P728,9,514.25,0.0,4628.25,720.97,4.18
ORD-2024-01363,11/12/2024,2024-11-17,Second Class,CUST-9635,Mia Martinez,Consumer,Saint Paul,Minnesota,Central,Furniture,Desks,Desks - Model N940,4,1029.72,0.3,2883.22,-287.61,15.37
ORD-2022-01364,03/23/2022,2022-03-29,Standard Class,CUST-7555,Sarah Harris,Consumer,Newark,New Jersey,East,Furniture,Desks,Desks - Model C744,12,1269.27,0.1,13708.12,2327.27,43.65
ORD-2022-01365,01/03/2022,2022-01-06,First Class,CUST-1039,Charlotte Lewis,Corporate,Savannah,Georgia,South,Clothing,Pants,Pants - Model I466,5,57.86,0.05,274.83,120.74,28.63
ORD-2022-01366,10/14/2022,2022-10-21,Standard Class,CUST-3316,Margaret Thompson,Consumer,Minneapolis,Minnesota,Central,Office Supplies,Labels,Labels - Model B766,10,86.87,0.1,781.83,177.34,39.84
ORD-2024-01367,01/08/2024,2024-01-13,Second Class,CUST-5619,Jessica Robinson,Consumer,Rochester,Minnesota,Central,Clothing,Shoes,Shoes - Model G436,11,473.4,0.0,5207.4,1652.91,26.39
ORD-2021-01368,05/17/2021,2021-05-22,Standard Class,CUST-7085,Richard Thompson,Home Office,New Haven,Connecticut,East,Furniture,Desks,Desks - Model A823,3,479.28,0.0,1437.84,196.04,37.28
ORD-2022-01369,11/08/2022,2022-11-14,Standard Class,CUST-7085,Richard Thompson,Consumer,Augusta,Georgia,South,Technology,Monitors,Monitors - Model D764,5,760.96,0.0,3804.8,415.89,48.66
ORD-2022-01370,07/09/2022,2022-07-15,Standard Class,CUST-5336,Isabella Williams,Consumer,Austin,Texas,Central,Office Supplies,Paper,Paper - Model D784,12,103.92,0.0,1247.04,552.38,21.99
ORD-2022-01371,12/16/2022,2022-12-19,Second Class,CUST-1300,Sarah Williams,Consumer,Springfield,Massachusetts,East,Technology,Tablets,Tablets - Model J950,11,378.88,0.15,3542.53,878.63,34.85
ORD-2024-01372,11/01/2024,2024-11-05,Second Class,CUST-2517,Jessica Lopez,Home Office,Chicago,Illinois,Central,Office Supplies,Binders,Binders - Model F136,11,191.45,0.05,2000.65,536.37,36.13
ORD-2023-01373,06/06/2023,2023-06-13,Standard Class,CUST-0197,Sarah Johnson,Corporate,Saint Paul,Minnesota,Central,Office Supplies,Paper,Paper - Model C740,9,156.92,0.05,1341.67,420.06,2.78
ORD-2024-01374,06/26/2024,2024-07-03,Standard Class,CUST-5049,Patricia Garcia,Consumer,Austin,Texas,Central,Furniture,Desks,Desks - Model N295,4,1214.75,0.3,3401.3,-185.7,12.02
ORD-2023-01375,12/30/2023,2023-12-31,First Class,CUST-2448,John Lewis,Home Office,Sacramento,California,West,Office Supplies,Binders,Binders - Model F492,10,189.05,0.3,1323.35,-139.2,18.32
ORD-2021-01376,02/14/2021,2021-02-14,Same Day,CUST-4229,Charlotte Davis,Consumer,Rochester,Minnesota,Central,Clothing,Shirts,Shirts - Model H682,7,405.27,0.2,2269.51,597.68,30.14
ORD-2024-01377,12/15/2024,2024-12-21,Standard Class,CUST-4456,Michael White,Consumer,San Francisco,California,West,Clothing,Pants,Pants - Model I391,12,367.57,0.2,3528.67,1470.7,26.78
ORD-2023-01378,06/08/2023,2023-06-12,Standard Class,CUST-5577,Olivia Perez,Corporate,Hartford,Connecticut,East,Technology,Accessories,Accessories - Model B187,5,1572.0,0.0,7860.0,520.01,48.24
ORD-2022-01379,03/17/2022,2022-03-24,Standard Class,CUST-6594,Michael Brown,Corporate,Charlotte,North Carolina,South,Clothing,Jackets,Jackets - Model A768,6,47.52,0.3,199.58,-23.37,25.59
ORD-2022-01380,08/23/2022,2022-08-28,Second Class,CUST-5233,Sandra Wilson,Consumer,Spokane,Washington,West,Office Supplies,Paper,Paper - Model I431,1,129.85,0.2,103.88,25.24,35.96
ORD-2022-01381,04/15/2022,2022-04-17,First Class,CUST-8254,Sandra Martinez,Consumer,Richmond,Virginia,South,Furniture,Desks,Desks - Model O227,5,1439.68,0.0,7198.4,572.12,49.06
ORD-2024-01382,10/29/2024,2024-11-02,Second Class,CUST-2508,Richard Lopez,Consumer,Grand Rapids,Michigan,Central,Technology,Accessories,Accessories - Model H629,11,754.43,0.05,7883.79,1590.54,21.55
ORD-2024-01383,02/20/2024,2024-02-24,Standard Class,CUST-6974,David Jones,Consumer,Newark,New Jersey,East,Furniture,Bookcases,Bookcases - Model M715,6,153.57,0.05,875.35,17.75,16.11
ORD-2023-01384,10/29/2023,2023-11-05,Standard Class,CUST-0561,James Perez,Home Office,Raleigh,North Carolina,South,Furniture,Bookcases,Bookcases - Model K524,3,105.86,0.05,301.7,46.62,12.35
ORD-2022-01385,09/15/2022,2022-09-20,Standard Class,CUST-5322,Susan Robinson,Corporate,Mesa,Arizona,West,Technology,Laptops,Laptops - Model G327,6,1127.37,0.2,5411.38,366.65,36.28
ORD-2021-01386,04/08/2021,2021-04-10,First Class,CUST-7257,Nancy Anderson,Home Office,Virginia Beach,Virginia,South,Furniture,Bookcases,Bookcases - Model E497,4,1416.51,0.25,4249.53,496.65,26.45
ORD-2024-01387,02/10/2024,2024-02-15,Second Class,CUST-7176,Evelyn Ramirez,Consumer,New Haven,Connecticut,East,Office Supplies,Labels,Labels - Model K241,10,72.12,0.05,685.14,175.49,24.07
ORD-2022-01388,06/04/2022,2022-06-11,Standard Class,CUST-4138,James Harris,Home Office,Grand Rapids,Michigan,Central,Office Supplies,Binders,Binders - Model A987,8,85.41,0.15,580.79,74.45,30.65
ORD-2022-01389,12/20/2022,2022-12-24,Standard Class,CUST-5494,Sandra Gonzalez,Consumer,Dallas,Texas,Central,Technology,Monitors,Monitors - Model I856,1,2000.96,0.15,1700.82,220.57,36.85
ORD-2021-01390,11/04/2021,2021-11-08,Second Class,CUST-1201,Mia Brown,Corporate,Worcester,Massachusetts,East,Office Supplies,Binders,Binders - Model G985,11,27.77,0.2,244.38,61.2,3.53
ORD-2024-01391,10/31/2024,2024-11-04,Standard Class,CUST-6974,David Jones,Corporate,Tampa,Florida,South,Furniture,Desks,Desks - Model L944,7,144.36,0.3,707.36,86.43,42.01
ORD-2021-01392,11/14/2021,2021-11-18,Standard Class,CUST-5233,Sandra Wilson,Home Office,New Haven,Connecticut,East,Office Supplies,Envelopes,Envelopes - Model O535,2,103.12,0.2,164.99,46.01,34.11
ORD-2022-01393,07/29/2022,2022-07-31,First Class,CUST-4919,Emily Sanchez,Consumer,Ann Arbor,Michigan,Central,Furniture,Desks,Desks - Model M451,10,891.67,0.0,8916.7,1023.78,31.7
ORD-2022-01394,07/20/2022,2022-07-24,Second Class,CUST-0549,Joseph Smith,Corporate,Tacoma,Washington,West,Technology,Tablets,Tablets - Model I958,8,1717.0,0.3,9615.2,1292.92,5.22
ORD-2021-01395,04/23/2021,2021-04-29,Standard Class,CUST-7085,Richard Thompson,Home Office,Hartford,Connecticut,East,Furniture,Storage,Storage - Model C359,8,1107.85,0.3,6203.96,-256.41,16.52
ORD-2021-01396,12/20/2021,2021-12-27,Standard Class,CUST-2233,John Anderson,Consumer,Tacoma,Washington,West,Office Supplies,Paper,Paper - Model N523,5,185.28,0.25,694.8,-67.53,11.77
ORD-2023-01397,11/21/2023,2023-11-21,Same Day,CUST-5336,Isabella Williams,Consumer,Pittsburgh,Pennsylvania,East,Technology,Tablets,Tablets - Model G736,9,1950.76,0.15,14923.31,2649.47,88.25
ORD-2023-01398,09/29/2023,2023-10-02,First Class,CUST-4469,Christopher Johnson,Consumer,Minneapolis,Minnesota,Central,Technology,Laptops,Laptops - Model M438,6,2028.75,0.0,12172.5,1525.92,18.57
ORD-2024-01399,06/25/2024,2024-06-29,Standard Class,CUST-2508,Richard Lopez,Consumer,Nashville,Tennessee,South,Technology,Phones,Phones - Model G645,2,2056.85,0.2,3290.96,289.0,8.1
ORD-2024-01400,05/27/2024,2024-05-30,Second Class,CUST-1564,Richard Jones,Consumer,Tucson,Arizona,West,technology,Laptops,Laptops - Model C627,6,429.11,0.05,2445.93,266.7,49.53
ORD-2022-01401,08/29/2022,2022-09-02,Standard Class,CUST-5494,Sandra Gonzalez,Consumer,Eugene,Oregon,West,Furniture,Chairs,Chairs - Model G160,5,466.34,0.25,1748.77,-138.77,44.9
ORD-2024-01402,06/16/2024,2024-06-23,Standard Class,CUST-8511,Mia Jones,Consumer,Jersey City,New Jersey,East,Office Supplies,Pens,Pens - Model J222,9,148.91,0.0,1340.19,414.35,6.72
ORD-2023-01403,04/13/2023,2023-04-16,Second Class,CUST-1564,Richard Jones,Consumer,Reno,Nevada,West,Technology,Accessories,Accessories - Model M806,10,278.54,0.0,,637.95,44.63
ORD-2024-01404,12/09/2024,2024-12-14,Standard Class,CUST-3708,Sandra Perez,Consumer,Houston,Texas,Central,Furniture,Tables,Tables - Model C748,8,553.08,0.2,3539.71,179.43,39.54
ORD-2024-01405,06/20/2024,2024-06-24,Standard Class,CUST-0697,Daniel Lewis,Home Office,Tacoma,Washington,West,,Tablets,Tablets - Model H242,11,2009.15,0.15,18785.55,2788.81,38.48
ORD-2024-01406,02/03/2024,2024-02-03,Same Day,CUST-5076,Sandra Moore,Corporate,Los Angeles,California,West,Office Supplies,Labels,Labels - Model P852,3,52.31,0.05,149.08,43.95,117.71
ORD-2021-01407,10/24/2021,2021-10-29,Second Class,CUST-5494,Sandra Gonzalez,Consumer,San Diego,California,West,Clothing,Shirts,Shirts - Model M144,5,280.68,0.0,1403.4,654.71,41.92
ORD-2022-01408,12/21/2022,2022-12-25,Standard Class,CUST-5869,Anthony Thomas,Home Office,Reno,Nevada,West,Office Supplies,Envelopes,Envelopes - Model M804,5,42.44,0.0,212.2,88.11,17.8
ORD-2022-01409,12/27/2022,2022-12-27,Same Day,CUST-4992,Linda Jones,Consumer,Springfield,Massachusetts,East,Office Supplies,Envelopes,Envelopes - Model H175,4,79.09,0.0,316.36,77.77,20.36
ORD-2021-01410,10/10/2021,2021-10-16,Standard Class,CUST-2225,Isabella Wilson,Home Office,Augusta,Georgia,South,Office Supplies,Envelopes,Envelopes - Model C871,10,123.85,0.05,1176.58,327.24,11.95
ORD-2021-01411,06-Sep-2021,2021-09-11,Standard Class,CUST-4919,Emily Sanchez,Home Office,Trenton,New Jersey,East,Office Supplies,Pens,Pens - Model C703,12,151.19,0.1,,425.95,29.04
ORD-2021-01412,04/08/2021,2021-04-12,Standard Class,CUST-0549,Joseph Smith,Consumer,Tacoma,Washington,West,Clothing,Pants,Pants - Model B939,10,172.38,0.05,1637.61,328.24,37.05
ORD-2023-01413,12/08/2023,2023-12-11,First Class,CUST-3131,Mary Brown,Corporate,Springfield,Massachusetts,East,Furniture,Storage,Storage - Model F476,11,1410.71,0.3,10862.47,1514.65,9.62
ORD-2021-01414,12/04/2021,2021-12-09,Standard Class,CUST-0719,Linda Smith,Corporate,Seattle,Washington,West,Office Supplies,Envelopes,Envelopes - Model J797,7,98.02,0.2,548.91,177.68,26.11
ORD-2024-01415,06/04/2024,2024-06-09,Second Class,CUST-3673,Richard Miller,Consumer,New Haven,Connecticut,East,Office Supplies,Binders,Binders - Model C336,6,127.96,0.0,767.76,328.73,17.47
ORD-2022-01416,12/07/2022,2022-12-12,Second Class,CUST-5322,Patricia Jackson,Corporate,Mesa,Arizona,West,Clothing,Jackets,Jackets - Model C802,2,355.82,0.1,640.48,344.77,20.52
ORD-2021-01417,11/17/2021,2021-11-23,Standard Class,CUST-9644,Amelia White,Corporate,Jacksonville,Florida,South,Clothing,Jackets,Jackets - Model K173,6,391.54,0.2,1879.39,515.46,7.36
ORD-2023-01418,04/06/2023,2023-04-10,Second Class,CUST-1564,Richard Jones,Consumer,Miami,Florida,South,Furniture,Chairs,Chairs - Model D505,4,1260.57,0.0,5042.28,789.36,17.71
ORD-2023-01419,09/01/2023,2023-09-06,Standard Class,CUST-0995,Lisa Brown,Consumer,Tacoma,Washington,West,Furniture,Bookcases,Bookcases - Model M520,9,101.77,0.3,641.15,101.26,35.32
ORD-2021-01420,06/19/2021,2021-06-19,Same Day,CUST-2377,Olivia Gonzalez,Home Office,Seattle,Washington,West,Furniture,Bookcases,Bookcases - Model H483,9,616.72,0.25,4162.86,-77.95,55.02
ORD-2021-01421,02/02/2021,2021-02-08,Standard Class,CUST-9219,William Perez,Consumer,Worcester,Massachusetts,East,Furniture,Bookcases,Bookcases - Model E149,11,519.15,0.05,5425.12,494.31,35.44
ORD-2022-01422,09/05/2022,2022-09-10,Standard Class,CUST-1661,John Johnson,Consumer,Saint Paul,Minnesota,Central,Technology,Laptops,Laptops - Model C465,6,1820.5,0.05,10376.85,1675.0,43.32
ORD-2024-01423,10/11/2024,2024-10-18,Standard Class,CUST-7302,Harper Williams,Home Office,New York City,New York,East,Office Supplies,Envelopes,Envelopes - Model P756,9,54.86,0.2,394.99,39.85,28.94
ORD-2021-01424,02/15/2021,2021-02-20,Second Class,CUST-0015,Jessica Gonzalez,Consumer,Rochester,Minnesota,Central,Technology,Accessories,Accessories - Model P483,6,217.88,0.1,1176.55,129.17,40.09
ORD-2024-01425,05/22/2024,2024-05-27,Standard Class,CUST-1814,Barbara Williams,Consumer,Salem,Oregon,West,Office Supplies,Labels,Labels - Model P378,8,90.1,0.15,612.68,142.59,17.32
ORD-2021-01426,03/17/2021,2021-03-19,First Class,CUST-7137,Thomas Gonzalez,Consumer,Cincinnati,Ohio,Central,Furniture,Bookcases,Bookcases - Model P773,8,179.72,0.2,,188.78,10.39
ORD-2021-01427,10/16/2021,2021-10-21,Standard Class,CUST-4919,Emily Sanchez,Consumer,Aurora,Illinois,Central,Office Supplies,Binders,Binders - Model L707,8,94.39,0.0,755.12,251.0,7.27
ORD-2022-01428,11/14/2022,2022-11-14,Same Day,CUST-6019,Anthony Martin,Consumer,Salem,Oregon,West,Office Supplies,Labels,Labels - Model P236,3,71.77,0.15,183.01,48.3,65.06
ORD-2023-01429,04/02/2023,2023-04-08,Standard Class,CUST-4860,Linda Davis,Consumer,Grand Rapids,Michigan,Central,Clothing,Pants,Pants - Model K255,4,431.74,0.3,1208.87,-246.36,42.03
ORD-2024-01430,10/12/2024,2024-10-12,Same Day,CUST-2741,Linda Lewis,Consumer,New Haven,Connecticut,,Clothing,Shirts,Shirts - Model E906,9,388.97,0.1,3150.66,1264.13,19.11
ORD-2022-01431,02/01/2022,2022-02-05,Standard Class,CUST-2448,John Lewis,Consumer,Cleveland,Ohio,Central,Office Supplies,Envelopes,Envelopes - Model O748,12,21.01,0.25,189.09,63.21,40.85
ORD-2024-01432,11/21/2024,2024-11-25,Standard Class,CUST-1201,Mia Brown,Consumer,Trenton,New Jersey,East,Furniture,Bookcases,Bookcases - Model J481,12,1156.88,0.0,13882.56,584.16,3.22
ORD-2024-01433,05/31/2024,2024-06-04,Standard Class,CUST-8591,Christopher Gonzalez,Consumer,Springfield,Massachusetts,East,Technology,Accessories,Accessories - Model O686,11,710.79,0.0,7818.69,1155.42,22.76
ORD-2024-01434,05/08/2024,2024-05-14,Standard Class,CUST-6157,Charlotte Miller,Consumer,Ann Arbor,Michigan,Central,Clothing,Shoes,Shoes - Model M793,4,182.94,0.05,695.17,324.11,25.37
ORD-2022-01435,05/07/2022,2022-05-11,Standard Class,CUST-7479,Joseph Gonzalez,Corporate,Saint Paul,Minnesota,Central,Furniture,Storage,Storage - Model G376,2,1451.55,0.05,2757.94,452.72,41.37
ORD-2022-01436,02/02/2022,2022-02-08,Standard Class,CUST-4806,Nancy Garcia,Consumer,Reno,Nevada,West,Clothing,Shoes,Shoes - Model H421,8,359.01,0.2,2297.66,750.53,41.37
ORD-2021-01437,05/09/2021,2021-05-09,Same Day,CUST-7508,Patricia Perez,Corporate,Los Angeles,California,West,Clothing,Jackets,Jackets - Model E499,1,261.7,0.15,222.44,49.51,124.0
ORD-2023-01438,05/01/2023,2023-05-04,First Class,CUST-7703,Anthony Smith,Corporate,Orlando,Florida,South,Technology,Phones,Phones - Model E788,3,2394.44,0.0,7183.32,467.72,32.08
ORD-2021-01439,12/07/2021,2021-12-10,First Class,CUST-7985,William Anderson,Corporate,Sacramento,California,West,Office Supplies,Envelopes,Envelopes - Model K562,5,126.58,0.1,569.61,132.23,19.87
ORD-2022-01440,03/16/2022,2022-03-17,First Class,CUST-7673,Sophia Jones,Consumer,Miami,Florida,South,Clothing,Shoes,Shoes - Model G623,1,346.7,0.0,346.7,60.04,28.53
ORD-2024-01441,08/20/2024,2024-08-21,First Class,CUST-8591,Christopher Gonzalez,Corporate,Reno,Nevada,West,Office Supplies,Envelopes,Envelopes - Model E269,1,189.33,0.1,170.4,56.51,13.7
ORD-2022-01442,05/13/2022,2022-05-20,Standard Class,CUST-4964,Nancy Jackson,Home Office,Las Vegas,Nevada,West,Technology,Monitors,Monitors - Model P999,7,2304.33,0.25,12097.73,-1964.28,49.59
ORD-2024-01443,09/16/2024,2024-09-22,Standard Class,CUST-6789,James Brown,Consumer,New Haven,Connecticut,East,,Shoes,Shoes - Model C751,7,100.92,0.0,706.44,246.97,4.01
ORD-2024-01444,01/23/2024,2024-01-28,Standard Class,CUST-0745,Robert Brown,Consumer,Portland,Oregon,West,Furniture,Bookcases,Bookcases - Model J770,6,1199.89,0.1,6479.41,846.58,24.43
ORD-2021-01445,08/12/2021,2021-08-16,Second Class,CUST-2106,John Martin,Consumer,Allentown,Pennsylvania,East,Technology,Monitors,Monitors - Model P760,1,612.2,0.0,612.2,71.79,33.78
ORD-2021-01446,08/23/2021,2021-08-28,Second Class,CUST-1816,Karen Davis,Consumer,Phoenix,Arizona,West,Technology,Laptops,Laptops - Model M657,3,1469.96,0.25,3307.41,,10.41
ORD-2022-01447,11/12/2022,2022-11-18,Standard Class,CUST-6235,Charles Williams,Corporate,Ann Arbor,Michigan,Central,Technology,Laptops,Laptops - Model F215,7,1449.9,0.0,10149.3,1624.71,26.48
ORD-2023-01448,01/22/2023,2023-01-28,Standard Class,CUST-9611,Amelia Rodriguez,Consumer,Nashville,Tennessee,South,Office Supplies,Binders,Binders - Model C104,7,73.69,0.05,490.04,200.86,17.66
ORD-2021-01449,06/22/2021,2021-06-25,Second Class,CUST-1814,Barbara Williams,Home Office,Allentown,Pennsylvania,East,Technology,Tablets,Tablets - Model B927,2,418.83,0.3,586.36,-30.82,26.63
ORD-2024-01450,07/24/2024,2024-07-26,First Class,CUST-3232,William Sanchez,Corporate,Spokane,Washington,West,Clothing,Shirts,Shirts - Model P816,1,104.2,0.15,88.57,27.84,23.69
ORD-2021-01451,04/27/2021,2021-05-04,Standard Class,CUST-0041,Betty Lewis,Consumer,Las Vegas,Nevada,West,Furniture,Storage,Storage - Model K313,4,688.88,0.3,1928.86,128.45,23.77
ORD-2023-01452,04/07/2023,2023-04-13,Standard Class,CUST-1809,Christopher Lewis,Consumer,Reno,Nevada,West,Clothing,Pants,Pants - Model C754,8,382.55,0.0,3060.4,737.74,10.5
ORD-2024-01453,04/03/2024,2024-04-03,Same Day,CUST-8945,Robert Lewis,Consumer,Grand Rapids,Michigan,Central,Office Supplies,Labels,Labels - Model I646,1,118.16,0.25,88.62,-11.98,16.13
ORD-2022-01454,12/07/2022,2022-12-12,Second Class,CUST-7302,Harper Williams,Home Office,Sacramento,California,West,Office Supplies,Envelopes,Envelopes - Model N951,2,22.83,0.0,45.66,12.3,49.68
ORD-2023-01455,08/27/2023,2023-09-01,Standard Class,CUST-1597,Nancy Lewis,Consumer,Cleveland,Ohio,Central,Clothing,Pants,Pants - Model F496,11,292.54,0.1,2896.15,1021.66,14.88
ORD-2024-01456,11/25/2024,2024-11-27,First Class,CUST-8549,Mark Anderson,Consumer,Stamford,Connecticut,East,Clothing,Accessories,Accessories - Model F986,11,361.74,0.2,3183.31,,26.93
ORD-2023-01457,04/20/2023,2023-04-22,First Class,CUST-5383,Lisa Sanchez,Consumer,Grand Rapids,Michigan,Central,Clothing,Shirts,Shirts - Model G683,10,447.61,0.2,3580.88,743.84,12.7
ORD-2023-01458,08/18/2023,2023-08-19,First Class,CUST-8511,Mia Jones,Consumer,Aurora,Illinois,Central,Clothing,Pants,Pants - Model F776,1,209.36,0.0,209.36,55.47,9.87
ORD-2022-01459,01/30/2022,2022-01-30,Same Day,CUST-0867,Robert Ramirez,Consumer,Mesa,Arizona,West,Technology,Accessories,Accessories - Model A954,7,1436.7,0.1,9051.21,1733.7,86.61
ORD-2021-01460,01/05/2021,2021-01-10,Standard Class,CUST-2741,Linda Lewis,Corporate,Reno,Nevada,West,Technology,Laptops,Laptops - Model K348,8,1802.74,0.0,14421.92,,20.36
ORD-2022-01461,06/27/2022,2022-07-01,Standard Class,CUST-9688,Charles Moore,Consumer,Newark,New Jersey,East,Office Supplies,Pens,Pens - Model J246,9,160.83,0.15,1230.35,229.65,23.32
ORD-2022-01462,09/12/2022,2022-09-17,Second Class,CUST-3042,David Perez,Consumer,Tucson,Arizona,West,Technology,Laptops,Laptops - Model B334,12,1495.72,0.0,17948.64,1503.32,13.96
ORD-2021-01463,06/03/2021,2021-06-10,Standard Class,CUST-8725,Sarah Jones,Home Office,Salem,Oregon,West,Furniture,Storage,Storage - Model P679,9,1171.8,0.0,10546.2,1956.78,26.93
ORD-2022-01464,02/20/2022,2022-02-27,Standard Class,CUST-4933,Nancy Lopez,Consumer,Salem,Oregon,West,Technology,Accessories,Accessories - Model M417,5,331.4,0.0,1657.0,160.55,38.49
ORD-2024-01465,01/15/2024,2024-01-22,Standard Class,CUST-1483,Michael Perez,Consumer,Los Angeles,California,West,Technology,Laptops,Laptops - Model A250,11,440.07,0.0,4840.77,321.69,44.6
ORD-2023-01466,01/10/2023,2023-01-13,Second Class,CUST-2361,Betty White,Consumer,Las Vegas,Nevada,West,Clothing,Shoes,Shoes - Model E995,8,166.57,0.0,1332.56,615.6,19.06
ORD-2023-01467,04/11/2023,2023-04-13,First Class,CUST-3851,Charles Miller,Consumer,San Francisco,California,West,Office Supplies,Pens,Pens - Model G306,1,115.43,0.15,98.12,27.25,25.68
ORD-2022-01468,05/03/2022,2022-05-07,Standard Class,CUST-7085,Richard Thompson,Consumer,Aurora,Illinois,Central,Clothing,Accessories,Accessories - Model E334,3,206.65,0.0,619.95,159.42,33.86
ORD-2022-01469,12/02/2022,2022-12-06,Standard Class,CUST-8591,Christopher Gonzalez,Corporate,Buffalo,New York,East,Clothing,Accessories,Accessories - Model P785,3,23.58,0.0,70.74,20.53,29.43
ORD-2021-01470,11/05/2021,2021-11-08,Second Class,CUST-1045,Karen Perez,Corporate,Philadelphia,Pennsylvania,East,Furniture,Bookcases,Bookcases - Model K617,3,902.28,0.0,2706.84,221.58,48.3
ORD-2024-01471,07/17/2024,2024-07-21,Second Class,CUST-9644,Amelia White,Corporate,Tacoma,Washington,West,Furniture,Chairs,Chairs - Model O442,8,474.97,0.0,3799.76,756.48,48.23
ORD-2022-01472,01/11/2022,2022-01-15,Standard Class,CUST-3232,William Sanchez,Corporate,Pittsburgh,Pennsylvania,East,Furniture,Chairs,Chairs - Model F407,11,875.4,0.25,7222.05,-1032.32,22.84
ORD-2023-01473,08/03/2023,2023-08-05,First Class,CUST-8742,Anthony Miller,Consumer,Austin,Texas,Central,Furniture,Storage,Storage - Model M470,8,192.17,0.2,1229.89,191.23,42.87
ORD-2022-01474,04/02/2022,2022-04-07,Standard Class,CUST-6971,Susan Williams,Corporate,Knoxville,Tennessee,South,Technology,Tablets,Tablets - Model E400,8,1473.9,0.2,9432.96,2284.68,32.07
ORD-2021-01475,04/13/2021,2021-04-20,Standard Class,CUST-5336,Isabella Williams,Corporate,Jersey City,New Jersey,East,Furniture,Bookcases,Bookcases - Model M811,12,1254.94,0.0,15059.28,1293.2,30.51
ORD-2021-01476,03/09/2021,2021-03-09,Same Day,CUST-1564,Richard Jones,Consumer,Rochester,New York,East,Office Supplies,Binders,Binders - Model O347,2,188.96,0.0,377.92,,27.12
ORD-2022-01477,01/09/2022,2022-01-12,Second Class,CUST-4418,Joseph Harris,Consumer,Virginia Beach,Virginia,South,Technology,Monitors,Monitors - Model I228,10,2003.1,0.05,19029.45,4677.03,31.32
ORD-2022-01478,07/13/2022,2022-07-15,First Class,CUST-5049,Patricia Garcia,Consumer,Allentown,Pennsylvania,East,Clothing,Shoes,Shoes - Model C461,4,432.89,0.0,1731.56,806.66,9.98
ORD-2021-01479,12/01/2021,2021-12-06,Standard Class,CUST-8263,Jessica Ramirez,Corporate,Portland,Oregon,West,Technology,Monitors,Monitors - Model B820,11,186.23,0.1,1843.68,402.82,21.52
ORD-2024-01480,08/13/2024,2024-08-17,Standard Class,CUST-3664,Thomas Moore,Consumer,Jersey City,New Jersey,East,Furniture,Tables,Tables - Model D510,10,754.28,0.0,7542.8,1133.99,38.0
ORD-2023-01481,06/06/2023,2023-06-09,Second Class,CUST-3042,David Perez,Corporate,Phoenix,Arizona,West,Clothing,Accessories,Accessories - Model A383,6,428.3,0.0,2569.8,1198.74,35.07
ORD-2021-01482,12/24/2021,2021-12-25,First Class,CUST-0710,David Miller,Corporate,Philadelphia,Pennsylvania,East,Technology,Accessories,Accessories - Model H383,6,658.95,0.05,3756.01,225.72,49.32
ORD-2023-01483,05/17/2023,2023-05-20,Second Class,CUST-6994,Ava Robinson,Consumer,Columbus,Ohio,Central,Clothing,Pants,Pants - Model B347,4,179.95,0.15,611.83,315.91,21.19
ORD-2021-01484,09/15/2021,2021-09-21,Standard Class,CUST-3662,Patricia Ramirez,Consumer,Ann Arbor,Michigan,Central,Clothing,Shirts,Shirts - Model I749,12,35.64,0.0,427.68,90.21,33.09
ORD-2024-01485,11/08/2024,2024-11-14,Standard Class,CUST-7302,Harper Williams,Consumer,Mesa,Arizona,West,Office Supplies,Binders,Binders - Model B597,9,16.92,0.0,152.28,60.24,41.47
ORD-2022-01486,12/09/2022,2022-12-09,Same Day,CUST-9456,Amelia Martin,Corporate,Salem,Oregon,West,Clothing,Shirts,Shirts - Model K808,8,430.58,0.15,2927.94,858.4,118.93
ORD-2023-01487,03/15/2023,2023-03-19,Standard Class,CUST-4248,Joseph Jackson,Consumer,Pittsburgh,Pennsylvania,East,Clothing,Pants,Pants - Model C787,11,437.58,0.15,4091.37,2073.14,36.37
ORD-2022-01488,05/02/2022,2022-05-08,Standard Class,CUST-5336,Isabella Williams,Home Office,Las Vegas,Nevada,West,Office Supplies,Labels,Labels - Model M612,6,134.19,0.2,644.11,198.69,24.11
ORD-2021-01489,06/08/2021,2021-06-11,Second Class,CUST-7085,Richard Thompson,Corporate,Boston,Massachusetts,East,Technology,Tablets,Tablets - Model N850,2,2131.47,0.05,,688.38,25.31
ORD-2023-01490,11/18/2023,2023-11-19,First Class,CUST-0710,David Miller,Consumer,Buffalo,New York,East,Clothing,Pants,Pants - Model D517,9,241.83,0.3,1523.53,-589.33,18.95
ORD-2023-01491,05/12/2023,2023-05-19,Standard Class,CUST-9169,Thomas Sanchez,Home Office,Saint Paul,Minnesota,Central,Furniture,Bookcases,Bookcases - Model P280,9,80.38,0.25,542.56,103.56,9.52
ORD-2021-01492,01/04/2021,2021-01-09,Standard Class,CUST-6258,Betty Thompson,Consumer,Cleveland,Ohio,Central,Office Supplies,Envelopes,Envelopes - Model J118,8,104.12,0.0,832.96,,12.65
ORD-2023-01493,03/31/2023,2023-04-06,Standard Class,CUST-6035,Daniel White,Corporate,Worcester,Massachusetts,East,Furniture,Bookcases,Bookcases - Model O181,5,599.67,0.1,2698.51,,47.3
ORD-2023-01494,02/16/2023,2023-02-18,First Class,CUST-4967,Sophia Rodriguez,Consumer,Tucson,Arizona,West,Office Supplies,Pens,Pens - Model N146,6,134.43,0.15,685.59,265.57,11.95
ORD-2022-01495,09/14/2022,2022-09-17,Second Class,CUST-5494,Sandra Gonzalez,Consumer,Charlotte,North Carolina,South,Technology,Laptops,Laptops - Model L641,6,1099.88,0.05,6269.32,614.68,24.55
ORD-2023-01496,09/04/2023,2023-09-07,Second Class,CUST-0867,Robert Ramirez,Consumer,Reno,Nevada,West,Furniture,Bookcases,Bookcases - Model D480,5,834.83,0.0,,92.96,6.97
ORD-2022-01497,06/22/2022,2022-06-26,Standard Class,CUST-6833,Margaret Martin,Home Office,Virginia Beach,Virginia,South,Technology,Monitors,Monitors - Model B781,10,1486.07,0.3,10402.49,,25.81
ORD-2024-01498,07/16/2024,2024-07-20,Standard Class,CUST-6035,Daniel White,Consumer,Las Vegas,Nevada,West,Furniture,Storage,Storage - Model H890,11,117.38,0.0,1291.18,160.68,15.97
ORD-2022-01499,10/03/2022,2022-10-06,Second Class,CUST-2131,Matthew Smith,Corporate,Sacramento,California,West,Clothing,Jackets,Jackets - Model I523,7,84.78,0.25,445.1,-126.53,40.33
ORD-2021-01500,11/18/2021,2021-11-23,Standard Class,CUST-0995,Lisa Brown,Consumer,Hartford,Connecticut,East,Furniture,Tables,Tables - Model J139,6,591.9,0.25,2663.55,269.79,47.77
ORD-2022-01501,01/13/2022,2022-01-18,Standard Class,CUST-0811,Jessica Rodriguez,Consumer,Buffalo,New York,East,Office Supplies,Paper,Paper - Model N512,7,10.6,0.3,51.94,19.76,12.44
ORD-2021-01502,09/18/2021,2021-09-21,Second Class,CUST-6258,Betty Thompson,Consumer,Phoenix,Arizona,West,Technology,Tablets,Tablets - Model E585,7,1548.17,0.3,7586.03,1608.71,15.53
ORD-2022-01503,09/13/2022,2022-09-20,Standard Class,CUST-3664,Thomas Moore,Consumer,Nashville,Tennessee,South,Technology,Laptops,Laptops - Model O340,8,238.18,0.15,1619.62,94.44,47.27
ORD-2021-01504,08/14/2021,2021-08-18,Second Class,CUST-4874,Margaret Hernandez,Corporate,Stamford,Connecticut,East,Furniture,Storage,Storage - Model N106,7,155.35,0.1,978.71,99.59,39.56
ORD-2021-01505,07/09/2021,2021-07-14,Second Class,CUST-8312,Betty Moore,Home Office,San Francisco,California,West,Furniture,Desks,Desks - Model P519,9,841.75,0.05,7196.96,518.93,48.5
ORD-2022-01506,03/28/2022,2022-04-01,Standard Class,CUST-5088,Isabella Anderson,Consumer,Minneapolis,Minnesota,Central,Office Supplies,Paper,Paper - Model H260,6,127.96,0.25,575.82,233.7,16.87
ORD-2023-01507,12/12/2023,2023-12-18,Standard Class,CUST-6941,Thomas Taylor,Consumer,Aurora,Illinois,Central,Clothing,Accessories,Accessories - Model G170,1,106.99,0.1,96.29,45.62,18.98
ORD-2023-01508,03/10/2023,2023-03-15,Second Class,CUST-0435,Barbara White,Consumer,Grand Rapids,Michigan,Central,Technology,Accessories,Accessories - Model I127,4,576.25,0.25,1728.75,,29.87
ORD-2023-01509,12/12/2023,2023-12-18,Standard Class,CUST-7176,Evelyn Ramirez,Home Office,San Francisco,California,West,Clothing,Jackets,Jackets - Model C104,7,18.29,0.0,128.03,41.05,40.84
ORD-2022-01510,12/20/2022,2022-12-20,Same Day,CUST-4418,Joseph Harris,Corporate,Jersey City,New Jersey,East,Technology,Phones,Phones - Model A646,10,1044.81,0.15,8880.88,968.59,99.42
ORD-2021-01511,12/06/2021,2021-12-12,Standard Class,CUST-2649,Ava Smith,Consumer,Miami,Florida,South,Clothing,Accessories,Accessories - Model J997,9,195.5,0.3,1231.65,475.88,26.8
ORD-2023-01512,11/16/2023,2023-11-18,First Class,CUST-4456,Michael White,Corporate,Sacramento,California,West,Clothing,Pants,Pants - Model P420,10,454.65,0.05,4319.18,2045.47,41.16
ORD-2021-01513,03/17/2021,2021-03-20,Second Class,CUST-1300,Sarah Williams,Consumer,Charlotte,North Carolina,South,Office Supplies,Labels,Labels - Model A274,2,55.07,0.1,99.13,12.9,48.64
ORD-2023-01514,01/01/2023,2023-01-06,Second Class,CUST-2808,Jennifer Clark,Consumer,Seattle,Washington,West,Clothing,Jackets,Jackets - Model L265,4,288.1,0.0,1152.4,394.14,34.63
ORD-2022-01515,03/09/2022,2022-03-13,Second Class,CUST-8783,Christopher Davis,Consumer,San Diego,California,West,Clothing,Jackets,Jackets - Model G836,7,361.64,0.25,1898.61,776.6,6.98
ORD-2023-01516,07/20/2023,2023-07-25,Standard Class,CUST-8312,Betty Moore,Home Office,Austin,Texas,Central,Office Supplies,Labels,Labels - Model M978,6,194.01,0.05,1105.86,434.0,9.36
ORD-2023-01517,09/09/2023,2023-09-14,Standard Class,CUST-4159,Charles Garcia,Corporate,Cincinnati,Ohio,Central,Furniture,Chairs,Chairs - Model P723,7,677.27,0.0,4740.89,462.12,19.53
ORD-2024-01518,02/20/2024,2024-02-24,Standard Class,CUST-1384,Anthony Sanchez,Home Office,Durham,North Carolina,South,Office Supplies,Paper,Paper - Model M814,10,112.34,0.05,1067.23,455.77,19.81
ORD-2022-01519,06/23/2022,2022-06-29,Standard Class,CUST-1544,David Rodriguez,Consumer,Worcester,Massachusetts,East,Office Supplies,Pens,Pens - Model P105,4,120.66,0.05,458.51,86.06,8.35
ORD-2024-01520,11/25/2024,2024-11-29,Second Class,CUST-1032,Robert Sanchez,Corporate,Durham,North Carolina,South,Furniture,Storage,Storage - Model B437,1,943.07,0.0,943.07,84.97,4.57
ORD-2021-01521,04/09/2021,2021-04-16,Standard Class,CUST-1132,Sophia Gonzalez,Corporate,Aurora,Illinois,Central,Clothing,Pants,Pants - Model I906,5,484.29,0.3,1695.02,309.78,43.06
ORD-2021-01522,11/03/2021,2021-11-03,Same Day,CUST-7555,Sarah Harris,Corporate,Trenton,New Jersey,East,Clothing,Shoes,Shoes - Model E301,11,466.76,0.0,5134.36,896.17,84.84
ORD-2023-01523,12/20/2023,2023-12-20,Same Day,CUST-6971,Susan Williams,Home Office,Augusta,Georgia,South,Clothing,Shirts,Shirts - Model E229,2,388.33,0.3,543.66,200.49,7.52
ORD-2022-01524,03/13/2022,2022-03-17,Standard Class,CUST-6675,Linda Gonzalez,Corporate,Newark,New Jersey,East,Furniture,Chairs,Chairs - Model E294,7,414.84,0.0,2903.88,,22.95
ORD-2022-01525,05/04/2022,2022-05-11,Standard Class,CUST-1816,Karen Davis,Consumer,Minneapolis,Minnesota,Central,Technology,Laptops,Laptops - Model E330,10,1682.74,0.05,15986.03,2904.95,48.92
ORD-2021-01526,10/14/2021,2021-10-14,Same Day,CUST-6994,Ava Robinson,Consumer,Raleigh,North Carolina,South,Furniture,Bookcases,Bookcases - Model I719,10,864.48,0.0,8644.8,1629.81,42.56
ORD-2024-01527,06/13/2024,2024-06-16,First Class,CUST-4919,Emily Sanchez,Consumer,Columbus,Ohio,Central,Clothing,Accessories,Accessories - Model D993,2,46.45,0.05,88.25,21.03,22.45
ORD-2021-01528,02/19/2021,2021-02-21,First Class,CUST-6035,Daniel White,Consumer,Hartford,Connecticut,East,Technology,Accessories,Accessories - Model F898,8,1350.08,0.0,,910.99,19.1
ORD-2021-01529,07/20/2021,2021-07-24,Standard Class,CUST-9300,Joseph Taylor,Corporate,Las Vegas,Nevada,West,Clothing,Shoes,Shoes - Model A321,3,103.23,0.3,216.78,58.27,2.32
ORD-2024-01530,06/28/2024,2024-06-29,First Class,CUST-5684,Ava Thomas,Corporate,New Haven,Connecticut,East,Office Supplies,Envelopes,Envelopes - Model K881,6,15.35,0.0,92.1,17.43,23.67
ORD-2024-01531,11/29/2024,2024-12-06,Standard Class,CUST-0811,Jessica Rodriguez,Corporate,Charlotte,North Carolina,South,Clothing,Shoes,Shoes - Model N206,2,88.55,0.3,123.97,33.06,11.85
ORD-2021-01532,03/04/2021,2021-03-09,Second Class,CUST-3937,Christopher Perez,Consumer,Philadelphia,Pennsylvania,East,Office Supplies,Labels,Labels - Model E623,8,46.19,0.0,369.52,140.34,3.89
ORD-2023-01533,08/25/2023,2023-08-29,Second Class,CUST-2406,Christopher Wilson,Corporate,Las Vegas,Nevada,West,Office Supplies,Binders,Binders - Model F102,8,28.48,0.0,227.84,72.0,42.56
ORD-2024-01534,02/02/2024,2024-02-06,Second Class,CUST-3937,Christopher Perez,Consumer,Jacksonville,Florida,South,Clothing,Pants,Pants - Model M434,2,86.93,0.15,147.78,43.06,6.39
ORD-2024-01535,12/23/2024,2024-12-28,Second Class,CUST-3042,David Perez,Home Office,San Diego,California,West,Furniture,Bookcases,Bookcases - Model F312,12,100.05,0.05,1140.57,108.7,49.81
ORD-2021-01536,12/03/2021,2021-12-08,Second Class,CUST-0995,Lisa Brown,Consumer,Houston,Texas,Central,Furniture,Desks,Desks - Model G567,6,1216.11,0.0,7296.66,1433.87,38.84
ORD-2021-01537,10/17/2021,2021-10-21,Standard Class,CUST-8156,Anthony Perez,Consumer,Ann Arbor,Michigan,Central,Clothing,Accessories,Accessories - Model P844,11,159.72,0.05,1669.07,388.12,2.07
ORD-2023-01538,02/05/2023,2023-02-12,Standard Class,CUST-7934,Charlotte Jackson,Consumer,Sacramento,California,West,Office Supplies,Pens,Pens - Model K665,1,21.77,0.0,21.77,5.91,16.37
ORD-2024-01539,04/03/2024,2024-04-07,Standard Class,CUST-4944,Olivia Martin,Consumer,Newark,New Jersey,East,Clothing,Accessories,Accessories - Model N201,12,362.23,0.05,4129.42,821.21,42.15
ORD-2024-01540,12/21/2024,2024-12-26,Standard Class,CUST-7985,William Anderson,Corporate,Houston,Texas,Central,Clothing,Jackets,Jackets - Model H458,5,372.68,0.1,1677.06,584.92,21.42
ORD-2022-01541,11/28/2022,2022-12-04,Standard Class,CUST-6971,Susan Williams,Consumer,New York City,New York,East,Office Supplies,Labels,Labels - Model N954,3,93.68,0.3,196.73,-18.94,5.96
ORD-2023-01542,07/01/2023,2023-07-04,First Class,CUST-5163,Jennifer Martinez,Consumer,Eugene,Oregon,West,Clothing,Shirts,Shirts - Model N169,5,415.14,0.0,2075.7,459.22,49.6
ORD-2022-01543,03/27/2022,2022-03-30,First Class,CUST-5322,Patricia Jackson,Home Office,Cincinnati,Ohio,Central,,Labels,Labels - Model N553,6,90.09,0.0,540.54,74.29,11.04
ORD-2023-01544,07/09/2023,2023-07-14,Standard Class,CUST-4641,Karen Taylor,Consumer,Cleveland,Ohio,Central,Office Supplies,Paper,Paper - Model C498,1,110.8,0.15,94.18,41.33,29.38
ORD-2021-01545,03/21/2021,2021-03-26,Standard Class,CUST-9286,Christopher Miller,Home Office,Dallas,Texas,Central,Clothing,Shirts,Shirts - Model A626,4,143.42,0.2,458.94,193.81,5.38
ORD-2024-01546,10/07/2024,2024-10-11,Second Class,CUST-7963,Christopher Anderson,Home Office,Philadelphia,Pennsylvania,East,Technology,Phones,Phones - Model H848,10,1530.53,0.25,11478.97,1899.35,30.53
ORD-2023-01547,12/14/2023,2023-12-21,Standard Class,CUST-0957,Karen Martin,Home Office,Atlanta,Georgia,South,Office Supplies,Binders,Binders - Model L851,11,192.72,0.3,1483.94,595.47,26.6
ORD-2021-01548,08/03/2021,2021-08-08,Second Class,CUST-8742,Anthony Miller,Corporate,Raleigh,North Carolina,South,Technology,Phones,Phones - Model P342,8,1489.09,0.1,10721.45,2212.55,17.01
ORD-2024-01549,11/01/2024,2024-11-03,First Class,CUST-0811,Jessica Rodriguez,Consumer,Columbus,Ohio,Central,Furniture,Bookcases,Bookcases - Model E494,11,1163.64,0.15,10880.03,775.37,13.15
ORD-2023-01550,07/15/2023,2023-07-20,Standard Class,CUST-8312,Betty Moore,Consumer,Newark,New Jersey,East,Office Supplies,Labels,Labels - Model B573,10,141.4,0.2,1131.2,257.19,43.04
ORD-2023-01551,07/12/2023,2023-07-12,Same Day,CUST-4860,Linda Davis,Home Office,Stamford,Connecticut,East,Office Supplies,Binders,Binders - Model J793,1,98.78,0.05,93.84,11.25,58.14
ORD-2024-01552,12/04/2024,2024-12-08,Second Class,CUST-8263,Jessica Ramirez,Home Office,Spokane,Washington,West,Furniture,Bookcases,Bookcases - Model F252,4,320.14,0.3,896.39,-65.13,21.62
ORD-2024-01553,04/18/2024,2024-04-22,Standard Class,CUST-4248,Sophia Williams,Home Office,Rochester,New York,East,Clothing,Jackets,Jackets - Model G262,8,126.57,0.15,860.68,407.57,15.67
ORD-2023-01554,07/12/2023,2023-07-19,Standard Class,CUST-9753,Jessica Perez,Corporate,Seattle,Washington,West,Clothing,Accessories,Accessories - Model K134,10,129.08,0.15,1097.18,302.37,18.54
ORD-2023-01555,07/14/2023,2023-07-20,Standard Class,CUST-8013,Michael Lopez,Home Office,Sacramento,California,West,Clothing,Jackets,Jackets - Model I911,6,286.16,0.25,1287.72,-249.23,28.45
ORD-2022-01556,05/26/2022,2022-05-30,Second Class,CUST-1816,Karen Davis,Consumer,Ann Arbor,Michigan,Central,Technology,Accessories,Accessories - Model M205,3,463.71,0.0,1391.13,321.73,27.97
ORD-2022-01557,05/01/2022,2022-05-04,Second Class,CUST-9977,Linda Anderson,Consumer,Jersey City,New Jersey,East,Technology,Tablets,Tablets - Model L478,6,2037.63,0.15,10391.91,1726.37,4.45
ORD-2023-01558,04/16/2023,2023-04-19,Second Class,CUST-9986,Ava Garcia,Consumer,Stamford,Connecticut,East,Furniture,Bookcases,Bookcases - Model N978,4,877.54,0.0,3510.16,236.28,41.53
ORD-2021-01559,11/14/2021,2021-11-17,First Class,CUST-2808,Olivia Davis,Consumer,Pittsburgh,Pennsylvania,East,Furniture,Tables,Tables - Model B677,8,580.55,0.15,3947.74,559.7,21.22
ORD-2023-01560,07/27/2023,2023-07-27,Same Day,CUST-0995,Lisa Brown,Consumer,Charlotte,North Carolina,,Technology,Laptops,Laptops - Model B157,4,1480.85,0.05,5627.23,565.93,78.39
ORD-2023-01561,07/26/2023,2023-07-31,Second Class,CUST-5383,Lisa Sanchez,Home Office,Charlotte,North Carolina,South,Furniture,Storage,Storage - Model C858,10,261.6,0.2,2092.8,336.89,31.25
ORD-2021-01562,12/19/2021,2021-12-23,Standard Class,CUST-4860,Linda Davis,Consumer,Spokane,Washington,  West  ,Furniture,Storage,Storage - Model H768,8,683.37,0.1,4920.26,259.44,39.41
ORD-2022-01563,10/09/2022,2022-10-11,First Class,CUST-8156,Anthony Perez,Consumer,Saint Paul,Minnesota,Central,Furniture,Tables,Tables - Model F809,11,792.27,0.0,8714.97,1680.22,49.08
ORD-2021-01564,12/09/2021,2021-12-14,Second Class,CUST-7963,Christopher Anderson,Corporate,Virginia Beach,Virginia,South,Office Supplies,Binders,Binders - Model I602,7,4.6,0.2,25.76,9.96,41.45
ORD-2024-01565,08/17/2024,2024-08-24,Standard Class,CUST-8993,Margaret Wilson,Consumer,Cleveland,Ohio,Central,Clothing,Jackets,Jackets - Model P606,9,454.01,0.1,3677.48,572.35,2.17
ORD-2024-01566,11/28/2024,2024-11-28,Same Day,CUST-2361,Betty White,Consumer,Hartford,Connecticut,East,Clothing,Pants,Pants - Model J258,7,266.0,0.0,1862.0,661.12,123.67
ORD-2023-01567,04/02/2023,2023-04-06,Standard Class,CUST-1630,Michael Gonzalez,Corporate,Columbus,Ohio,Central,Clothing,Shirts,Shirts - Model N134,6,199.72,0.2,958.66,351.92,2.51
ORD-2022-01568,12/17/2022,2022-12-21,Second Class,CUST-8197,,Consumer,Worcester,Massachusetts,East,Furniture,Chairs,Chairs - Model F879,5,226.3,0.15,961.77,60.48,19.91
ORD-2024-01569,11/05/2024,2024-11-05,Same Day,CUST-5447,Michael Lewis,Corporate,Phoenix,Arizona,West,Clothing,Shirts,Shirts - Model D582,1,349.15,0.2,279.32,96.19,112.81
ORD-2023-01570,01/22/2023,2023-01-23,First Class,CUST-0811,Jessica Rodriguez,Consumer,Sacramento,California,West,Furniture,Bookcases,Bookcases - Model L849,8,907.74,0.25,5446.44,794.58,16.1
ORD-2021-01571,06/20/2021,2021-06-27,Standard Class,CUST-4469,Christopher Johnson,Home Office,Phoenix,Arizona,West,Clothing,Accessories,Accessories - Model L128,12,96.54,0.15,984.71,166.64,18.7
ORD-2022-01572,08/15/2022,2022-08-18,Second Class,CUST-6941,Thomas Taylor,Corporate,Augusta,Georgia,South,Technology,Laptops,Laptops - Model P473,10,1986.86,0.25,14901.45,1546.86,35.26
ORD-2024-01573,09/21/2024,2024-09-26,Second Class,CUST-9986,Ava Garcia,Corporate,Raleigh,North Carolina,South,Office Supplies,Binders,Binders - Model L254,7,133.3,0.1,839.79,280.6,9.96
ORD-2022-01574,12/31/2022,2023-01-06,Standard Class,CUST-3766,Sandra Jones,Consumer,Grand Rapids,Michigan,Central,Furniture,Bookcases,Bookcases - Model H989,8,1190.44,0.2,7618.82,1169.34,39.03
ORD-2024-01575,11/07/2024,2024-11-09,First Class,CUST-8884,Thomas Jones,Corporate,Detroit,Michigan,Central,Technology,Accessories,Accessories - Model J713,11,163.74,0.15,1530.97,236.06,31.54
ORD-2023-01576,03/12/2023,2023-03-18,Standard Class,CUST-9622,Susan Perez,Consumer,Rochester,New York,East,Furniture,Desks,Desks - Model B790,6,682.99,0.1,3688.15,293.3,29.12
ORD-2024-01577,03/28/2024,2024-04-04,Standard Class,CUST-0827,Harper Wilson,Consumer,Pittsburgh,Pennsylvania,East,Technology,Phones,Phones - Model D192,12,2408.85,0.3,20234.34,2516.93,5.4
ORD-2023-01578,12/31/2023,2023-12-31,Same Day,CUST-6971,Susan Williams,Consumer,Springfield,Massachusetts,East,Furniture,Chairs,Chairs - Model H465,10,635.71,0.3,4449.97,-473.92,91.79
ORD-2022-01579,02/11/2022,2022-02-15,Second Class,CUST-3900,Margaret Smith,Consumer,Dallas,Texas,Central,Office Supplies,Labels,Labels - Model P778,3,3.71,0.15,9.46,1.93,41.66
ORD-2024-01580,03/22/2024,2024-03-26,Second Class,CUST-1630,Michael Gonzalez,Home Office,Rochester,New York,East,Office Supplies,Labels,Labels - Model I557,5,78.55,0.1,353.48,56.94,13.9
ORD-2023-01581,07/23/2023,2023-07-30,Standard Class,CUST-3232,William Sanchez,Corporate,Charlotte,North Carolina,South,Furniture,Bookcases,Bookcases - Model K648,1,1218.75,0.15,1035.94,170.01,31.83
ORD-2022-01582,01/06/2022,2022-01-10,Second Class,CUST-2380,Thomas Garcia,Corporate,Worcester,Massachusetts,East,Office Supplies,Pens,Pens - Model K625,5,176.93,0.1,796.19,348.94,13.31
ORD-2021-01583,11/09/2021,2021-11-12,Second Class,CUST-8197,Susan Taylor,Home Office,Charlotte,North Carolina,,Clothing,Jackets,Jackets - Model C815,10,112.31,0.2,898.48,456.72,26.76
ORD-2021-01584,12/25/2021,2021-12-31,Standard Class,CUST-6157,Charlotte Miller,Consumer,Phoenix,Arizona,West,Technology,Tablets,Tablets - Model N667,7,383.45,0.0,2684.15,510.65,13.52
ORD-2021-01585,05/08/2021,2021-05-14,Standard Class,CUST-8263,Jessica Ramirez,Consumer,Worcester,Massachusetts,East,Clothing,Shirts,Shirts - Model E823,3,230.26,0.1,621.7,153.25,4.54
ORD-2023-01586,06/21/2023,2023-06-26,Standard Class,CUST-3211,William Moore,Corporate,Charlotte,North Carolina,South,Clothing,Jackets,Jackets - Model N292,2,401.9,0.0,803.8,162.39,5.67
ORD-2024-01587,01/19/2024,2024-01-19,Same Day,CUST-7994,Sandra Lopez,Corporate,Las Vegas,Nevada,West,Office Supplies,Pens,Pens - Model K625,7,76.59,0.15,,114.64,90.04
ORD-2022-01588,11/30/2022,2022-12-04,Standard Class,CUST-5015,Barbara Taylor,Corporate,Boston,Massachusetts,East,Clothing,Shoes,Shoes - Model B423,10,143.53,0.3,1004.71,-297.28,9.5
ORD-2024-01589,11/19/2024,2024-11-24,Standard Class,CUST-7955,Sandra Davis,Consumer,Seattle,Washington,West,Clothing,Shirts,Shirts - Model F314,12,88.08,0.0,1056.96,246.48,22.76
ORD-2023-01590,02/21/2023,2023-02-28,Standard Class,CUST-4945,Isabella Clark,Consumer,Stamford,Connecticut,East,Office Supplies,Binders,Binders - Model P247,9,93.63,0.2,674.14,299.01,36.67
ORD-2021-01591,11/03/2021,2021-11-03,Same Day,CUST-1630,Michael Gonzalez,Consumer,Eugene,Oregon,West,Furniture,Tables,Tables - Model I753,11,540.03,0.15,5049.28,537.55,46.05
ORD-2023-01592,05/21/2023,2023-05-24,Second Class,CUST-3690,Emily Anderson,Consumer,Grand Rapids,Michigan,Central,Office Supplies,Binders,Binders - Model K643,6,141.73,0.25,637.78,112.51,39.25
ORD-2022-01593,03/28/2022,2022-03-28,Same Day,CUST-5336,Isabella Williams,Corporate,Eugene,Oregon,West,,Desks,Desks - Model B881,12,1457.31,0.15,14864.56,1212.84,39.84
ORD-2023-01594,04/21/2023,2023-04-25,Standard Class,CUST-4860,Linda Davis,Home Office,Ann Arbor,Michigan,Central,Clothing,Accessories,Accessories - Model C468,10,216.45,0.1,1948.05,603.69,32.96
ORD-2022-01595,04/22/2022,2022-04-27,Second Class,CUST-0015,Jessica Gonzalez,Consumer,Salem,Oregon,West,Clothing,Shoes,Shoes - Model H312,3,358.72,0.0,1076.16,576.75,9.83
ORD-2024-01596,01/20/2024,2024-01-27,Standard Class,CUST-4920,Jennifer Wilson,Corporate,Charlotte,North Carolina,South,Office Supplies,Pens,Pens - Model I263,7,56.37,0.25,295.94,72.33,30.54
ORD-2022-01597,11/27/2022,2022-12-01,Standard Class,CUST-3359,Robert White,Consumer,Knoxville,Tennessee,South,Clothing,Shirts,Shirts - Model M247,9,119.68,0.15,915.55,292.72,31.98
ORD-2022-01598,10/19/2022,2022-10-23,Standard Class,CUST-4641,Karen Taylor,Corporate,Mesa,Arizona,West,Furniture,Bookcases,Bookcases - Model I957,4,509.33,0.25,1527.99,36.38,23.59
ORD-2021-01599,12/06/2021,2021-12-10,Second Class,CUST-9738,Mia Lewis,Consumer,Reno,Nevada,West,Office Supplies,Pens,Pens - Model P448,10,69.97,0.15,594.75,262.7,3.22
ORD-2022-01600,03-Dec-2022,2022-12-09,Standard Class,CUST-3690,Emily Anderson,Consumer,Houston,Texas,Central,Office Supplies,Paper,Paper - Model H739,6,188.53,0.15,961.5,140.23,42.96
ORD-2023-01601,11/22/2023,2023-11-25,First Class,CUST-5607,Daniel Miller,Home Office,Minneapolis,Minnesota,Central,Office Supplies,Paper,Paper - Model C724,11,142.53,0.0,,321.06,45.57
ORD-2023-01602,10/04/2023,2023-10-07,First Class,CUST-6660,James Williams,Consumer,Seattle,Washington,West,Clothing,Accessories,Accessories - Model I574,4,22.6,0.3,63.28,13.07,11.05
ORD-2023-01603,01/13/2023,2023-01-13,Same Day,CUST-0867,Robert Ramirez,Consumer,Augusta,Georgia,South,Furniture,Storage,Storage - Model G891,7,373.32,0.0,2613.24,323.15,15.83
ORD-2021-01604,07/01/2021,2021-07-07,Standard Class,CUST-0995,Lisa Brown,Consumer,Savannah,Georgia,South,Technology,Phones,Phones - Model J936,8,1539.07,0.1,11081.3,750.29,40.42
ORD-2024-01605,09/04/2024,2024-09-04,Same Day,CUST-7555,Sarah Harris,Consumer,Rochester,New York,East,office supplies,Binders,Binders - Model I920,9,142.59,0.25,962.48,-99.92,79.81
ORD-2024-01606,11/18/2024,2024-11-23,Standard Class,CUST-6019,Anthony Martin,Consumer,Pittsburgh,Pennsylvania,East,Furniture,Chairs,Chairs - Model F734,2,1327.79,0.05,2522.8,278.64,49.71
ORD-2021-01607,12/22/2021,2021-12-27,Second Class,CUST-8156,Anthony Perez,Consumer,Minneapolis,Minnesota,Central,Clothing,Jackets,Jackets - Model L261,4,67.34,0.0,269.36,113.25,43.71
ORD-2021-01608,03/15/2021,2021-03-20,Standard Class,CUST-6754,Joseph Ramirez,Corporate,Las Vegas,Nevada,West,Clothing,Shoes,Shoes - Model B407,12,441.2,0.0,5294.4,2724.04,6.08
ORD-2024-01609,09/03/2024,2024-09-09,Standard Class,CUST-4641,Karen Taylor,Home Office,Sacramento,California,,Furniture,Tables,Tables - Model F123,4,430.47,0.1,1549.69,196.25,22.63
ORD-2023-01610,12/07/2023,2023-12-12,Standard Class,CUST-9779,Isabella Thompson,Consumer,Raleigh,North Carolina,South,Clothing,Pants,Pants - Model H177,7,380.39,0.05,,,3.25
ORD-2022-01611,02/06/2022,2022-02-07,First Class,CUST-8733,Mark Martin,Consumer,San Diego,California,West,Clothing,Pants,Pants - Model B534,7,436.13,0.0,3052.91,474.62,30.5
ORD-2022-01612,07/30/2022,2022-08-02,Second Class,CUST-1816,Karen Davis,Home Office,Durham,North Carolina,South,Clothing,Shirts,Shirts - Model A604,2,373.67,0.15,635.24,228.16,2.43
ORD-2021-01613,02/24/2021,2021-03-01,Standard Class,CUST-4418,Joseph Harris,Consumer,Las Vegas,Nevada,West,Technology,Accessories,Accessories - Model K647,8,768.22,0.3,4302.03,811.78,31.91
ORD-2024-01614,08/26/2024,2024-09-01,Standard Class,CUST-3232,William Sanchez,Consumer,Saint Paul,Minnesota,Central,Furniture,Desks,Desks - Model K860,5,553.42,0.0,2767.1,160.72,38.93
ORD-2024-01615,03/25/2024,2024-03-27,First Class,CUST-8490,Joseph Anderson,Home Office,Nashville,Tennessee,South,Furniture,Storage,Storage - Model P300,7,1320.71,0.05,8782.72,405.47,13.54
ORD-2021-01616,11/04/2021,2021-11-10,Standard Class,CUST-6484,Harper Miller,Consumer,Jersey City,New Jersey,East,Clothing,Jackets,Jackets - Model D502,4,250.64,0.0,1002.56,202.63,21.22
ORD-2021-01617,08/05/2021,2021-08-11,Standard Class,CUST-2741,,Home Office,New Haven,Connecticut,East,,Paper,Paper - Model D213,12,155.7,0.1,1681.56,638.55,19.75
ORD-2022-01618,01/01/2022,2022-01-08,Standard Class,CUST-8254,Sandra Martinez,Corporate,Chicago,Illinois,Central,Office Supplies,Envelopes,Envelopes - Model A980,4,175.74,0.0,702.96,92.27,31.16
ORD-2023-01619,03/30/2023,2023-03-30,Same Day,CUST-2225,Isabella Wilson,Corporate,Jersey City,New Jersey,East,Clothing,Accessories,Accessories - Model H488,9,379.0,0.05,3240.45,1133.94,15.74
ORD-2022-01620,07/01/2022,2022-07-05,Second Class,CUST-2093,John Harris,Consumer,Cincinnati,Ohio,Central,Office Supplies,Envelopes,Envelopes - Model N129,1,47.71,0.0,47.71,18.99,6.45
ORD-2023-01621,04/28/2023,2023-05-01,First Class,CUST-6833,Margaret Martin,Consumer,San Antonio,Texas,Central,Furniture,Chairs,Chairs - Model O861,4,604.15,0.3,1691.62,-88.77,4.66
ORD-2024-01622,04/04/2024,2024-04-08,Standard Class,CUST-0994,Anthony Wilson,Corporate,Phoenix,Arizona,West,Office Supplies,Paper,Paper - Model D171,4,83.55,0.1,300.78,120.21,38.17
ORD-2021-01623,02/09/2021,2021-02-09,Same Day,CUST-6157,Charlotte Miller,Corporate,Allentown,Pennsylvania,East,Clothing,Pants,Pants - Model P684,6,359.14,0.15,,916.74,19.89
ORD-2022-01624,01/07/2022,2022-01-10,Second Class,CUST-4365,Amelia Jackson,Consumer,Grand Rapids,Michigan,Central,Clothing,Jackets,Jackets - Model N233,8,177.97,0.3,996.63,-90.09,46.65
ORD-2021-01625,05/17/2021,2021-05-18,First Class,CUST-2627,Margaret Jones,Consumer,Mesa,Arizona,,Furniture,Desks,Desks - Model D935,7,1076.05,0.3,,-159.27,37.15
ORD-2024-01626,05/26/2024,2024-05-30,Standard Class,CUST-8341,Sarah Robinson,Corporate,Chicago,Illinois,Central,Technology,Laptops,Laptops - Model J751,11,877.71,0.2,7723.85,1856.87,37.41
ORD-2022-01627,12/06/2022,2022-12-10,Second Class,CUST-5389,Charlotte Martinez,Consumer,Portland,Oregon,West,Office Supplies,Binders,Binders - Model G755,4,97.71,0.3,273.59,104.89,43.25
ORD-2024-01628,09/10/2024,2024-09-13,First Class,CUST-9688,Charles Moore,Consumer,Spokane,Washington,West,Clothing,Shoes,Shoes - Model D947,2,177.41,0.3,248.37,50.16,49.26
ORD-2023-01629,12/11/2023,2023-12-15,Standard Class,CUST-3232,William Sanchez,Home Office,Rochester,Minnesota,Central,Technology,Phones,Phones - Model N222,2,786.71,0.2,1258.74,127.84,20.33
ORD-2024-01630,11/23/2024,2024-11-29,Standard Class,CUST-4919,Emily Sanchez,Home Office,Tucson,Arizona,,Office Supplies,Envelopes,Envelopes - Model G849,11,104.2,0.3,802.34,321.17,48.56
ORD-2022-01631,01/14/2022,2022-01-21,Standard Class,CUST-5336,Isabella Williams,Consumer,Reno,Nevada,,Technology,Laptops,Laptops - Model K348,3,869.12,0.0,2607.36,212.15,38.05
ORD-2024-01632,02/11/2024,2024-02-16,Second Class,CUST-1045,Karen Perez,Home Office,Grand Rapids,Michigan,Central,Clothing,Shoes,Shoes - Model A251,9,220.89,0.05,1888.61,698.27,12.32
ORD-2024-01633,03/15/2024,2024-03-19,Standard Class,CUST-8783,Christopher Davis,Consumer,Stamford,Connecticut,,Technology,Laptops,Laptops - Model P109,12,1504.63,0.0,18055.56,2517.01,40.92
ORD-2023-01634,09/26/2023,2023-10-01,Second Class,CUST-7085,Richard Thompson,Corporate,Stamford,Connecticut,East,Furniture,Chairs,Chairs - Model P919,12,81.63,0.3,685.69,42.67,30.51
ORD-2024-01635,10/09/2024,2024-10-09,Same Day,CUST-6789,James Brown,Consumer,Reno,Nevada,West,Office Supplies,Paper,Paper - Model P917,5,135.29,0.1,608.8,233.92,52.4
ORD-2023-01636,12/24/2023,2023-12-28,Standard Class,CUST-2649,Ava Smith,Consumer,Mesa,Arizona,West,Office Supplies,Envelopes,Envelopes - Model P691,6,2.69,0.0,16.14,2.71,18.02
ORD-2021-01637,29-Sep-2021,2021-09-29,Same Day,CUST-7085,Richard Thompson,Consumer,Durham,North Carolina,South,Furniture,Bookcases,Bookcases - Model I453,3,1430.95,0.15,3648.92,698.55,31.72
ORD-2021-01638,01/21/2021,2021-01-25,Second Class,CUST-4874,Margaret Hernandez,Home Office,Newark,New Jersey,East,Clothing,Accessories,Accessories - Model K250,11,82.76,0.25,682.77,211.58,7.86
ORD-2022-01639,12/03/2022,2022-12-09,Standard Class,CUST-9544,Isabella Harris,Consumer,Minneapolis,Minnesota,Central,Clothing,Accessories,Accessories - Model G298,3,251.36,0.05,716.38,169.67,14.38
ORD-2021-01640,11/03/2021,2021-11-08,Standard Class,CUST-4365,Amelia Jackson,Corporate,Phoenix,Arizona,West,Furniture,Tables,Tables - Model K868,10,335.61,0.0,3356.1,207.92,13.01
ORD-2023-01641,08/24/2023,2023-08-27,Second Class,CUST-2488,Matthew Williams,Consumer,Columbus,Ohio,Central,Clothing,Shirts,Shirts - Model I302,4,124.28,0.05,,199.82,32.35
ORD-2024-01642,01/06/2024,2024-01-13,Standard Class,CUST-9611,Amelia Rodriguez,Consumer,Las Vegas,Nevada,West,Technology,Tablets,Tablets - Model O324,8,297.52,0.3,1666.11,350.2,19.84
ORD-2024-01643,11/08/2024,2024-11-15,Standard Class,CUST-1384,Anthony Sanchez,Home Office,Stamford,Connecticut,East,Office Supplies,Pens,Pens - Model J845,12,30.53,0.15,311.41,84.49,35.44
ORD-2022-01644,04/01/2022,2022-04-04,Second Class,CUST-5336,Isabella Williams,Consumer,Portland,Oregon,West,Clothing,Accessories,Accessories - Model L731,4,138.91,0.0,555.64,200.29,28.69
ORD-2024-01645,07/25/2024,2024-07-25,Same Day,CUST-0995,Lisa Brown,Consumer,Worcester,Massachusetts,East,Technology,Tablets,Tablets - Model A343,3,281.78,0.3,591.74,73.86,85.9
ORD-2022-01646,12/09/2022,2022-12-16,Standard Class,CUST-1910,Sarah Thompson,Corporate,Austin,Texas,Central,Clothing,Shirts,Shirts - Model M761,8,119.35,0.1,859.32,298.77,24.61
ORD-2022-01647,09/02/2022,2022-09-07,Second Class,CUST-7963,Christopher Anderson,Corporate,Allentown,Pennsylvania,East,Furniture,Storage,Storage - Model K289,5,245.56,0.25,920.85,-43.05,29.17
ORD-2023-01648,04/01/2023,2023-04-06,Second Class,CUST-6971,Susan Williams,Consumer,Las Vegas,Nevada,West,Office Supplies,Paper,Paper - Model G669,10,70.88,0.1,,156.4,22.9
ORD-2024-01649,09/18/2024,2024-09-23,Standard Class,CUST-2093,John Harris,Consumer,Las Vegas,Nevada,West,Technology,Laptops,Laptops - Model O308,7,1695.13,0.05,11272.61,2103.24,48.7
ORD-2022-01650,12/20/2022,2022-12-20,Same Day,CUST-5684,Ava Thomas,Corporate,Seattle,Washington,West,Clothing,Jackets,Jackets - Model G712,2,218.78,0.2,350.05,53.22,16.52
ORD-2021-01651,11/11/2021,2021-11-16,Standard Class,CUST-1742,Emily Miller,Corporate,Rochester,New York,East,Office Supplies,Envelopes,Envelopes - Model G780,8,103.79,0.15,705.77,226.22,15.41
ORD-2023-01652,09/19/2023,2023-09-23,Standard Class,CUST-8969,Evelyn Lewis,Corporate,Naperville,Illinois,Central,Office Supplies,Labels,Labels - Model D114,5,71.31,0.25,267.41,102.98,22.09
ORD-2024-01653,03/22/2024,2024-03-25,First Class,CUST-4313,Emily Davis,Home Office,San Antonio,Texas,Central,Office Supplies,Binders,Binders - Model A775,6,79.02,0.15,403.0,169.84,6.22
ORD-2022-01654,01/27/2022,2022-01-27,Same Day,CUST-0041,Betty Lewis,Corporate,Springfield,Massachusetts,East,Furniture,Desks,Desks - Model L144,10,1234.53,0.3,8641.71,-219.67,23.93
ORD-2022-01655,11/25/2022,2022-12-02,Standard Class,CUST-9169,Thomas Sanchez,Consumer,Springfield,Massachusetts,East,Furniture,Desks,Desks - Model H405,4,556.74,0.3,1558.87,-144.69,10.96
ORD-2021-01656,07/29/2021,2021-08-02,Standard Class,CUST-3326,Mark Clark,Consumer,Las Vegas,Nevada,West,Office Supplies,Envelopes,Envelopes - Model J490,7,2.14,0.1,13.48,4.12,4.81
ORD-2023-01657,09/04/2023,2023-09-08,Second Class,CUST-6803,Robert Clark,Consumer,Boston,Massachusetts,East,Furniture,Tables,Tables - Model D931,6,95.09,0.05,542.01,81.77,41.18
ORD-2023-01658,04/10/2023,2023-04-10,Same Day,CUST-0324,Robert Martin,Corporate,Springfield,Massachusetts,East,Technology,Phones,Phones - Model J225,6,1326.78,0.05,7562.65,703.11,49.74
ORD-2024-01659,01/19/2024,2024-01-23,Standard Class,CUST-3348,Mark Williams,Consumer,Tacoma,Washington,West,Office Supplies,Envelopes,Envelopes - Model G908,9,4.29,0.0,38.61,4.79,43.07
ORD-2022-01660,12/26/2022,2022-12-30,Standard Class,CUST-3369,Christopher Clark,Home Office,Salem,Oregon,West,Technology,Laptops,Laptops - Model M740,12,965.51,0.15,9848.2,1154.29,29.63
ORD-2024-01661,10/07/2024,2024-10-14,Standard Class,CUST-2808,Jennifer Clark,Consumer,Durham,North Carolina,South,Technology,Accessories,Accessories - Model A649,1,1622.93,0.0,1622.93,275.07,11.79
ORD-2021-01662,11/30/2021,2021-12-04,Standard Class,CUST-0710,David Miller,Home Office,Richmond,Virginia,South,Technology,Laptops,Laptops - Model H312,3,231.85,0.05,660.77,69.97,18.94
ORD-2021-01663,12/04/2021,2021-12-06,First Class,CUST-8013,Michael Lopez,Corporate,Savannah,Georgia,South,Office Supplies,Labels,Labels - Model L494,3,143.84,0.1,388.37,112.36,20.66
ORD-2021-01664,11/06/2021,2021-11-10,Standard Class,CUST-6941,Thomas Taylor,Corporate,Naperville,Illinois,Central,Office Supplies,Paper,Paper - Model N425,8,135.41,0.0,1083.28,150.1,28.61
ORD-2021-01665,04/09/2021,2021-04-14,Second Class,CUST-1661,John Johnson,Corporate,Augusta,Georgia,South,Furniture,Tables,Tables - Model B286,6,555.05,0.3,2331.21,369.3,45.93
ORD-2021-01666,05/02/2021,2021-05-06,Standard Class,CUST-9544,Isabella Harris,Consumer,Cincinnati,Ohio,Central,Clothing,Shirts,Shirts - Model M980,9,33.72,0.1,273.13,80.22,18.5
ORD-2021-01667,11/02/2021,2021-11-05,First Class,CUST-0710,Karen Gonzalez,Corporate,Sacramento,California,West,Technology,Tablets,Tablets - Model I865,7,2107.6,0.3,10327.24,1965.21,25.98
ORD-2021-01668,07/29/2021,2021-08-04,Standard Class,CUST-2232,Anthony Hernandez,Home Office,Tucson,Arizona,West,Technology,Monitors,Monitors - Model K948,9,135.09,0.0,1215.81,229.13,23.92
ORD-2022-01669,11/29/2022,2022-12-03,Second Class,CUST-9753,Jessica Perez,Corporate,Saint Paul,Minnesota,Central,Furniture,Storage,Storage - Model I180,5,240.32,0.0,1201.6,86.83,19.24
ORD-2024-01670,08/25/2024,2024-09-01,Standard Class,CUST-8330,Mark Moore,Consumer,Memphis,Tennessee,South,Office Supplies,Binders,Binders - Model B198,7,187.75,0.1,1182.83,323.36,27.17
ORD-2024-01671,07/14/2024,2024-07-18,Standard Class,CUST-1968,Barbara Lewis,Home Office,Ann Arbor,Michigan,Central,Clothing,Pants,Pants - Model O497,2,69.27,0.2,110.83,33.78,38.9
ORD-2024-01672,01/12/2024,2024-01-19,Standard Class,CUST-5336,Isabella Williams,Corporate,Phoenix,Arizona,West,Clothing,Shoes,Shoes - Model B227,7,191.09,0.0,1337.63,649.65,37.81
ORD-2024-01673,11/01/2024,2024-11-06,Standard Class,CUST-5694,Charles Wilson,Consumer,Hartford,Connecticut,East,Office Supplies,Binders,Binders - Model G448,3,69.63,0.2,167.11,65.32,2.03
ORD-2022-01674,10/20/2022,2022-10-24,Standard Class,CUST-2406,Christopher Wilson,Home Office,Las Vegas,Nevada,West,Office Supplies,Binders,Binders - Model A740,6,181.82,0.05,1036.37,223.5,38.84
ORD-2022-01675,01/21/2022,2022-01-25,Second Class,CUST-9611,Amelia Rodriguez,Consumer,Tampa,Florida,South,Furniture,Tables,Tables - Model E229,12,1085.21,0.0,13022.52,,6.09
ORD-2021-01676,10/28/2021,2021-11-03,Standard Class,CUST-8549,Mark Anderson,Consumer,Tacoma,Washington,West,Technology,Tablets,Tablets - Model A926,9,2319.28,0.25,15655.14,-2230.39,43.19
ORD-2024-01677,10/26/2024,2024-10-29,Second Class,CUST-8263,Jessica Ramirez,Home Office,Boston,Massachusetts,East,Technology,Phones,Phones - Model N643,3,608.81,0.05,1735.11,257.52,47.14
ORD-2024-01678,10/27/2024,2024-10-29,First Class,CUST-0745,Robert Brown,Consumer,Los Angeles,California,West,Furniture,Bookcases,Bookcases - Model L574,9,1165.36,0.2,8390.59,1392.32,34.61
ORD-2023-01679,01/11/2023,2023-01-17,Standard Class,CUST-8945,Robert Lewis,Home Office,Columbus,Ohio,Central,Furniture,Tables,Tables - Model P943,11,249.17,0.1,2466.78,180.51,10.91
ORD-2024-01680,08/02/2024,2024-08-07,Second Class,CUST-4469,Christopher Johnson,Consumer,Knoxville,Tennessee,South,Office Supplies,Paper,Paper - Model H357,6,74.37,0.3,312.35,-108.76,9.62
ORD-2022-01681,06/21/2022,2022-06-28,Standard Class,CUST-0435,Barbara White,Consumer,Orlando,Florida,South,Clothing,Shirts,Shirts - Model E156,11,241.59,0.05,2524.62,451.66,42.42
ORD-2022-01682,03/17/2022,2022-03-18,First Class,CUST-3326,Mark Clark,Corporate,Aurora,Illinois,Central,Technology,Phones,Phones - Model P961,5,1794.09,0.0,8970.45,909.47,47.83
ORD-2022-01683,11/27/2022,2022-12-04,Standard Class,CUST-5322,Jennifer Miller,Corporate,Eugene,Oregon,West,Clothing,Jackets,Jackets - Model I309,4,43.87,0.25,131.61,-22.25,12.89
ORD-2022-01684,05/13/2022,2022-05-17,Standard Class,CUST-8197,Susan Taylor,Home Office,Reno,Nevada,West,Furniture,Desks,Desks - Model H401,5,911.64,0.25,3418.65,292.55,35.65
ORD-2024-01685,02/04/2024,2024-02-06,First Class,CUST-6127,Ava Anderson,Consumer,Boston,Massachusetts,East,Technology,Laptops,Laptops - Model D475,10,1497.37,0.25,11230.27,-1166.43,46.08
ORD-2023-01686,11/21/2023,2023-11-26,Standard Class,CUST-2233,John Anderson,Corporate,Seattle,Washington,West,Office Supplies,Pens,Pens - Model B549,1,59.39,0.05,56.42,19.18,49.07
ORD-2023-01687,12/12/2023,2023-12-19,Standard Class,CUST-2649,Ava Smith,Corporate,Reno,Nevada,West,Clothing,Shoes,Shoes - Model N980,6,207.09,0.0,1242.54,520.48,23.57
ORD-2021-01688,10/13/2021,2021-10-16,Second Class,CUST-1045,Karen Perez,Home Office,Tacoma,Washington,West,Furniture,Storage,Storage - Model N985,9,272.6,0.3,1717.38,278.6,8.42
ORD-2022-01689,06/20/2022,2022-06-25,Second Class,CUST-7085,Richard Thompson,Corporate,San Diego,California,West,Clothing,Accessories,Accessories - Model F778,1,451.07,0.2,360.86,149.42,21.06
ORD-2022-01690,07/14/2022,2022-07-14,Same Day,CUST-4248,Joseph Jackson,Consumer,Portland,Oregon,West,Technology,Phones,Phones - Model J980,7,911.14,0.0,6377.98,1552.24,26.76
ORD-2021-01691,03/01/2021,2021-03-06,Standard Class,CUST-3779,John Thompson,Consumer,Ann Arbor,Michigan,  Central  ,Technology,Phones,Phones - Model N844,6,1469.49,0.15,7494.4,1481.06,41.37
ORD-2024-01692,07/04/2024,2024-07-09,Standard Class,CUST-0017,Margaret Sanchez,Home Office,Phoenix,Arizona,West,Clothing,Pants,Pants - Model M444,10,253.31,0.25,1899.82,588.75,25.63
ORD-2023-01693,09/27/2023,2023-09-29,First Class,CUST-0827,Harper Wilson,Consumer,New York City,New York,East,Office Supplies,Labels,Labels - Model C698,6,45.57,0.3,191.39,20.71,28.13
ORD-2022-01694,09/02/2022,2022-09-09,Standard Class,CUST-7994,Sandra Lopez,Home Office,Mesa,Arizona,West,Office Supplies,Paper,Paper - Model B196,2,18.24,0.0,36.48,7.92,27.23
ORD-2021-01695,01/01/2021,2021-01-05,Second Class,CUST-0421,Christopher Thomas,Corporate,Jersey City,New Jersey,East,Technology,Phones,Phones - Model A984,12,1335.21,0.2,12818.02,890.21,46.82
ORD-2022-01696,05/28/2022,2022-05-28,Same Day,CUST-2233,John Anderson,Consumer,Knoxville,Tennessee,South,Technology,Accessories,Accessories - Model O727,-10,983.18,0.05,9340.21,1190.14,26.78
ORD-2021-01697,03/16/2021,2021-03-22,Standard Class,CUST-0957,Karen Martin,Consumer,San Antonio,Texas,Central,Furniture,Chairs,Chairs - Model L621,7,864.39,0.25,4538.05,892.02,45.74
ORD-2024-01698,06/24/2024,2024-06-24,Same Day,CUST-5322,Susan Robinson,Corporate,Cleveland,Ohio,Central,Furniture,Bookcases,Bookcases - Model O107,2,199.98,0.15,339.97,25.66,79.23
ORD-2023-01699,08/14/2023,2023-08-16,First Class,CUST-9788,William Rodriguez,Corporate,Las Vegas,Nevada,West,Clothing,Accessories,Accessories - Model N872,2,27.12,0.3,37.97,10.91,11.62
ORD-2022-01700,12/12/2022,2022-12-14,First Class,CUST-0811,Jessica Rodriguez,Home Office,Saint Paul,Minnesota,Central,Office Supplies,Envelopes,Envelopes - Model B272,7,41.75,0.25,219.19,52.27,22.37
ORD-2022-01701,12/20/2022,2022-12-24,Second Class,CUST-8993,Margaret Wilson,Corporate,New Haven,Connecticut,East,Technology,Tablets,Tablets - Model L962,11,2032.41,0.05,21238.68,2230.39,23.28
ORD-2022-01702,06/02/2022,2022-06-04,First Class,CUST-6032,William White,Consumer,Columbus,Ohio,Central,Furniture,Storage,Storage - Model A672,12,431.15,0.3,3621.66,-216.07,31.94
ORD-2022-01703,11/13/2022,2022-11-16,First Class,CUST-8858,Patricia Davis,Consumer,Cincinnati,Ohio,Central,Technology,Tablets,Tablets - Model H644,4,536.87,0.3,1503.24,186.97,11.05
ORD-2024-01704,12/28/2024,2024-12-31,Second Class,CUST-2883,Mary Johnson,Consumer,Nashville,Tennessee,South,Furniture,Bookcases,Bookcases - Model G156,5,158.42,0.0,792.1,118.74,20.54
ORD-2021-01705,12/28/2021,2022-01-02,Standard Class,CUST-4919,Emily Sanchez,Home Office,San Francisco,California,West,Clothing,Pants,Pants - Model G398,7,238.97,0.2,1338.23,343.38,49.21
ORD-2023-01706,03/19/2023,2023-03-26,Standard Class,CUST-0995,Lisa Brown,Consumer,Savannah,Georgia,South,Office Supplies,Labels,Labels - Model E901,1,142.33,0.1,128.1,49.49,5.35
ORD-2021-01707,12/01/2021,2021-12-03,First Class,CUST-2448,John Lewis,Consumer,Naperville,Illinois,Central,Office Supplies,Labels,Labels - Model I706,8,96.2,0.25,577.2,-45.86,42.06
ORD-2023-01708,12/25/2023,2023-12-30,Second Class,CUST-7085,Richard Thompson,Home Office,Jersey City,New Jersey,East,Furniture,Desks,Desks - Model A927,6,1012.96,0.0,6077.76,569.98,10.92
ORD-2023-01709,12/16/2023,2023-12-20,Standard Class,CUST-6157,Charlotte Miller,Consumer,Hartford,Connecticut,East,Furniture,Tables,Tables - Model M197,4,867.88,0.0,3471.52,186.66,24.16
ORD-2023-01710,01/16/2023,2023-01-16,Same Day,CUST-5577,Olivia Perez,Corporate,San Francisco,California,West,Clothing,Shirts,Shirts - Model K810,9,391.47,0.0,3523.23,1218.02,12.94
ORD-2021-01711,04/02/2021,2021-04-09,Standard Class,CUST-4456,Michael White,Home Office,Buffalo,New York,East,Furniture,Storage,Storage - Model J551,9,1104.2,0.3,6956.46,1352.46,12.94
ORD-2023-01712,11/26/2023,2023-11-30,Standard Class,CUST-0324,Robert Martin,Consumer,Trenton,New Jersey,East,Furniture,Bookcases,Bookcases - Model F626,1,933.08,0.05,886.43,36.51,23.68
ORD-2023-01713,11/03/2023,2023-11-07,Second Class,CUST-1673,Charles Davis,Corporate,Columbus,Ohio,Central,Office Supplies,Labels,Labels - Model I367,5,177.97,0.3,622.89,184.8,17.14
ORD-2024-01714,04/18/2024,2024-04-22,Second Class,CUST-9544,Isabella Harris,Home Office,Jacksonville,Florida,South,Office Supplies,Binders,Binders - Model N734,10,156.69,0.0,1566.9,564.28,9.63
ORD-2024-01715,11/22/2024,2024-11-26,Standard Class,CUST-2233,John Anderson,Home Office,Grand Rapids,Michigan,Central,Furniture,Desks,Desks - Model M461,5,1454.51,0.05,6908.92,174.68,30.67
ORD-2024-01716,12/29/2024,2025-01-03,Standard Class,CUST-5383,Lisa Sanchez,Corporate,Augusta,Georgia,South,Furniture,Storage,Storage - Model L320,2,850.89,0.15,1446.51,30.07,16.03
ORD-2022-01717,11/15/2022,2022-11-19,Standard Class,CUST-0995,Lisa Brown,Corporate,Ann Arbor,Michigan,Central,Technology,Phones,Phones - Model H157,6,778.44,0.1,4203.58,806.09,12.44
ORD-2023-01718,11/24/2023,2023-11-24,Same Day,CUST-0867,Robert Ramirez,Corporate,Knoxville,Tennessee,South,Office Supplies,Pens,Pens - Model H638,2,76.2,0.0,152.4,43.82,63.32
ORD-2024-01719,10/21/2024,2024-10-26,Second Class,CUST-9611,Amelia Rodriguez,Home Office,Newark,New Jersey,East,Furniture,Desks,Desks - Model L762,8,1037.77,0.3,5811.51,935.77,5.8
ORD-2022-01720,11/25/2022,2022-11-29,Second Class,CUST-1344,Lisa Williams,Consumer,Worcester,Massachusetts,East,Clothing,Shoes,Shoes - Model D791,6,17.3,0.1,93.42,33.16,15.52
ORD-2021-01721,08/24/2021,2021-08-31,Standard Class,CUST-2644,,Corporate,Allentown,Pennsylvania,East,Technology,Laptops,Laptops - Model K127,8,2335.3,0.2,14945.92,2527.83,19.33
ORD-2022-01722,12/23/2022,2022-12-24,First Class,CUST-0827,Harper Wilson,Consumer,Boston,Massachusetts,East,Clothing,Shoes,Shoes - Model K407,8,386.14,0.25,2316.84,929.13,15.03
ORD-2024-01723,03/22/2024,2024-03-27,Standard Class,CUST-4414,John Smith,Consumer,Dallas,Texas,Central,Furniture,Bookcases,Bookcases - Model P730,1,55.03,0.0,55.03,8.14,43.96
ORD-2023-01724,01/16/2023,2023-01-18,First Class,CUST-2939,Barbara Rodriguez,Corporate,Reno,Nevada,West,Furniture,Tables,Tables - Model K907,7,998.72,0.25,5243.28,-153.19,18.49
ORD-2021-01725,03/03/2021,2021-03-08,Standard Class,CUST-1597,Nancy Lewis,Consumer,Sacramento,California,West,Furniture,Bookcases,Bookcases - Model M469,4,1213.75,0.1,4369.5,730.0,47.52
ORD-2024-01726,11/21/2024,2024-11-27,Standard Class,CUST-3215,Michael Davis,Consumer,Miami,Florida,South,,Desks,Desks - Model L464,10,1446.24,0.15,12293.04,2289.63,40.47
ORD-2021-01727,09/09/2021,2021-09-11,First Class,CUST-0710,David Miller,Home Office,Austin,Texas,Central,Clothing,Accessories,Accessories - Model B673,10,184.5,0.0,1845.0,499.27,40.57
ORD-2024-01728,12/03/2024,2024-12-03,Same Day,CUST-2763,Linda Robinson,Consumer,San Diego,California,West,Furniture,Chairs,Chairs - Model O697,4,357.91,0.3,1002.15,-85.39,86.8
ORD-2022-01729,05/12/2022,2022-05-12,Same Day,CUST-5336,Isabella Williams,Corporate,Mesa,Arizona,West,Technology,Phones,Phones - Model B477,6,1985.64,0.3,8339.69,-279.99,105.95
ORD-2021-01730,12/21/2021,2021-12-26,Second Class,CUST-4456,Michael White,Consumer,Tacoma,Washington,West,Clothing,Pants,Pants - Model P701,1,100.62,0.0,100.62,41.89,44.69
ORD-2024-01731,01/18/2024,2024-01-24,Standard Class,CUST-4275,Robert Martinez,Consumer,Orlando,Florida,SOUTH,Technology,Accessories,Accessories - Model O542,7,658.74,0.1,4150.06,938.48,40.61
ORD-2021-01732,01/17/2021,2021-01-21,Second Class,CUST-5869,Anthony Thomas,Consumer,Portland,Oregon,West,Clothing,Jackets,Jackets - Model E845,7,160.41,0.0,1122.87,284.16,33.12
ORD-2022-01733,02/02/2022,2022-02-08,Standard Class,CUST-3952,Michael Ramirez,Corporate,New Haven,Connecticut,East,Clothing,Shoes,Shoes - Model J379,10,287.57,0.1,2588.13,790.07,23.4
ORD-2021-01734,06/30/2021,2021-07-03,Second Class,CUST-4919,Emily Sanchez,Consumer,Rochester,Minnesota,Central,Office Supplies,Envelopes,Envelopes - Model M418,11,30.55,0.1,302.44,31.33,9.32
ORD-2023-01735,02/15/2023,2023-02-22,Standard Class,CUST-4919,Emily Sanchez,Corporate,Memphis,Tennessee,South,Technology,Phones,Phones - Model F959,3,1462.52,0.0,4387.56,432.61,39.06
ORD-2024-01736,07/14/2024,2024-07-18,Standard Class,CUST-6836,Mia Anderson,Consumer,Hartford,Connecticut,East,Furniture,Tables,Tables - Model P823,9,1167.1,0.0,10503.9,2065.33,34.42
ORD-2021-01737,05/12/2021,2021-05-17,Standard Class,CUST-9034,Lisa Miller,Consumer,Tucson,Arizona,West,Office Supplies,Pens,Pens - Model M802,6,135.8,0.25,,202.83,33.97
ORD-2023-01738,02/01/2023,2023-02-04,First Class,CUST-9738,Mia Lewis,Consumer,New York City,New York,East,Furniture,Bookcases,Bookcases - Model P767,7,413.87,0.1,2607.38,493.62,14.67
ORD-2023-01739,04/29/2023,2023-04-29,Same Day,CUST-5015,Barbara Taylor,Consumer,Buffalo,New York,EAST,Office Supplies,Binders,Binders - Model B162,5,31.88,0.3,111.58,-22.42,108.86
ORD-2021-01740,12/09/2021,2021-12-13,Second Class,CUST-2106,John Martin,Corporate,Tucson,Arizona,West,Office Supplies,Paper,Paper - Model H329,6,176.07,0.3,739.49,156.64,32.04
ORD-2022-01741,01/20/2022,2022-01-25,Standard Class,CUST-1597,Nancy Lewis,Corporate,New Haven,Connecticut,East,Technology,Tablets,Tablets - Model E312,4,1392.52,0.0,5570.08,726.57,46.16
ORD-2023-01742,11/02/2023,2023-11-06,Standard Class,CUST-4933,Nancy Lopez,Corporate,Buffalo,New York,East,Office Supplies,Envelopes,Envelopes - Model J694,7,73.65,0.0,515.55,111.78,8.37
ORD-2021-01743,02/08/2021,2021-02-13,Standard Class,CUST-0324,,Corporate,Buffalo,New York,East,,Accessories,Accessories - Model P849,12,1812.88,0.0,21754.56,2048.52,22.55
ORD-2021-01744,01/23/2021,2021-01-30,Standard Class,CUST-7555,Sarah Harris,Home Office,Jacksonville,Florida,South,Furniture,Bookcases,Bookcases - Model D389,8,381.63,0.0,,85.09,13.8
ORD-2024-01745,02-Dec-2024,2024-12-06,Standard Class,CUST-6776,Sophia Miller,Corporate,Reno,Nevada,West,Furniture,Bookcases,Bookcases - Model C523,6,529.44,0.0,3176.64,302.84,8.99
ORD-2023-01746,07/19/2023,2023-07-24,Second Class,CUST-1814,Barbara Williams,Consumer,Philadelphia,Pennsylvania,East,Technology,Laptops,Laptops - Model O841,6,326.2,0.0,1957.2,445.95,19.1
ORD-2024-01747,11/04/2024,2024-11-08,Standard Class,CUST-1045,Karen Perez,Consumer,Buffalo,New York,East,Technology,Monitors,Monitors - Model C969,7,1161.42,0.05,7723.44,1637.67,48.65
ORD-2023-01748,01/18/2023,2023-01-22,Second Class,CUST-1816,Karen Davis,Corporate,Seattle,Washington,West,Office Supplies,Labels,Labels - Model K183,7,67.51,0.0,472.57,195.52,29.92
ORD-2022-01749,11/21/2022,2022-11-26,Second Class,CUST-6157,Charlotte Miller,Consumer,Spokane,Washington,West,Office Supplies,Pens,Pens - Model D687,1,30.25,0.0,30.25,6.25,43.1
ORD-2024-01750,08/29/2024,2024-09-03,Standard Class,CUST-9644,Amelia White,Corporate,Buffalo,New York,East,Clothing,Jackets,Jackets - Model H329,7,109.51,0.05,728.24,111.13,25.14
ORD-2023-01751,01/25/2023,2023-01-31,Standard Class,CUST-8899,Jennifer White,Consumer,Tampa,Florida,South,Clothing,Shirts,Shirts - Model E198,8,15.25,0.1,,35.83,7.34
ORD-2022-01752,01/12/2022,2022-01-12,Same Day,CUST-8355,Margaret Davis,Consumer,Atlanta,Georgia,South,Office Supplies,Envelopes,Envelopes - Model D564,7,121.82,0.15,724.83,81.82,77.52
ORD-2023-01753,10/08/2023,2023-10-11,First Class,CUST-8858,Patricia Davis,Home Office,Houston,Texas,Central,Office Supplies,Pens,Pens - Model C893,7,122.1,0.3,598.29,99.45,5.53
ORD-2024-01754,20-Apr-2024,2024-04-25,Second Class,CUST-4965,John Moore,Consumer,Springfield,Massachusetts,East,Technology,Accessories,Accessories - Model L821,12,2013.51,0.1,21745.91,5123.67,43.77
ORD-2021-01755,11/02/2021,2021-11-09,Standard Class,CUST-4574,Patricia Taylor,Corporate,Virginia Beach,Virginia,South,Technology,Monitors,Monitors - Model I501,3,2179.9,0.25,4904.78,772.98,22.42
ORD-2024-01756,08/29/2024,2024-09-03,Standard Class,CUST-0421,Christopher Thomas,Consumer,Pittsburgh,Pennsylvania,East,Clothing,Shirts,Shirts - Model D674,7,261.14,0.0,1827.98,814.92,3.27
ORD-2024-01757,05/26/2024,2024-05-27,First Class,CUST-7257,Nancy Anderson,Consumer,San Diego,California,West,Clothing,Shirts,Shirts - Model B993,4,497.39,0.25,1492.17,635.84,27.31
ORD-2022-01758,12/07/2022,2022-12-09,First Class,CUST-5336,Isabella Williams,Corporate,New Haven,Connecticut,East,Clothing,Pants,Pants - Model M618,3,441.66,0.0,1324.98,254.49,18.12
ORD-2024-01759,08/19/2024,2024-08-25,Standard Class,CUST-2883,Mary Johnson,Home Office,Sacramento,California,West,Clothing,Accessories,Accessories - Model D707,3,83.16,0.15,212.06,105.21,45.28
ORD-2021-01760,09/04/2021,2021-09-09,Second Class,CUST-0941,Christopher Robinson,Consumer,Knoxville,Tennessee,South,Furniture,Desks,Desks - Model B149,8,554.68,0.2,3549.95,369.39,14.75
ORD-2023-01761,12/12/2023,2023-12-17,Second Class,CUST-0435,Barbara White,Consumer,Boston,Massachusetts,East,Office Supplies,Labels,Labels - Model O388,8,91.32,0.05,694.03,160.21,49.28
ORD-2024-01762,06/29/2024,2024-07-06,Standard Class,CUST-9986,Ava Garcia,Corporate,Phoenix,Arizona,West,Office Supplies,Binders,Binders - Model B962,2,123.1,0.0,246.2,84.68,44.82
ORD-2023-01763,05/23/2023,2023-05-30,Standard Class,CUST-5908,Amelia Gonzalez,Consumer,Naperville,Illinois,Central,Furniture,Tables,Tables - Model L344,11,85.23,0.0,937.53,60.15,28.65
ORD-2024-01764,02/15/2024,2024-02-19,Second Class,CUST-1902,Susan Johnson,Corporate,Springfield,Massachusetts,East,Furniture,Desks,Desks - Model K282,7,1043.63,0.0,7305.41,324.62,34.43
ORD-2024-01765,01/30/2024,2024-02-04,Standard Class,CUST-7934,Charlotte Jackson,Consumer,Tacoma,Washington,West,Office Supplies,Paper,Paper - Model O336,10,194.76,0.0,1947.6,288.45,12.61
ORD-2023-01766,06/22/2023,2023-06-27,Second Class,CUST-3131,Mary Brown,Consumer,Orlando,Florida,South,Clothing,Jackets,Jackets - Model B423,6,483.06,0.25,2173.77,956.26,29.0
ORD-2023-01767,29-Jul-2023,2023-08-02,Second Class,CUST-8552,Sarah Anderson,Home Office,Austin,Texas,Central,Technology,Phones,Phones - Model K606,6,127.56,0.0,765.36,176.02,24.05
ORD-2021-01768,04/13/2021,2021-04-17,Second Class,CUST-9611,Amelia Rodriguez,Consumer,Ann Arbor,Michigan,Central,Office Supplies,Envelopes,Envelopes - Model F726,5,41.02,0.0,205.1,49.72,20.12
ORD-2023-01769,08/02/2023,2023-08-05,First Class,CUST-6035,Daniel White,Corporate,Stamford,Connecticut,East,Office Supplies,Pens,Pens - Model D161,12,15.36,0.1,165.89,,25.37
ORD-2024-01770,04/29/2024,2024-05-03,Standard Class,CUST-8355,Margaret Davis,Consumer,Phoenix,Arizona,West,Technology,Monitors,Monitors - Model N725,10,1621.68,0.05,15405.96,3726.35,38.61
ORD-2024-01771,07/09/2024,2024-07-13,Standard Class,CUST-4414,John Smith,Consumer,Augusta,Georgia,South,Office Supplies,Envelopes,Envelopes - Model B975,4,61.31,0.15,208.45,49.71,32.87
ORD-2023-01772,04/24/2023,2023-04-29,Standard Class,CUST-0675,James White,Consumer,Eugene,Oregon,West,Technology,Laptops,Laptops - Model K826,5,1992.96,0.0,9964.8,785.4,14.0
ORD-2022-01773,11/06/2022,2022-11-10,Standard Class,CUST-8511,Mia Jones,Consumer,Eugene,Oregon,West,Office Supplies,Envelopes,Envelopes - Model B838,11,12.03,0.0,132.33,50.11,13.99
ORD-2024-01774,03/14/2024,2024-03-20,Standard Class,CUST-4933,Nancy Lopez,Consumer,Newark,New Jersey,East,Office Supplies,Paper,Paper - Model F100,3,34.76,0.0,104.28,28.22,21.17
ORD-2023-01775,02/24/2023,2023-03-01,Standard Class,CUST-2233,John Anderson,Consumer,San Diego,California,West,Furniture,Bookcases,Bookcases - Model M468,12,1211.32,0.0,14535.84,1645.75,49.07
ORD-2024-01776,05/08/2024,2024-05-12,Standard Class,CUST-6235,Charles Williams,Consumer,Trenton,New Jersey,East,Clothing,Accessories,Accessories - Model F679,1,354.91,0.0,354.91,,16.59
ORD-2022-01777,01/01/2022,2022-01-07,Standard Class,CUST-9219,William Perez,Home Office,Naperville,Illinois,Central,,Paper,Paper - Model J107,2,44.85,0.3,62.79,,21.05
ORD-2024-01778,03/28/2024,2024-04-01,Standard Class,CUST-8197,Susan Taylor,Consumer,Raleigh,North Carolina,South,Technology,Phones,Phones - Model O409,1,422.76,0.3,295.93,53.07,22.92
ORD-2023-01779,10/28/2023,2023-11-02,Standard Class,CUST-6035,Daniel White,Consumer,Trenton,New Jersey,East,Technology,Laptops,Laptops - Model M568,11,851.02,0.0,9361.22,2177.68,16.98
ORD-2022-01780,07/14/2022,2022-07-17,First Class,CUST-7963,Christopher Anderson,Consumer,Richmond,Virginia,South,Technology,Phones,Phones - Model D295,1,1317.59,0.0,1317.59,123.25,19.25
ORD-2023-01781,12/29/2023,2024-01-04,Standard Class,CUST-3779,John Thompson,Consumer,Rochester,New York,East,Clothing,Shoes,Shoes - Model C744,4,499.55,0.0,1998.2,307.74,8.69
ORD-2022-01782,05/21/2022,2022-05-22,First Class,CUST-7934,Charlotte Jackson,Consumer,Hartford,Connecticut,East,Office Supplies,Binders,Binders - Model G767,11,186.86,0.3,1438.82,392.4,45.19
ORD-2024-01783,12/21/2024,2024-12-23,First Class,CUST-1968,Barbara Lewis,Consumer,Raleigh,North Carolina,,Office Supplies,Binders,Binders - Model J963,12,12.25,0.05,139.65,54.66,35.55
ORD-2023-01784,01/29/2023,2023-01-31,FIRST CLASS,CUST-4580,Harper Smith,Corporate,Rochester,Minnesota,Central,Furniture,Desks,Desks - Model I287,7,539.14,0.0,3773.98,372.25,40.92
ORD-2023-01785,12/26/2023,2023-12-26,Same Day,CUST-6261,Ava Ramirez,Corporate,Stamford,Connecticut,East,Office Supplies,Binders,Binders - Model H668,11,22.47,0.3,173.02,27.55,74.19
ORD-2023-01786,02/20/2023,2023-02-24,Second Class,CUST-6974,David Jones,Corporate,Ann Arbor,Michigan,Central,Technology,Tablets,Tablets - Model F766,4,913.09,0.25,2739.27,,30.9
ORD-2024-01787,03/31/2024,2024-04-04,Second Class,CUST-1910,Sarah Thompson,Corporate,Minneapolis,Minnesota,Central,Office Supplies,Envelopes,Envelopes - Model B454,1,163.39,0.0,163.39,44.68,20.0
ORD-2024-01788,02/18/2024,2024-02-20,First Class,CUST-5792,Jessica Garcia,Corporate,Rochester,Minnesota,,Clothing,Shoes,Shoes - Model N821,7,71.37,0.0,499.59,122.44,46.85
ORD-2022-01789,10/29/2022,2022-11-04,Standard Class,CUST-2447,Thomas Miller,Consumer,Cincinnati,Ohio,Central,Furniture,Tables,Tables - Model L696,6,524.87,0.05,2991.76,499.87,41.57
ORD-2024-01790,12/20/2024,2024-12-26,Standard Class,CUST-4469,Christopher Johnson,Corporate,Rochester,New York,East,Technology,Phones,Phones - Model N609,5,889.43,0.05,4224.79,1037.04,40.72
ORD-2023-01791,05/29/2023,2023-06-02,Standard Class,CUST-2984,Ava Hernandez,Corporate,Salem,Oregon,West,Clothing,Pants,Pants - Model E342,5,75.81,0.25,284.29,138.54,24.37
ORD-2021-01792,03/22/2021,2021-03-25,Second Class,CUST-2093,John Harris,Home Office,Atlanta,Georgia,South,Technology,Accessories,Accessories - Model C911,9,2049.22,0.05,17520.83,2114.08,43.31
ORD-2024-01793,10/13/2024,2024-10-18,Standard Class,CUST-5233,Sandra Wilson,Home Office,Philadelphia,Pennsylvania,East,Office Supplies,Labels,Labels - Model N350,8,178.45,0.05,1356.22,169.01,16.68
ORD-2022-01794,02/26/2022,2022-03-03,Standard Class,CUST-5322,Susan Robinson,Home Office,Memphis,Tennessee,South,Office Supplies,Labels,Labels - Model I789,1,7.3,0.3,5.11,0.68,13.69
ORD-2023-01795,05/06/2023,2023-05-11,Standard Class,CUST-6986,Sandra Martin,Corporate,Chicago,Illinois,Central,Office Supplies,Paper,Paper - Model C558,1,28.67,0.1,25.8,11.36,5.01
ORD-2024-01796,07/23/2024,2024-07-26,First Class,CUST-3900,Margaret Smith,Consumer,Dallas,Texas,CENTRAL,Clothing,Shirts,Shirts - Model G780,3,481.7,0.1,1300.59,292.74,16.95
ORD-2023-01797,10/12/2023,2023-10-16,Standard Class,CUST-4217,Emily Moore,Consumer,Sacramento,California,West,Clothing,Shirts,Shirts - Model C112,11,153.23,0.05,1601.25,318.3,18.14
ORD-2022-01798,11/15/2022,2022-11-20,Second Class,CUST-9753,Jessica Perez,Corporate,Las Vegas,Nevada,West,Office Supplies,Envelopes,Envelopes - Model O233,11,18.85,0.2,165.88,62.74,5.68
ORD-2023-01799,12/07/2023,2023-12-14,Standard Class,CUST-2883,Mary Johnson,Home Office,Springfield,Massachusetts,East,Clothing,Shoes,Shoes - Model L985,2,116.69,0.25,175.03,-50.14,31.11
ORD-2021-01800,06/22/2021,2021-06-29,Standard Class,CUST-0017,Margaret Sanchez,Consumer,Philadelphia,Pennsylvania,East,Office Supplies,Pens,Pens - Model D701,5,65.18,0.3,228.13,55.54,41.79
ORD-2024-01801,08/14/2024,2024-08-21,Standard Class,CUST-9753,Jessica Perez,Corporate,Los Angeles,California,West,Technology,Laptops,Laptops - Model D456,8,2021.9,0.3,11322.64,-919.21,38.83
ORD-2024-01802,01/10/2024,2024-01-10,Same Day,CUST-2448,John Lewis,Corporate,Aurora,Illinois,Central,Furniture,Storage,Storage - Model F558,2,1021.18,0.15,1736.01,113.36,118.18
ORD-2022-01803,04/12/2022,2022-04-12,Same Day,CUST-0011,Margaret Clark,Home Office,Sacramento,California,West,Clothing,Accessories,Accessories - Model I290,1,346.52,0.15,294.54,86.48,82.87
ORD-2022-01804,11/21/2022,2022-11-23,First Class,CUST-7479,Joseph Gonzalez,Consumer,Sacramento,California,West,Furniture,Tables,Tables - Model D880,1,1118.19,0.25,838.64,134.46,2.44
ORD-2022-01805,12/22/2022,2022-12-26,Standard Class,CUST-5462,Joseph Davis,Corporate,San Francisco,California,West,Office Supplies,Envelopes,Envelopes - Model A386,2,188.64,0.0,377.28,163.51,49.31
ORD-2024-01806,02/05/2024,2024-02-05,Same Day,CUST-1630,Michael Gonzalez,Consumer,Newark,New Jersey,East,Clothing,Shirts,Shirts - Model I676,9,213.07,0.0,1917.63,375.84,6.88
ORD-2021-01807,08/29/2021,2021-09-02,Standard Class,CUST-8263,Jessica Ramirez,Corporate,Spokane,Washington,West,Office Supplies,Binders,Binders - Model A574,4,28.65,0.2,91.68,30.33,39.09
ORD-2024-01808,03/05/2024,2024-03-09,Second Class,CUST-1630,Michael Gonzalez,Corporate,San Francisco,California,West,Technology,Accessories,Accessories - Model O739,10,2201.96,0.3,15413.72,3648.42,14.53
ORD-2024-01809,03/20/2024,2024-03-20,Same Day,CUST-3232,William Sanchez,Consumer,Miami,Florida,South,Clothing,Jackets,Jackets - Model H239,4,51.03,0.1,183.71,95.33,87.72
ORD-2023-01810,11/01/2023,2023-11-07,Standard Class,CUST-3952,Michael Ramirez,Consumer,Hartford,Connecticut,East,Office Supplies,Binders,Binders - Model E462,7,161.6,0.25,848.4,172.74,40.11
ORD-2024-01811,11/11/2024,2024-11-17,Standard Class,CUST-8884,Thomas Jones,Consumer,Seattle,Washington,West,Technology,Phones,Phones - Model A755,3,118.03,0.0,354.09,52.32,13.9
ORD-2023-01812,04/04/2023,2023-04-10,Standard Class,CUST-4217,Emily Moore,Consumer,Seattle,Washington,West,Clothing,Shoes,Shoes - Model H866,6,409.99,0.3,1721.96,-371.68,7.76
ORD-2023-01813,12/19/2023,2023-12-24,Standard Class,CUST-5336,Isabella Williams,Corporate,Worcester,Massachusetts,East,Technology,Monitors,Monitors - Model I971,6,820.73,0.25,3693.28,748.4,17.2
ORD-2021-01814,11/12/2021,2021-11-18,Standard Class,CUST-5520,David Taylor,Corporate,Naperville,Illinois,Central,Furniture,Tables,Tables - Model G455,9,574.54,0.05,4912.32,828.15,26.54
ORD-2024-01815,11/21/2024,2024-11-28,Standard Class,CUST-5336,Isabella Williams,Corporate,Houston,Texas,Central,Clothing,Accessories,Accessories - Model C699,11,442.43,0.25,3650.05,-1471.69,41.48
ORD-2021-01816,09/27/2021,2021-10-03,Standard Class,CUST-5088,Isabella Anderson,Corporate,New Haven,Connecticut,East,Office Supplies,Labels,Labels - Model H134,5,86.57,0.0,432.85,50.68,2.42
ORD-2024-01817,03/09/2024,2024-03-16,Standard Class,CUST-3131,Mary Brown,Home Office,Worcester,Massachusetts,East,Furniture,Bookcases,Bookcases - Model O707,4,1184.18,0.3,3315.7,276.18,15.93
ORD-2023-01818,11/17/2023,2023-11-23,Standard Class,CUST-8671,John Gonzalez,Consumer,Richmond,Virginia,South,Furniture,Storage,Storage - Model N144,2,1140.83,0.0,2281.66,281.17,49.6
ORD-2022-01819,12/01/2022,2022-12-05,Standard Class,CUST-3232,William Sanchez,Consumer,Hartford,Connecticut,East,Office Supplies,Binders,Binders - Model D802,7,155.22,0.05,1032.21,150.8,4.82
ORD-2022-01820,04/19/2022,2022-04-19,Same Day,CUST-9219,William Perez,Consumer,Rochester,Minnesota,Central,Clothing,Accessories,Accessories - Model L259,11,463.08,0.2,4075.1,759.28,107.14
ORD-2024-01821,04/26/2024,2024-05-01,Second Class,CUST-1941,James Martinez,Consumer,Salem,Oregon,West,Office Supplies,Envelopes,Envelopes - Model D277,8,145.58,0.0,1164.64,317.43,43.96
ORD-2024-01822,10/26/2024,2024-10-31,Standard Class,CUST-0811,Jessica Rodriguez,Corporate,Rochester,New York,East,Technology,Laptops,Laptops - Model G714,4,1015.64,0.0,4062.56,589.72,6.91
ORD-2023-01823,04/17/2023,2023-04-24,Standard Class,CUST-9006,Michael Johnson,Corporate,Columbus,Ohio,Central,Office Supplies,Paper,Paper - Model C267,9,76.8,0.3,483.84,-19.24,2.31
ORD-2021-01824,10/06/2021,2021-10-09,First Class,CUST-3662,Patricia Ramirez,Corporate,Aurora,Illinois,Central,Office Supplies,Labels,Labels - Model L273,9,195.51,0.0,1759.59,448.39,46.7
ORD-2023-01825,05/11/2023,2023-05-16,Standard Class,CUST-2361,Betty White,Consumer,Cincinnati,Ohio,,Furniture,Tables,Tables - Model O632,4,923.63,0.0,3694.52,126.97,48.01
ORD-2021-01826,11/03/2021,2021-11-09,Standard Class,CUST-8884,Thomas Jones,Consumer,Philadelphia,Pennsylvania,East,Clothing,Accessories,Accessories - Model M909,6,116.12,0.25,522.54,92.65,24.87
ORD-2021-01827,08/17/2021,2021-08-24,Standard Class,CUST-2984,Ava Hernandez,Consumer,Boston,Massachusetts,East,Office Supplies,Paper,Paper - Model P737,4,168.58,0.25,,130.1,12.93
ORD-2021-01828,09/24/2021,2021-09-28,Standard Class,CUST-0988,Charlotte Williams,Home Office,San Diego,California,,,Jackets,Jackets - Model A638,3,211.87,0.0,635.61,95.41,4.82
ORD-2021-01829,11/05/2021,2021-11-11,Standard Class,CUST-8326,Matthew Perez,Corporate,Philadelphia,Pennsylvania,East,Furniture,Storage,Storage - Model K683,7,1165.47,0.0,8158.29,507.64,5.62
ORD-2022-01830,11/03/2022,2022-11-10,Standard Class,CUST-6884,Barbara Sanchez,Consumer,Newark,New Jersey,East,Furniture,Tables,Tables - Model G114,9,802.89,0.0,7226.01,1177.74,43.46
ORD-2024-01831,05/24/2024,2024-05-24,Same Day,CUST-6235,Charles Williams,Consumer,Portland,Oregon,West,Clothing,Shoes,Shoes - Model L628,12,392.87,0.15,4007.27,1147.16,69.95
ORD-2021-01832,01/11/2021,2021-01-14,Second Class,CUST-9456,Amelia Martin,Corporate,San Diego,California,West,Clothing,Shoes,Shoes - Model J793,7,72.69,0.0,508.83,178.44,47.86
ORD-2021-01833,08/02/2021,2021-08-05,First Class,CUST-5908,Amelia Gonzalez,Consumer,Aurora,Illinois,Central,Office Supplies,Pens,Pens - Model B798,12,53.33,0.2,511.97,77.4,25.38
ORD-2023-01834,03/02/2023,2023-03-09,Standard Class,CUST-8899,Jennifer White,Home Office,Austin,Texas,Central,Technology,Accessories,Accessories - Model N677,9,1852.65,0.15,14172.77,2219.17,23.43
ORD-2024-01835,11/24/2024,2024-11-28,Second Class,CUST-2488,Matthew Williams,Consumer,Grand Rapids,Michigan,Central,Clothing,Accessories,Accessories - Model H768,10,230.51,0.15,1959.33,463.68,24.69
ORD-2021-01836,05/29/2021,2021-06-03,Second Class,CUST-3673,Richard Miller,Corporate,Jacksonville,Florida,South,Furniture,Desks,Desks - Model H549,9,51.45,0.25,347.29,-5.27,11.64
ORD-2022-01837,12/07/2022,2022-12-07,Same Day,CUST-5543,,Home Office,Boston,Massachusetts,East,Furniture,Bookcases,Bookcases - Model G450,8,203.18,0.15,1381.62,124.47,63.05
ORD-2022-01838,01/14/2022,2022-01-20,Standard Class,CUST-0995,Lisa Brown,Home Office,Tucson,Arizona,West,Office Supplies,Binders,Binders - Model E822,5,37.96,0.2,151.84,35.41,2.33
ORD-2024-01839,01/11/2024,2024-01-15,Standard Class,CUST-0719,Linda Smith,Home Office,Stamford,Connecticut,East,Technology,Laptops,Laptops - Model I174,4,2063.45,0.2,6603.04,777.02,11.07
ORD-2024-01840,04/19/2024,2024-04-24,Second Class,CUST-6789,James Brown,Corporate,Springfield,Massachusetts,East,Technology,Accessories,Accessories - Model B536,1,110.99,0.1,99.89,,6.77
ORD-2022-01841,07/24/2022,2022-07-29,Second Class,CUST-4039,Sarah Perez,Home Office,San Diego,California,West,Clothing,Jackets,Jackets - Model J301,7,284.31,0.0,1990.17,824.18,32.57
ORD-2023-01842,02/21/2023,2023-02-24,Second Class,CUST-8013,Michael Lopez,Consumer,Virginia Beach,Virginia,South,Office Supplies,Pens,Pens - Model L953,9,88.55,0.0,796.95,225.72,15.94
ORD-2024-01843,01/10/2024,2024-01-11,First Class,CUST-2131,Matthew Smith,Consumer,Tucson,Arizona,West,clothing,Pants,Pants - Model N312,12,136.54,0.0,1638.48,299.62,9.73
ORD-2022-01844,02/24/2022,2022-02-28,Standard Class,CUST-7963,Christopher Anderson,Home Office,Nashville,Tennessee,South,Technology,Laptops,Laptops - Model E777,12,66.47,0.1,717.88,172.01,14.41
ORD-2022-01845,12/21/2022,2022-12-26,Second Class,CUST-1630,Michael Gonzalez,Consumer,Richmond,Virginia,South,Clothing,Shoes,Shoes - Model A403,6,214.67,0.05,1223.62,465.82,44.81
ORD-2023-01846,04/04/2023,2023-04-04,Same Day,CUST-9484,Matthew Rodriguez,Consumer,Ann Arbor,Michigan,Central,Clothing,Shoes,Shoes - Model M981,5,245.52,0.2,982.08,165.72,47.33
ORD-2021-01847,01/18/2021,2021-01-24,Standard Class,CUST-0015,Jessica Gonzalez,Home Office,Reno,Nevada,West,,Jackets,Jackets - Model B394,10,315.37,0.3,2207.59,-530.78,25.41
ORD-2021-01848,10/22/2021,2021-10-28,Standard Class,CUST-5869,Anthony Thomas,Corporate,Sacramento,California,West,Clothing,Accessories,Accessories - Model F709,9,239.03,0.05,2043.71,834.12,22.73
ORD-2024-01849,11/05/2024,2024-11-08,First Class,CUST-7085,Richard Thompson,Consumer,Jersey City,New Jersey,East,Technology,Laptops,Laptops - Model F919,2,679.51,0.0,1359.02,120.68,28.11
ORD-2022-01850,01/24/2022,2022-01-24,Same Day,CUST-2448,John Lewis,Consumer,Los Angeles,California,West,Clothing,Jackets,Jackets - Model I613,9,168.46,0.3,1061.3,-291.93,47.66
ORD-2024-01851,03/12/2024,2024-03-12,Same Day,CUST-0015,Jessica Gonzalez,Consumer,Tucson,Arizona,West,Furniture,Desks,Desks - Model C563,10,1323.15,0.05,12569.92,1722.46,59.75
ORD-2021-01852,07/02/2021,2021-07-07,Standard Class,CUST-5322,Patricia Jackson,Consumer,Stamford,Connecticut,East,Office Supplies,Labels,Labels - Model N780,5,15.52,0.3,54.32,-17.88,45.39
ORD-2024-01853,11/19/2024,2024-11-26,Standard Class,CUST-4522,Betty Davis,Corporate,Charlotte,North Carolina,South,Clothing,Shoes,Shoes - Model F706,4,202.73,0.3,567.64,149.62,43.28
ORD-2021-01854,08/28/2021,2021-08-29,First Class,CUST-3533,Evelyn Hernandez,Consumer,Springfield,Massachusetts,East,Furniture,Bookcases,Bookcases - Model C721,1,1029.12,0.15,874.75,152.29,37.58
ORD-2021-01855,09/18/2021,2021-09-18,Same Day,CUST-1816,Karen Davis,Corporate,Houston,Texas,Central,Technology,Monitors,Monitors - Model B749,5,2252.64,0.2,9010.56,759.63,41.57
ORD-2022-01856,07/09/2022,2022-07-14,Standard Class,CUST-0421,Christopher Thomas,Consumer,Eugene,Oregon,West,Office Supplies,Paper,Paper - Model E394,4,146.9,0.2,470.08,68.1,13.55
ORD-2024-01857,12/08/2024,2024-12-08,Same Day,CUST-5322,Jennifer Miller,Consumer,Cleveland,Ohio,Central,Office Supplies,Binders,Binders - Model B244,5,106.79,0.05,507.25,184.41,46.58
ORD-2023-01858,09/27/2023,2023-09-27,Same Day,CUST-5322,Jennifer Miller,Corporate,Dallas,Texas,Central,Clothing,Shirts,Shirts - Model E371,5,11.92,0.05,56.62,10.44,113.88
ORD-2021-01859,01/25/2021,2021-01-29,Second Class,CUST-8858,Patricia Davis,Corporate,Salem,Oregon,,Furniture,Bookcases,Bookcases - Model N463,6,408.16,0.2,1959.17,62.06,8.11
ORD-2023-01860,01/02/2023,2023-01-06,Standard Class,CUST-5359,Joseph Williams,Consumer,San Diego,California,West,Clothing,Shoes,Shoes - Model D447,11,131.06,0.05,1369.58,642.96,29.7
ORD-2021-01861,09/19/2021,2021-09-23,Standard Class,CUST-6994,Ava Robinson,Consumer,Seattle,Washington,West,Furniture,Tables,Tables - Model B547,3,724.65,0.3,1521.76,296.8,17.87
ORD-2022-01862,01/06/2022,2022-01-08,First Class,CUST-2627,Margaret Jones,Consumer,Phoenix,Arizona,West,Technology,Monitors,Monitors - Model D251,8,899.26,0.05,6834.38,1117.23,39.8
ORD-2022-01863,10/08/2022,2022-10-13,Standard Class,CUST-5792,Jessica Garcia,Home Office,Naperville,Illinois,Central,Clothing,Jackets,Jackets - Model C146,1,361.4,0.1,325.26,73.46,14.06
ORD-2022-01864,03/18/2022,2022-03-21,Second Class,CUST-1201,Mia Brown,Consumer,Memphis,Tennessee,South,Technology,Phones,Phones - Model O744,3,454.62,0.25,1022.9,132.56,17.32
ORD-2023-01865,08/04/2023,2023-08-11,Standard Class,CUST-1193,Patricia Moore,Consumer,Durham,North Carolina,South,Furniture,Tables,Tables - Model L323,1,50.97,0.0,50.97,9.27,33.95
ORD-2022-01866,03/10/2022,2022-03-10,Same Day,CUST-8671,John Gonzalez,Consumer,Ann Arbor,Michigan,Central,Clothing,Jackets,Jackets - Model N223,8,91.19,0.1,656.57,351.64,83.51
ORD-2022-01867,05/10/2022,2022-05-17,Standard Class,CUST-0011,Margaret Clark,Corporate,Eugene,Oregon,West,Technology,Tablets,Tablets - Model J866,7,1850.38,0.15,11009.76,817.12,17.01
ORD-2022-01868,02/22/2022,2022-02-25,First Class,CUST-6235,Charles Williams,Corporate,Rochester,New York,East,Clothing,Jackets,Jackets - Model L693,7,170.33,0.2,953.85,147.89,39.71
ORD-2024-01869,08/04/2024,2024-08-11,Standard Class,CUST-5988,Amelia Moore,Corporate,Newark,New Jersey,East,Office Supplies,Binders,Binders - Model C108,10,33.63,0.0,336.3,72.01,37.15
ORD-2022-01870,11/25/2022,2022-11-29,Second Class,CUST-5163,Jennifer Martinez,Corporate,Savannah,Georgia,South,Clothing,Shirts,Shirts - Model I171,5,80.52,0.2,322.08,87.85,4.76
ORD-2024-01871,06/21/2024,2024-06-26,Standard Class,CUST-9169,Thomas Sanchez,Corporate,Las Vegas,Nevada,West,Furniture,Desks,Desks - Model E418,11,309.58,0.0,3405.38,169.98,32.62
ORD-2021-01872,12/09/2021,2021-12-16,Standard Class,CUST-8312,Betty Moore,Consumer,Portland,Oregon,West,Office Supplies,Binders,Binders - Model B658,8,108.62,0.05,825.51,273.02,33.5
ORD-2023-01873,10/19/2023,2023-10-25,Standard Class,CUST-6884,Barbara Sanchez,Consumer,Durham,North Carolina,South,Clothing,Shoes,Shoes - Model J804,9,118.77,0.0,1068.93,451.09,29.12
ORD-2022-01874,09/26/2022,2022-10-02,Standard Class,CUST-6384,Sarah Martinez,Consumer,Norfolk,Virginia,South,Furniture,Desks,Desks - Model N269,10,730.78,0.0,7307.8,,29.15
ORD-2021-01875,10/27/2021,2021-11-02,Standard Class,CUST-2971,Sandra Taylor,Consumer,San Antonio,Texas,Central,Furniture,Bookcases,Bookcases - Model B845,11,427.61,0.0,4703.71,257.0,34.25
ORD-2022-01876,05/09/2022,2022-05-15,Standard Class,CUST-8568,Isabella Jones,Home Office,Raleigh,North Carolina,South,Clothing,Shirts,Shirts - Model B487,9,203.97,0.3,1285.01,-499.32,26.96
ORD-2023-01877,05-Dec-2023,2023-12-06,First Class,CUST-7493,Elizabeth Lee,Home Office,Salem,Oregon,West,Office Supplies,Paper,Paper - Model N736,12,66.15,0.0,,143.16,16.39
ORD-2021-01878,04/07/2021,2021-04-11,Standard Class,CUST-0230,Margaret Williams,Consumer,Naperville,Illinois,Central,Furniture,Desks,Desks - Model P530,10,130.13,0.0,1301.3,177.2,39.92
ORD-2022-01879,02/21/2022,2022-02-22,First Class,CUST-3655,Karen Clark,Corporate,Rochester,Minnesota,Central,Furniture,Chairs,Chairs - Model C494,4,170.83,0.15,580.82,30.47,2.28
ORD-2021-01880,11/10/2021,2021-11-13,First Class,CUST-1032,Robert Sanchez,Consumer,Seattle,Washington,West,Furniture,Chairs,Chairs - Model J886,1,902.66,0.0,902.66,30.98,25.28
ORD-2022-01881,01/11/2022,2022-01-13,First Class,CUST-1045,Karen Perez,Corporate,Philadelphia,Pennsylvania,East,Technology,Laptops,Laptops - Model D779,8,1240.6,0.15,8436.08,1094.76,29.61
ORD-2024-01882,11/12/2024,2024-11-18,Standard Class,CUST-8914,Joseph Jones,Corporate,Aurora,Illinois,Central,Office Supplies,Pens,Pens - Model H363,4,157.26,0.3,440.33,184.23,19.89
ORD-2021-01883,05/29/2021,2021-05-29,Same Day,CUST-3655,Karen Clark,Consumer,Aurora,Illinois,Central,Clothing,Shirts,Shirts - Model E594,3,271.19,0.0,813.57,416.91,106.25
ORD-2021-01884,11/20/2021,2021-11-20,Same Day,CUST-5684,Ava Thomas,Home Office,Naperville,Illinois,Central,Technology,Laptops,Laptops - Model G271,2,982.08,0.0,1964.16,108.03,108.33
ORD-2024-01885,12/25/2024,2024-12-28,Second Class,CUST-8993,Margaret Wilson,Corporate,Allentown,Pennsylvania,East,Clothing,Shoes,Shoes - Model F469,3,331.21,0.0,993.63,500.41,6.24
ORD-2021-01886,12/17/2021,2021-12-24,Standard Class,CUST-7605,Barbara Martin,Consumer,Mesa,Arizona,West,Technology,Phones,Phones - Model C510,8,1288.56,0.0,10308.48,2171.39,49.39
ORD-2023-01887,08/18/2023,2023-08-22,Standard Class,CUST-5783,Isabella Perez,Consumer,Phoenix,Arizona,West,Clothing,Jackets,Jackets - Model F542,8,124.59,0.0,996.72,217.54,3.96
ORD-2024-01888,03/20/2024,2024-03-24,Second Class,CUST-1630,Michael Gonzalez,Corporate,Richmond,Virginia,South,Technology,Tablets,Tablets - Model G179,10,1328.67,0.0,13286.7,825.5,18.45
ORD-2023-01889,07/06/2023,2023-07-13,Standard Class,CUST-7060,Richard Martinez,Consumer,Portland,Oregon,West,Technology,Laptops,Laptops - Model P616,5,1118.6,0.25,4194.75,-190.6,12.91
ORD-2021-01890,02/18/2021,2021-02-18,Same Day,CUST-0957,Karen Martin,Consumer,San Diego,California,West,Technology,Phones,Phones - Model P267,8,459.14,0.25,2754.84,,70.82
ORD-2024-01891,11/02/2024,2024-11-04,First Class,CUST-4248,Sophia Williams,Consumer,Seattle,Washington,West,Furniture,Bookcases,Bookcases - Model A174,10,906.91,0.15,7708.73,195.07,16.54
ORD-2023-01892,04/02/2023,2023-04-03,First Class,CUST-4418,Joseph Harris,Corporate,Cleveland,Ohio,Central,Clothing,Jackets,Jackets - Model L931,8,287.7,0.3,1611.12,600.08,32.28
ORD-2021-01893,07/03/2021,2021-07-09,Standard Class,CUST-4313,Emily Davis,Corporate,Boston,Massachusetts,East,Technology,Laptops,Laptops - Model D691,1,2289.09,0.0,2289.09,570.8,47.54
ORD-2022-01894,07/16/2022,2022-07-20,Standard Class,CUST-4574,,Corporate,New Haven,Connecticut,East,Furniture,Desks,Desks - Model M855,1,171.76,0.0,171.76,21.0,39.93
ORD-2023-01895,07/11/2023,2023-07-16,Standard Class,CUST-5948,Emily Taylor,Consumer,Charlotte,North Carolina,South,Technology,Tablets,Tablets - Model L335,5,1157.68,0.0,5788.4,799.29,33.54
ORD-2022-01896,10/23/2022,2022-10-28,Second Class,CUST-6131,Linda Perez,Consumer,Knoxville,Tennessee,South,Clothing,Pants,Pants - Model L825,9,254.44,0.25,1717.47,915.29,44.07
ORD-2022-01897,01/25/2022,2022-01-28,Second Class,CUST-1814,Barbara Williams,Corporate,Orlando,Florida,South,Furniture,Storage,Storage - Model M781,7,317.31,0.3,1554.82,-79.07,14.8
ORD-2024-01898,10/19/2024,2024-10-24,Standard Class,CUST-9219,William Perez,Corporate,Reno,Nevada,West,Clothing,Shoes,Shoes - Model M270,3,241.93,0.15,,332.72,43.59
ORD-2022-01899,04/26/2022,2022-05-01,Standard Class,CUST-9529,Sarah Davis,Home Office,Chicago,Illinois,Central,Technology,Phones,Phones - Model I807,3,275.07,0.2,660.17,124.07,14.26
ORD-2024-01900,11/12/2024,2024-11-13,First Class,CUST-3211,William Moore,Home Office,Hartford,Connecticut,East,Furniture,Desks,Desks - Model O132,5,435.63,0.15,1851.43,158.02,36.4
ORD-2024-01901,08/29/2024,2024-09-05,Standard Class,CUST-4217,Emily Moore,Consumer,Seattle,Washington,West,Office Supplies,Pens,Pens - Model K589,11,59.19,0.0,651.09,209.08,27.51
ORD-2022-01902,09/05/2022,2022-09-08,First Class,CUST-6127,,Corporate,Boston,Massachusetts,,Technology,Phones,Phones - Model N379,8,1622.12,0.0,12976.96,2990.09,33.71
ORD-2022-01903,08/14/2022,2022-08-19,Standard Class,CUST-1816,Karen Davis,Home Office,Savannah,Georgia,South,Clothing,Jackets,Jackets - Model D468,4,428.49,0.0,1713.96,575.7,40.86
ORD-2022-01904,06/19/2022,2022-06-20,First Class,CUST-3195,Thomas Harris,Consumer,Jersey City,New Jersey,East,Technology,Tablets,Tablets - Model O932,9,470.21,0.15,3597.11,712.34,49.89
ORD-2021-01905,02/22/2021,2021-02-25,Second Class,CUST-8341,Sarah Robinson,Consumer,Newark,New Jersey,East,Furniture,Chairs,Chairs - Model C375,11,641.17,0.2,5642.3,540.13,37.69
ORD-2023-01906,11/09/2023,2023-11-14,Second Class,CUST-8197,Susan Taylor,Corporate,Hartford,Connecticut,East,Furniture,Chairs,Chairs - Model P712,12,954.37,0.2,9161.95,740.92,22.39
ORD-2022-01907,06/30/2022,2022-07-05,Standard Class,CUST-0324,Robert Martin,Corporate,Spokane,Washington,West,Technology,Phones,Phones - Model I879,1,508.75,0.25,381.56,31.67,31.81
ORD-2023-01908,05/02/2023,2023-05-09,Standard Class,CUST-3131,Mary Brown,Home Office,Chicago,Illinois,Central,Office Supplies,Binders,Binders - Model L137,8,124.46,0.2,796.54,251.91,41.09
ORD-2023-01909,07/17/2023,2023-07-23,Standard Class,CUST-6594,Michael Brown,Consumer,Tampa,Florida,South,Clothing,Shirts,Shirts - Model P328,8,93.09,0.3,521.3,-265.66,29.78
ORD-2021-01910,12/14/2021,2021-12-20,Standard Class,CUST-1902,Susan Johnson,Corporate,Saint Paul,Minnesota,Central,,Pants,Pants - Model P819,10,256.88,0.05,2440.36,394.08,17.09
ORD-2023-01911,09/06/2023,2023-09-10,Standard Class,CUST-0811,,Corporate,San Antonio,Texas,Central,Technology,Phones,Phones - Model L700,4,1532.85,0.3,4291.98,-150.61,42.65
ORD-2024-01912,11/12/2024,2024-11-19,Standard Class,CUST-7302,Harper Williams,Home Office,New York City,New York,East,Clothing,Shoes,Shoes - Model A975,10,215.38,0.15,1830.73,499.61,24.46
ORD-2023-01913,12/16/2023,2023-12-22,Standard Class,CUST-4469,Christopher Johnson,Home Office,Chicago,Illinois,Central,Furniture,Tables,Tables - Model M418,11,450.0,0.0,4950.0,568.02,44.07
ORD-2021-01914,09/25/2021,2021-09-29,Second Class,CUST-2741,Linda Lewis,Corporate,Salem,Oregon,West,Furniture,Desks,Desks - Model F920,5,972.14,0.25,3645.52,580.07,47.37
ORD-2022-01915,11/09/2022,2022-11-14,Standard Class,CUST-2627,Margaret Jones,Corporate,Jersey City,New Jersey,East,Office Supplies,Binders,Binders - Model K177,3,35.77,0.15,91.21,39.07,37.73
ORD-2022-01916,08/18/2022,2022-08-21,First Class,CUST-2808,Jennifer Clark,Home Office,Reno,Nevada,West,Furniture,Storage,Storage - Model I676,11,1148.35,0.2,10105.48,798.29,9.78
ORD-2024-01917,07/02/2024,2024-07-06,Standard Class,CUST-4313,Emily Davis,Corporate,Springfield,Massachusetts,East,Office Supplies,Pens,Pens - Model B548,1,13.65,0.1,12.29,4.5,18.44
ORD-2021-01918,06/18/2021,2021-06-21,First Class,CUST-1780,David Wilson,Consumer,Jersey City,New Jersey,East,Office Supplies,Paper,Paper - Model G791,10,174.41,0.2,1395.28,484.02,18.02
ORD-2024-01919,06/13/2024,2024-06-19,Standard Class,CUST-1630,Michael Gonzalez,Consumer,Houston,Texas,,Clothing,Pants,Pants - Model G369,7,47.35,0.3,232.01,90.37,11.07
ORD-2021-01920,10/22/2021,2021-10-26,Second Class,CUST-3195,Thomas Harris,Consumer,Boston,Massachusetts,East,Technology,Accessories,Accessories - Model C923,7,168.26,0.05,1118.93,101.23,41.76
ORD-2024-01921,10/19/2024,2024-10-26,Standard Class,CUST-4355,Sarah Lopez,Corporate,San Diego,California,West,Furniture,Chairs,Chairs - Model G189,4,722.7,0.3,2023.56,237.27,34.84
ORD-2021-01922,11/17/2021,2021-11-17,Same Day,CUST-6941,Thomas Taylor,Consumer,Raleigh,North Carolina,South,Clothing,Jackets,Jackets - Model O486,5,184.97,0.1,832.37,235.0,111.28
ORD-2022-01923,03/03/2022,2022-03-07,Standard Class,CUST-4355,Sarah Lopez,Consumer,Newark,New Jersey,East,Furniture,Bookcases,Bookcases - Model G687,6,576.05,0.05,3283.48,551.84,27.79
ORD-2021-01924,10/05/2021,2021-10-09,Standard Class,CUST-6776,Sophia Miller,Consumer,Orlando,Florida,South,Office Supplies,Pens,Pens - Model A575,1,30.36,0.1,27.32,2.9,8.65
ORD-2023-01925,12/16/2023,2023-12-23,Standard Class,CUST-1780,David Wilson,Corporate,San Diego,California,West,Technology,Accessories,Accessories - Model J675,4,1850.16,0.1,6660.58,1213.43,23.75
ORD-2024-01926,03/31/2024,2024-04-01,First Class,CUST-2488,Matthew Williams,Consumer,Reno,Nevada,West,,Laptops,Laptops - Model H858,6,1292.76,0.05,7368.73,1037.44,38.88
ORD-2021-01927,11/26/2021,2021-11-28,First Class,CUST-0968,James Martin,Corporate,Springfield,Massachusetts,East,Technology,Accessories,Accessories - Model K739,10,214.69,0.1,1932.21,217.79,41.19
ORD-2024-01928,09/07/2024,2024-09-09,First Class,CUST-5792,Jessica Garcia,Consumer,Dallas,Texas,Central,Technology,Tablets,Tablets - Model F410,3,2446.82,0.3,5138.32,642.99,17.85
ORD-2023-01929,10/09/2023,2023-10-12,Second Class,CUST-6754,,Consumer,Stamford,Connecticut,East,Office Supplies,Envelopes,Envelopes - Model O144,12,186.8,0.05,2129.52,528.61,8.88
ORD-2024-01930,08/07/2024,2024-08-08,First Class,CUST-0371,Daniel Martin,Corporate,Miami,Florida,South,Clothing,Shoes,Shoes - Model B948,11,252.69,0.1,2501.63,1076.76,22.32
ORD-2024-01931,10/10/2024,2024-10-15,Standard Class,CUST-9034,Lisa Miller,Consumer,Naperville,Illinois,Central,Technology,Accessories,Accessories - Model I458,8,842.85,0.0,6742.8,994.96,15.85
ORD-2022-01932,01/02/2022,2022-01-08,Standard Class,CUST-1809,Christopher Lewis,Home Office,Memphis,Tennessee,South,Technology,Accessories,Accessories - Model M633,9,222.08,0.15,1698.91,337.31,7.27
ORD-2022-01933,10/28/2022,2022-10-31,Second Class,CUST-6941,Thomas Taylor,Corporate,Reno,Nevada,West,Furniture,Bookcases,Bookcases - Model H497,5,628.78,0.0,3143.9,256.21,44.37
ORD-2022-01934,12/05/2022,2022-12-10,Standard Class,CUST-9297,Jessica White,Home Office,Tacoma,Washington,West,Office Supplies,Pens,Pens - Model C623,3,75.89,0.2,182.14,22.51,8.18
ORD-2021-01935,10/25/2021,2021-10-27,First Class,CUST-2380,Thomas Garcia,Home Office,Trenton,New Jersey,East,Office Supplies,Labels,Labels - Model P684,9,126.24,0.2,908.93,326.16,6.09
ORD-2023-01936,05/21/2023,2023-05-26,Second Class,CUST-8969,Evelyn Lewis,Consumer,Buffalo,New York,East,Furniture,Desks,Desks - Model C532,5,225.73,0.0,1128.65,213.8,8.44
ORD-2022-01937,07/31/2022,2022-08-07,Standard Class,CUST-3453,Amelia Wilson,Consumer,Rochester,New York,East,Technology,Monitors,Monitors - Model L783,6,604.24,0.2,2900.35,147.59,39.83
ORD-2021-01938,12/22/2021,2021-12-26,Second Class,CUST-9034,Lisa Miller,Consumer,Allentown,Pennsylvania,East,Clothing,Accessories,Accessories - Model J270,10,265.21,0.0,2652.1,399.8,16.3
ORD-2021-01939,01/18/2021,2021-01-23,Standard Class,CUST-0706,Susan Harris,Consumer,Detroit,Michigan,Central,,Bookcases,Bookcases - Model J985,12,1480.83,0.05,16881.46,2611.0,17.59
ORD-2024-01940,10/31/2024,2024-11-03,Second Class,CUST-7302,Harper Williams,Home Office,Mesa,Arizona,West,Technology,Accessories,Accessories - Model K617,11,2463.17,0.0,27094.87,4938.4,28.98
ORD-2022-01941,02/14/2022,2022-02-14,Same Day,CUST-4016,Sarah Hernandez,Home Office,Naperville,Illinois,Central,Technology,Laptops,Laptops - Model M534,7,1013.45,0.2,5675.32,1022.62,117.62
ORD-2022-01942,09/15/2022,2022-09-19,Second Class,CUST-2377,Olivia Gonzalez,Consumer,Reno,Nevada,West,Furniture,Tables,Tables - Model P725,1,1084.17,0.1,975.75,193.02,3.48
ORD-2022-01943,04/06/2022,2022-04-12,Standard Class,CUST-0710,Karen Gonzalez,Consumer,Naperville,Illinois,Central,Furniture,Bookcases,Bookcases - Model K524,8,1250.79,0.15,8505.37,242.73,40.7
ORD-2022-01944,12/27/2022,2022-12-31,Second Class,CUST-8021,Lisa Rodriguez,Consumer,San Francisco,California,West,Office Supplies,Labels,Labels - Model J914,9,121.52,0.3,765.58,171.83,30.77
ORD-2023-01945,11/01/2023,2023-11-08,Standard Class,CUST-2093,John Harris,Home Office,Tampa,Florida,South,Clothing,Jackets,Jackets - Model C351,7,365.68,0.2,2047.81,1009.26,23.14
ORD-2022-01946,12/11/2022,2022-12-13,First Class,CUST-3952,Michael Ramirez,Home Office,Detroit,Michigan,Central,Technology,Laptops,Laptops - Model J675,5,1471.98,0.1,6623.91,582.52,42.92
ORD-2022-01947,06/09/2022,2022-06-14,Standard Class,CUST-7060,Richard Martinez,Consumer,Raleigh,North Carolina,South,Clothing,Jackets,Jackets - Model K116,12,478.74,0.0,5744.88,2486.46,29.97
ORD-2021-01948,07/05/2021,2021-07-10,Standard Class,CUST-9753,Jessica Perez,Consumer,Stamford,Connecticut,East,Office Supplies,Labels,Labels - Model G492,1,184.89,0.1,166.4,21.7,32.58
ORD-2021-01949,03/04/2021,2021-03-11,Standard Class,CUST-1039,,Corporate,Pittsburgh,Pennsylvania,East,Clothing,Pants,Pants - Model A784,3,24.24,0.05,69.08,35.96,36.17
ORD-2024-01950,02/02/2024,2024-02-09,Standard Class,CUST-8591,Christopher Gonzalez,Home Office,Mesa,Arizona,West,Clothing,Pants,Pants - Model A304,11,227.46,0.1,2251.85,1035.26,26.16
ORD-2023-01951,02/08/2023,2023-02-12,Second Class,CUST-1630,Michael Gonzalez,Consumer,Rochester,Minnesota,Central,Office Supplies,Envelopes,Envelopes - Model J959,4,118.61,0.25,355.83,-54.59,23.63
ORD-2024-01952,05/15/2024,2024-05-15,Same Day,CUST-9779,,Consumer,Springfield,Massachusetts,East,Clothing,Pants,Pants - Model B873,6,263.57,0.3,1106.99,-318.49,44.66
ORD-2021-01953,11/13/2021,2021-11-13,Same Day,CUST-0197,Sarah Johnson,Home Office,Jersey City,New Jersey,East,Office Supplies,Labels,Labels - Model B413,1,170.18,0.1,153.16,36.01,104.84
ORD-2024-01954,05/30/2024,2024-06-03,Standard Class,CUST-2018,Robert Smith,Consumer,Mesa,Arizona,West,Office Supplies,Pens,Pens - Model M551,12,47.89,0.1,517.21,183.59,15.59
ORD-2023-01955,04/04/2023,2023-04-07,Second Class,CUST-4248,Joseph Jackson,Corporate,Naperville,Illinois,Central,Office Supplies,Labels,Labels - Model M609,2,105.69,0.0,211.38,29.22,48.03
ORD-2022-01956,12/19/2022,2022-12-22,Second Class,CUST-3348,Mark Williams,Corporate,Spokane,Washington,West,Technology,Laptops,Laptops - Model L715,5,2156.56,0.0,10782.8,1785.25,9.97
ORD-2024-01957,03/28/2024,2024-03-31,First Class,CUST-0968,James Martin,Consumer,Springfield,Massachusetts,East,Furniture,Tables,Tables - Model H671,9,1073.27,0.2,7727.54,1527.78,20.68
ORD-2023-01958,12/01/2023,2023-12-04,First Class,CUST-5015,Barbara Taylor,Home Office,Newark,New Jersey,East,Furniture,Storage,Storage - Model P663,4,814.62,0.1,2932.63,211.84,35.59
ORD-2022-01959,11/03/2022,2022-11-10,Standard Class,CUST-3131,Mary Brown,Consumer,Mesa,Arizona,West,Furniture,Bookcases,Bookcases - Model M348,9,275.26,0.0,2477.34,259.99,18.72
ORD-2022-01960,09/25/2022,2022-09-27,First Class,CUST-2232,Anthony Hernandez,Consumer,Los Angeles,California,West,Clothing,Shoes,Shoes - Model M962,8,251.71,0.0,2013.68,1097.49,39.55
ORD-2024-01961,09/23/2024,2024-09-23,Same Day,CUST-2233,John Anderson,Consumer,Seattle,Washington,West,Office Supplies,Paper,Paper - Model L615,10,150.98,0.0,1509.8,276.87,105.32
ORD-2022-01962,03/05/2022,2022-03-08,First Class,CUST-8197,Susan Taylor,Consumer,Rochester,New York,East,Clothing,Pants,Pants - Model M431,6,377.82,0.25,1700.19,298.65,15.53
ORD-2023-01963,04/29/2023,2023-05-05,Standard Class,CUST-8742,Anthony Miller,Corporate,Eugene,Oregon,West,Clothing,Jackets,Jackets - Model J794,9,270.6,0.15,2070.09,426.02,22.12
ORD-2024-01964,05/21/2024,2024-05-23,First Class,CUST-3359,Robert White,Corporate,Columbus,Ohio,Central,,Shoes,Shoes - Model H906,4,276.29,0.15,939.39,168.93,24.08
ORD-2022-01965,08/11/2022,2022-08-15,Standard Class,CUST-5462,Joseph Davis,Home Office,Naperville,Illinois,Central,Furniture,Storage,Storage - Model G169,10,358.31,0.2,2866.48,224.3,4.91
ORD-2023-01966,09/21/2023,2023-09-25,Second Class,CUST-2380,Thomas Garcia,Consumer,Norfolk,Virginia,South,Furniture,Tables,Tables - Model E350,5,946.79,0.15,4023.86,180.72,38.93
ORD-2023-01967,11/15/2023,2023-11-15,Same Day,CUST-7673,Sophia Jones,Home Office,Durham,North Carolina,South,Technology,Laptops,Laptops - Model F375,11,1860.51,0.0,20465.61,2922.44,50.3
ORD-2024-01968,09/24/2024,2024-10-01,Standard Class,CUST-6974,David Jones,Consumer,Mesa,Arizona,West,Clothing,Shoes,Shoes - Model F320,11,240.0,0.05,2508.0,1062.92,18.54
ORD-2022-01969,07/26/2022,2022-07-31,Standard Class,CUST-8511,Mia Jones,Corporate,Ann Arbor,Michigan,,Furniture,Tables,Tables - Model I192,12,1445.63,0.05,16480.18,743.41,38.18
ORD-2021-01970,01/02/2021,2021-01-04,First Class,CUST-9779,Isabella Thompson,Consumer,Tucson,Arizona,West,Office Supplies,Pens,Pens - Model L384,2,168.98,0.0,337.96,71.45,45.08
ORD-2022-01971,11/05/2022,2022-11-10,Standard Class,CUST-2763,Linda Robinson,Home Office,Philadelphia,Pennsylvania,East,Clothing,Shoes,Shoes - Model G434,11,158.35,0.0,1741.85,476.12,23.45
ORD-2024-01972,01/25/2024,2024-01-28,Second Class,CUST-8783,Christopher Davis,Consumer,Springfield,Massachusetts,East,Furniture,Desks,Desks - Model B637,7,283.75,0.3,1390.38,129.86,20.52
ORD-2024-01973,07/04/2024,2024-07-08,Standard Class,CUST-1446,Elizabeth Moore,Consumer,Rochester,Minnesota,Central,Office Supplies,Labels,Labels - Model O281,9,120.4,0.1,975.24,232.37,46.78
ORD-2024-01974,09/22/2024,2024-09-26,Standard Class,CUST-0827,Harper Wilson,Consumer,San Diego,California,West,Clothing,Pants,Pants - Model A341,4,353.49,0.2,1131.17,310.66,4.36
ORD-2022-01975,08/05/2022,2022-08-08,First Class,CUST-1809,Christopher Lewis,Consumer,Buffalo,New York,East,Furniture,Chairs,Chairs - Model H197,1,1078.59,0.0,1078.59,96.94,13.27
ORD-2023-01976,02/08/2023,2023-02-12,Standard Class,CUST-2971,Sandra Taylor,Corporate,Jersey City,New Jersey,East,Office Supplies,Envelopes,Envelopes - Model M255,3,179.22,0.15,,57.85,42.2
ORD-2024-01977,12/22/2024,2024-12-25,Second Class,CUST-6675,Linda Gonzalez,Consumer,Las Vegas,Nevada,West,Technology,Tablets,Tablets - Model N705,1,1611.0,0.25,1208.25,123.69,11.56
ORD-2024-01978,07/22/2024,2024-07-26,Standard Class,CUST-8884,Thomas Jones,Home Office,Eugene,Oregon,West,Clothing,Accessories,Accessories - Model J427,8,438.08,0.05,3329.41,1629.24,9.08
ORD-2021-01979,06/05/2021,2021-06-07,First Class,CUST-9635,Mia Martinez,Home Office,Richmond,Virginia,South,,Paper,Paper - Model O178,2,129.16,0.0,258.32,87.95,38.29
ORD-2024-01980,06/16/2024,2024-06-20,Second Class,CUST-8490,Joseph Anderson,Consumer,Aurora,Illinois,Central,Clothing,Shirts,Shirts - Model I653,6,124.65,0.05,710.51,293.32,39.26
ORD-2023-01981,10/21/2023,2023-10-24,Second Class,CUST-4313,Emily Davis,Consumer,Cleveland,Ohio,Central,Furniture,Desks,Desks - Model F260,1,1236.41,0.0,1236.41,137.71,34.23
ORD-2024-01982,11/30/2024,2024-12-07,Standard Class,CUST-3359,Robert White,Consumer,Richmond,Virginia,South,Technology,Phones,Phones - Model F527,10,1103.77,0.15,9382.05,2279.58,42.85
ORD-2021-01983,04/27/2021,2021-05-03,Standard Class,CUST-4835,Lisa Smith,Home Office,Phoenix,Arizona,West,Furniture,Tables,Tables - Model L146,12,1140.83,0.25,10267.47,-271.66,48.71
ORD-2024-01984,02/24/2024,2024-02-28,Second Class,CUST-1780,David Wilson,Consumer,San Antonio,Texas,Central,Office Supplies,Binders,Binders - Model L855,9,5.79,0.05,49.5,22.02,27.09
ORD-2024-01985,08/04/2024,2024-08-09,Second Class,CUST-8858,Patricia Davis,Consumer,Philadelphia,Pennsylvania,East,Technology,Tablets,Tablets - Model B872,5,2346.52,0.3,8212.82,1814.94,18.06
ORD-2021-01986,02/26/2021,2021-03-02,Standard Class,CUST-6160,Mia Moore,Corporate,Raleigh,North Carolina,South,Clothing,Jackets,Jackets - Model J363,8,290.47,0.05,2207.57,832.7,35.21
ORD-2023-01987,12/24/2023,2023-12-30,Standard Class,CUST-3453,Amelia Wilson,Consumer,Cleveland,Ohio,Central,,Envelopes,Envelopes - Model G590,5,156.59,0.2,626.36,151.39,47.39
ORD-2023-01988,12/26/2023,2023-12-30,Standard Class,CUST-8197,Susan Taylor,Corporate,Grand Rapids,Michigan,Central,Technology,Laptops,Laptops - Model N629,10,566.23,0.0,5662.3,685.81,43.16
ORD-2023-01989,12/29/2023,2024-01-04,Standard Class,CUST-9219,William Perez,Corporate,Tacoma,Washington,West,Technology,Laptops,Laptops - Model M722,12,855.09,0.25,,959.62,22.67
ORD-2024-01990,02/23/2024,2024-03-01,Standard Class,CUST-8156,Anthony Perez,Home Office,Sacramento,California,West,Clothing,Jackets,Jackets - Model E367,11,281.2,0.05,2938.54,838.43,25.4
ORD-2022-01991,07/03/2022,2022-07-03,Same Day,CUST-9611,Amelia Rodriguez,Consumer,Chicago,Illinois,Central,Office Supplies,Binders,Binders - Model M142,9,131.39,0.15,1005.13,166.72,77.01
ORD-2024-01992,19-Feb-2024,2024-02-26,Standard Class,CUST-8858,Patricia Davis,Consumer,Miami,Florida,South,Clothing,Jackets,Jackets - Model I844,8,108.84,0.25,653.04,-267.77,47.73
ORD-2021-01993,03/23/2021,2021-03-26,First Class,CUST-4967,Sophia Rodriguez,Consumer,Eugene,Oregon,West,Clothing,Shoes,Shoes - Model H724,7,56.11,0.0,392.77,163.13,39.12
ORD-2022-01994,12/29/2022,2022-12-29,Same Day,CUST-9788,William Rodriguez,Home Office,Boston,Massachusetts,East,,Jackets,Jackets - Model N739,11,146.18,0.05,1527.58,248.5,107.66
ORD-2021-01995,11/27/2021,2021-12-02,Second Class,CUST-2093,John Harris,Corporate,Hartford,Connecticut,East,Technology,Accessories,Accessories - Model K618,8,493.54,0.2,3158.66,314.13,38.63
ORD-2021-01996,12/01/2021,2021-12-01,Same Day,CUST-6803,Robert Clark,Home Office,Raleigh,North Carolina,,Office Supplies,Envelopes,Envelopes - Model F662,2,111.54,0.0,223.08,87.97,75.42
ORD-2021-01997,08/29/2021,2021-09-03,Standard Class,CUST-7994,Sandra Lopez,Corporate,Rochester,Minnesota,Central,Technology,Monitors,Monitors - Model M126,11,1348.08,0.0,14828.88,2873.96,18.69
ORD-2024-01998,02/22/2024,2024-02-24,First Class,CUST-0941,Christopher Robinson,Consumer,Naperville,Illinois,Central,Furniture,Chairs,Chairs - Model K477,10,623.23,0.25,4674.23,111.83,22.89
ORD-2024-01999,06/28/2024,2024-07-01,Second Class,CUST-4313,Emily Davis,Corporate,Tampa,Florida,South,Office Supplies,Paper,Paper - Model O478,7,10.94,0.05,72.75,26.99,49.75
ORD-2021-02000,04/15/2021,2021-04-22,Standard Class,CUST-8254,Sandra Martinez,Home Office,Tucson,Arizona,West,Furniture,Tables,Tables - Model K867,5,256.19,0.05,1216.9,187.01,14.41
ORD-2024-02001,04/20/2024,2024-04-21,First Class,CUST-9456,Amelia Martin,Corporate,Newark,New Jersey,East,Clothing,Shoes,Shoes - Model K382,8,369.05,0.15,2509.54,887.1,42.12
ORD-2024-02002,02/22/2024,2024-02-22,Same Day,CUST-1809,Christopher Lewis,Home Office,Las Vegas,Nevada,West,Furniture,Desks,Desks - Model B915,7,1049.01,0.25,5507.3,565.74,28.4
ORD-2023-02003,11/02/2023,2023-11-07,Standard Class,CUST-5383,Lisa Sanchez,Consumer,San Diego,California,West,Technology,Phones,Phones - Model J223,4,2255.93,0.2,7218.98,1345.73,42.64
ORD-2023-02004,08/11/2023,2023-08-13,First Class,CUST-0811,Jessica Rodriguez,Corporate,San Francisco,California,West,,Pants,Pants - Model K109,7,437.94,0.1,2759.02,610.79,35.42
ORD-2021-02005,11/19/2021,2021-11-26,Standard Class,CUST-4570,Anthony Lewis,Home Office,Houston,Texas,Central,Furniture,Tables,Tables - Model O135,3,1115.22,0.1,3011.09,193.86,5.45
ORD-2024-02006,08/04/2024,2024-08-11,Standard Class,CUST-4248,Joseph Jackson,Corporate,Eugene,Oregon,West,Clothing,Shirts,Shirts - Model J493,8,494.53,0.3,2769.37,589.96,34.74
ORD-2023-02007,06/12/2023,2023-06-16,Second Class,CUST-9779,Isabella Thompson,Corporate,Portland,Oregon,West,Furniture,Desks,Desks - Model A818,10,1310.15,0.25,9826.12,597.02,9.43
ORD-2024-02008,12/08/2024,2024-12-11,Second Class,CUST-2448,John Lewis,Consumer,Jersey City,New Jersey,East,Furniture,Desks,Desks - Model F742,11,197.46,0.2,1737.65,340.6,15.32
ORD-2022-02009,11/17/2022,2022-11-21,Standard Class,CUST-3952,Michael Ramirez,Home Office,Hartford,Connecticut,East,Technology,Laptops,Laptops - Model B440,8,599.66,0.0,,454.38,39.24
ORD-2023-02010,06/28/2023,2023-07-02,Standard Class,CUST-0076,Jessica Clark,Corporate,Eugene,Oregon,West,Technology,Accessories,Accessories - Model A852,6,1680.71,0.25,7563.19,390.86,9.51
ORD-2023-02011,12/04/2023,2023-12-09,Standard Class,CUST-3900,Margaret Smith,Consumer,Columbus,Ohio,Central,Clothing,Pants,Pants - Model K674,7,302.38,0.2,1693.33,420.97,22.68
ORD-2021-02012,03/13/2021,2021-03-20,Standard Class,CUST-1597,Nancy Lewis,Consumer,Newark,New Jersey,East,Technology,Monitors,Monitors - Model G586,9,663.64,0.15,5076.85,475.07,42.09
ORD-2021-02013,12/20/2021,2021-12-25,Second Class,CUST-2093,John Harris,Consumer,Norfolk,Virginia,South,Clothing,Pants,Pants - Model D302,5,214.27,0.0,,330.71,34.8
ORD-2021-02014,06/07/2021,2021-06-08,First Class,CUST-8330,Mark Moore,Corporate,Seattle,Washington,West,Technology,Phones,Phones - Model D376,9,1742.92,0.0,15686.28,2612.89,23.25
ORD-2024-02015,06/14/2024,2024-06-21,Standard Class,CUST-2361,Betty White,Consumer,Knoxville,Tennessee,South,Technology,Laptops,Laptops - Model M627,2,1244.46,0.05,2364.47,122.14,2.68
ORD-2021-02016,02/07/2021,2021-02-08,First Class,CUST-7033,Lisa Martin,Corporate,Aurora,Illinois,,Office Supplies,Paper,Paper - Model G321,5,143.05,0.0,715.25,156.62,3.6
ORD-2021-02017,08/19/2021,2021-08-19,Same Day,CUST-3359,Robert White,Consumer,Savannah,Georgia,South,Technology,Laptops,Laptops - Model D896,4,2499.14,0.0,9996.56,1321.41,54.78
ORD-2022-02018,09/14/2022,2022-09-14,Same Day,CUST-6833,Margaret Martin,Home Office,Eugene,Oregon,West,Technology,Laptops,Laptops - Model L679,9,2166.68,0.2,,3205.28,11.19
ORD-2022-02019,07/02/2022,2022-07-07,Standard Class,CUST-8156,Anthony Perez,Corporate,Salem,Oregon,West,Furniture,Chairs,Chairs - Model H329,2,1094.27,0.1,,303.56,19.73
ORD-2024-02020,11/07/2024,2024-11-10,Second Class,CUST-8252,Thomas White,Corporate,Stamford,Connecticut,East,Office Supplies,Paper,Paper - Model J340,9,114.82,0.2,826.7,166.78,6.82
ORD-2022-02021,07/09/2022,2022-07-14,Standard Class,CUST-6157,Charlotte Miller,Consumer,Memphis,Tennessee,South,,Accessories,Accessories - Model E377,12,2448.52,0.3,20567.57,-1756.79,10.94
ORD-2021-02022,07/22/2021,2021-07-29,Standard Class,CUST-5336,Isabella Williams,Home Office,Jersey City,New Jersey,East,Technology,Tablets,Tablets - Model G690,4,815.12,0.0,3260.48,500.86,19.71
ORD-2024-02023,07/21/2024,2024-07-25,Standard Class,CUST-3673,,Home Office,Ann Arbor,Michigan,Central,Technology,Accessories,Accessories - Model M481,7,1552.4,0.0,10866.8,1348.47,45.94
ORD-2023-02024,04/30/2023,2023-05-04,Standard Class,CUST-8013,Michael Lopez,Consumer,Spokane,Washington,West,Office Supplies,Binders,Binders - Model I225,9,42.76,0.15,327.11,,32.47
ORD-2023-02025,08/22/2023,2023-08-29,Standard Class,CUST-4874,Margaret Hernandez,Consumer,Augusta,Georgia,South,Technology,Accessories,Accessories - Model E677,5,938.99,0.0,4694.95,360.12,20.56
ORD-2024-02026,03/16/2024,2024-03-22,Standard Class,CUST-5607,Daniel Miller,Consumer,Pittsburgh,Pennsylvania,,Technology,Phones,Phones - Model G290,4,1853.09,0.0,7412.36,1596.6,22.7
ORD-2024-02027,09/19/2024,2024-09-23,Second Class,CUST-3232,William Sanchez,Home Office,Grand Rapids,Michigan,Central,Furniture,Chairs,Chairs - Model D181,11,1312.55,0.1,12994.24,263.48,13.06
ORD-2022-02028,05/28/2022,2022-06-01,Second Class,CUST-3232,William Sanchez,Home Office,Los Angeles,California,West,Clothing,Accessories,Accessories - Model L759,4,102.31,0.1,368.32,76.24,17.58
ORD-2024-02029,04/26/2024,2024-05-01,Standard Class,CUST-7493,Elizabeth Lee,Consumer,Eugene,Oregon,West,Office Supplies,Pens,Pens - Model O790,6,11.48,0.0,68.88,22.76,27.02
ORD-2022-02030,12/07/2022,2022-12-07,Same Day,CUST-8591,Christopher Gonzalez,Home Office,Eugene,Oregon,West,Furniture,Storage,Storage - Model H696,7,1075.91,0.3,5271.96,569.65,109.78
ORD-2021-02031,12/28/2021,2022-01-02,Standard Class,CUST-9300,,Corporate,Cleveland,Ohio,Central,Office Supplies,Envelopes,Envelopes - Model P157,7,116.09,0.05,,261.6,10.53
ORD-2022-02032,11/29/2022,2022-12-06,Standard Class,CUST-6836,Mia Anderson,Corporate,Eugene,Oregon,West,Clothing,Accessories,Accessories - Model J521,12,493.71,0.25,4443.39,1600.22,26.95
ORD-2024-02033,03/12/2024,2024-03-15,First Class,CUST-6789,James Brown,Consumer,New York City,New York,East,Office Supplies,Pens,Pens - Model E821,2,24.72,0.3,34.61,7.52,13.02
ORD-2024-02034,07/19/2024,2024-07-26,Standard Class,CUST-5619,Jessica Robinson,Consumer,Detroit,Michigan,Central,Furniture,Storage,Storage - Model M950,6,459.33,0.25,2066.99,293.95,35.98
ORD-2024-02035,02/09/2024,2024-02-12,Second Class,CUST-7555,Sarah Harris,Corporate,Chicago,Illinois,Central,Technology,Tablets,Tablets - Model F616,7,1686.12,0.0,11802.84,1522.83,17.35
ORD-2022-02036,10/22/2022,2022-10-26,Second Class,CUST-5163,Jennifer Martinez,Consumer,Phoenix,Arizona,West,Technology,Monitors,Monitors - Model A101,12,699.66,0.15,7136.53,1091.67,25.22
ORD-2022-02037,01/11/2022,2022-01-15,Second Class,CUST-0811,Jessica Rodriguez,Consumer,Norfolk,Virginia,South,Furniture,Storage,Storage - Model J935,9,321.61,0.0,2894.49,552.77,18.58
ORD-2023-02038,12/25/2023,2023-12-30,Standard Class,CUST-0995,,Corporate,Spokane,Washington,West,Clothing,Shoes,Shoes - Model L791,8,343.12,0.25,2058.72,-543.47,41.4
ORD-2023-02039,03/06/2023,2023-03-10,Second Class,CUST-4574,Patricia Taylor,Corporate,New York City,New York,East,Clothing,Accessories,Accessories - Model C362,1,240.45,0.25,180.34,32.46,32.13
ORD-2023-02040,11/11/2023,2023-11-17,Standard Class,CUST-9034,Lisa Miller,Consumer,Rochester,Minnesota,Central,Clothing,Accessories,Accessories - Model P952,11,143.75,0.0,1581.25,739.17,45.1
ORD-2021-02041,07/04/2021,2021-07-09,Standard Class,CUST-4944,Olivia Martin,Consumer,Reno,Nevada,West,Furniture,Tables,Tables - Model L875,4,598.68,0.15,2035.51,302.73,44.41
ORD-2022-02042,10/30/2022,2022-10-30,Same Day,CUST-8884,Thomas Jones,Consumer,Buffalo,New York,East,Clothing,Pants,Pants - Model H768,10,155.79,0.25,1168.42,-459.37,94.9
ORD-2021-02043,05/28/2021,2021-05-31,Second Class,CUST-8197,Susan Taylor,Consumer,Minneapolis,Minnesota,Central,Clothing,Pants,Pants - Model O441,7,352.04,0.1,2217.85,530.48,43.64
ORD-2021-02044,20-Mar-2021,2021-03-24,Standard Class,CUST-1661,John Johnson,Corporate,Raleigh,North Carolina,South,,Pants,Pants - Model M248,12,463.53,0.0,5562.36,1632.45,5.71
ORD-2022-02045,15-Dec-2022,2022-12-21,Standard Class,CUST-6032,William White,Consumer,Phoenix,Arizona,West,Clothing,Pants,Pants - Model N473,3,246.54,0.0,739.62,337.39,30.59
ORD-2024-02046,04/04/2024,2024-04-08,Standard Class,CUST-9779,Isabella Thompson,Consumer,Buffalo,New York,East,Furniture,Storage,Storage - Model M723,10,1397.76,0.15,11880.96,863.03,28.36
ORD-2023-02047,11/07/2023,2023-11-07,Same Day,CUST-0017,Margaret Sanchez,Consumer,Chicago,Illinois,Central,Furniture,Bookcases,Bookcases - Model I530,1,260.21,0.05,247.2,24.28,70.4
ORD-2024-02048,01/03/2024,2024-01-08,Second Class,CUST-8783,Christopher Davis,Consumer,Tacoma,Washington,West,Furniture,Desks,Desks - Model C839,10,549.19,0.2,4393.52,683.28,24.7
ORD-2024-02049,09/26/2024,2024-09-29,Second Class,CUST-3042,David Perez,Consumer,Dallas,Texas,Central,Office Supplies,Labels,Labels - Model P784,1,174.19,0.2,139.35,23.44,39.62
ORD-2021-02050,11/06/2021,2021-11-09,First Class,CUST-4641,Karen Taylor,Corporate,Minneapolis,Minnesota,,Clothing,Accessories,Accessories - Model P206,6,365.84,0.05,2085.29,605.36,45.46
ORD-2024-02051,08/21/2024,2024-08-28,Standard Class,CUST-0867,Robert Ramirez,Home Office,Trenton,New Jersey,East,Office Supplies,Pens,Pens - Model B565,11,31.88,0.3,245.48,45.63,46.32
ORD-2021-02052,09/09/2021,2021-09-09,Same Day,CUST-4920,,Corporate,Phoenix,Arizona,West,Office Supplies,Pens,Pens - Model A865,11,69.01,0.0,759.11,248.74,43.41
ORD-2021-02053,12/22/2021,2021-12-26,Standard Class,CUST-4313,Emily Davis,Corporate,Cleveland,Ohio,Central,Clothing,Accessories,Accessories - Model N485,4,416.74,0.1,1500.26,458.28,17.86
ORD-2022-02054,03/26/2022,2022-04-02,Standard Class,CUST-8511,Mia Jones,Consumer,Detroit,Michigan,Central,Furniture,Bookcases,Bookcases - Model F614,2,935.71,0.0,1871.42,153.62,10.7
ORD-2023-02055,09/21/2023,2023-09-26,Standard Class,CUST-1045,Karen Perez,Home Office,Jersey City,New Jersey,East,Office Supplies,Paper,Paper - Model K748,1,51.99,0.0,51.99,18.87,3.27
ORD-2023-02056,09/07/2023,2023-09-14,Standard Class,CUST-8733,Mark Martin,Corporate,San Diego,California,West,Clothing,Shoes,Shoes - Model A685,9,378.03,0.15,2891.93,1105.41,31.11
ORD-2021-02057,07/10/2021,2021-07-17,Standard Class,CUST-5792,Jessica Garcia,Consumer,Grand Rapids,Michigan,Central,Office Supplies,Labels,Labels - Model O925,5,102.18,0.15,434.27,180.7,43.86
ORD-2023-02058,11/17/2023,2023-11-17,Same Day,CUST-9977,Linda Anderson,Corporate,Eugene,Oregon,West,Furniture,Storage,Storage - Model K285,6,733.97,0.25,3302.86,-212.14,23.94
ORD-2021-02059,10/18/2021,2021-10-21,First Class,CUST-5383,Lisa Sanchez,Consumer,Hartford,Connecticut,East,Clothing,Jackets,Jackets - Model L604,10,436.53,0.3,3055.71,-1213.16,41.07
ORD-2021-02060,03/24/2021,2021-03-28,Standard Class,CUST-4138,James Harris,Home Office,Buffalo,New York,East,Clothing,Jackets,Jackets - Model L391,-1,168.03,0.0,168.03,63.63,15.31
ORD-2022-02061,01/14/2022,2022-01-14,Same Day,CUST-2086,Nancy Davis,Home Office,Detroit,Michigan,Central,Furniture,Chairs,Chairs - Model N444,4,327.2,0.05,1243.36,221.1,49.21
ORD-2023-02062,08/26/2023,2023-08-30,Standard Class,CUST-9219,William Perez,Corporate,Las Vegas,Nevada,West,Technology,Monitors,Monitors - Model P673,8,1921.57,0.15,,2307.3,26.2
ORD-2024-02063,12/05/2024,2024-12-09,Second Class,CUST-8858,Patricia Davis,Consumer,Atlanta,Georgia,South,Furniture,Bookcases,Bookcases - Model M521,1,866.75,0.25,650.06,-38.42,2.53
ORD-2021-02064,04/24/2021,2021-04-27,Second Class,CUST-4078,Patricia Lee,Consumer,Buffalo,New York,East,Technology,Phones,Phones - Model A552,10,616.74,0.0,6167.4,1159.15,9.08
ORD-2022-02065,12/30/2022,2023-01-05,Standard Class,CUST-0745,Robert Brown,Consumer,Seattle,Washington,West,Office Supplies,Envelopes,Envelopes - Model P223,2,92.84,0.15,157.83,27.01,28.45
ORD-2023-02066,06/25/2023,2023-06-29,Standard Class,CUST-0472,Ava Moore,Consumer,Mesa,Arizona,West,Office Supplies,Paper,Paper - Model P437,12,64.45,0.05,734.73,251.09,40.71
ORD-2023-02067,01/17/2023,2023-01-23,Standard Class,CUST-9779,Isabella Thompson,Consumer,San Antonio,Texas,Central,Technology,Tablets,Tablets - Model C916,4,2137.54,0.2,6840.13,1171.04,23.52
ORD-2021-02068,05/13/2021,2021-05-17,Standard Class,CUST-6994,Ava Robinson,Consumer,Allentown,Pennsylvania,East,Office Supplies,Binders,Binders - Model O682,9,154.64,0.0,1391.76,279.85,48.1
ORD-2024-02069,03/20/2024,2024-03-21,First Class,CUST-3211,William Moore,Consumer,Seattle,Washington,,Technology,Monitors,Monitors - Model L643,4,131.68,0.3,368.7,37.67,11.8
ORD-2023-02070,05/21/2023,2023-05-28,Standard Class,CUST-0745,Robert Brown,Home Office,Philadelphia,Pennsylvania,East,Clothing,Shirts,Shirts - Model M586,8,191.98,0.15,1305.46,490.39,23.55
ORD-2022-02071,05/14/2022,2022-05-17,First Class,CUST-4469,Christopher Johnson,Consumer,Cincinnati,Ohio,Central,Furniture,Desks,Desks - Model A400,1,292.89,0.3,205.02,28.12,28.31
ORD-2021-02072,02/22/2021,2021-02-28,Standard Class,CUST-7060,Richard Martinez,Corporate,Philadelphia,Pennsylvania,East,Furniture,Chairs,Chairs - Model A256,5,1413.56,0.0,7067.8,1150.18,6.11
ORD-2021-02073,05/02/2021,2021-05-06,Standard Class,CUST-0041,Betty Lewis,Corporate,Las Vegas,Nevada,,Technology,Phones,Phones - Model K750,6,1592.73,0.2,7645.1,518.85,33.1
ORD-2021-02074,02/04/2021,2021-02-07,First Class,CUST-6803,Robert Clark,Corporate,New York City,New York,East,Office Supplies,Paper,Paper - Model E233,11,96.56,0.2,849.73,344.95,29.39
ORD-2024-02075,12/28/2024,2025-01-03,Standard Class,CUST-9484,Matthew Rodriguez,Corporate,Spokane,Washington,West,Technology,Laptops,Laptops - Model M316,9,582.96,0.1,4721.98,696.25,43.8
ORD-2022-02076,09/16/2022,2022-09-20,Standard Class,CUST-3131,Mary Brown,Home Office,San Francisco,California,West,Furniture,Desks,Desks - Model I762,11,1311.79,0.2,11543.75,1064.89,13.89
ORD-2024-02077,29-Nov-2024,2024-12-06,Standard Class,CUST-8725,Sarah Jones,Consumer,Phoenix,Arizona,West,Furniture,Desks,Desks - Model D408,1,1040.51,0.2,832.41,33.05,23.0
ORD-2024-02078,03/02/2024,2024-03-06,Standard Class,CUST-4275,Robert Martinez,Consumer,Rochester,New York,East,Technology,Laptops,Laptops - Model A335,11,1386.66,0.2,12202.61,2081.13,34.61
ORD-2024-02079,11/30/2024,2024-11-30,Same Day,CUST-8591,Christopher Gonzalez,Consumer,New Haven,Connecticut,East,Technology,Laptops,Laptops - Model L324,7,314.61,0.25,1651.7,215.53,52.36
ORD-2021-02080,11/28/2021,2021-12-04,Standard Class,CUST-9219,William Perez,Consumer,Worcester,Massachusetts,East,Technology,Monitors,Monitors - Model O222,8,2264.17,0.05,17207.69,1168.58,18.17
ORD-2023-02081,12/13/2023,2023-12-14,First Class,CUST-0706,Susan Harris,Home Office,San Diego,California,West,Clothing,Jackets,Jackets - Model B968,5,138.62,0.0,693.1,206.54,22.65
ORD-2022-02082,08/05/2022,2022-08-10,Second Class,CUST-5233,Sandra Wilson,Corporate,San Antonio,Texas,Central,Office Supplies,Paper,Paper - Model D955,4,186.54,0.25,559.62,-108.07,41.77
ORD-2021-02083,11/04/2021,2021-11-04,Same Day,CUST-4641,Karen Taylor,Corporate,Worcester,Massachusetts,East,Clothing,Shoes,Shoes - Model A821,8,147.85,0.0,1182.8,324.56,36.38
ORD-2022-02084,11/08/2022,2022-11-14,Standard Class,CUST-6789,James Brown,Corporate,Spokane,Washington,West,Technology,Monitors,Monitors - Model G246,7,1813.69,0.0,12695.83,1162.49,14.28
ORD-2021-02085,09/09/2021,2021-09-14,Standard Class,CUST-8783,Christopher Davis,Consumer,Knoxville,Tennessee,South,Furniture,Bookcases,Bookcases - Model K106,6,620.89,0.3,2607.74,-269.18,33.07
ORD-2023-02086,12/13/2023,2023-12-19,Standard Class,CUST-2018,Robert Smith,Consumer,Pittsburgh,Pennsylvania,East,Furniture,Storage,Storage - Model G600,9,1406.36,0.05,12024.38,568.28,24.55
ORD-2023-02087,07/14/2023,2023-07-21,Standard Class,CUST-0995,Lisa Brown,Home Office,Reno,Nevada,West,Technology,Monitors,Monitors - Model J880,7,1366.7,0.25,7175.17,1277.42,16.12
ORD-2024-02088,11/05/2024,2024-11-12,Standard Class,CUST-9456,Amelia Martin,Consumer,Houston,Texas,Central,Clothing,Pants,Pants - Model M518,9,137.71,0.0,1239.39,636.96,17.86
ORD-2023-02089,04/09/2023,2023-04-16,Standard Class,CUST-1446,Elizabeth Moore,Corporate,Seattle,Washington,West,Furniture,Chairs,Chairs - Model P560,10,51.78,0.05,491.91,36.61,45.93
ORD-2024-02090,02/10/2024,2024-02-10,Same Day,CUST-6127,Ava Anderson,Consumer,Salem,Oregon,West,Technology,Accessories,Accessories - Model M386,9,2053.62,0.0,18482.58,1846.52,21.22
ORD-2021-02091,04/30/2021,2021-05-01,First Class,CUST-1816,Karen Davis,Consumer,Springfield,Massachusetts,East,Office Supplies,Pens,Pens - Model H676,8,109.75,0.0,878.0,198.27,13.81
ORD-2021-02092,06/27/2021,2021-07-04,Standard Class,CUST-8549,Mark Anderson,Corporate,Reno,Nevada,West,Clothing,Jackets,Jackets - Model B396,7,28.56,0.0,199.92,62.81,49.47
ORD-2021-02093,12/24/2021,2021-12-30,Standard Class,CUST-8254,Sandra Martinez,Home Office,Boston,Massachusetts,East,Furniture,Bookcases,Bookcases - Model D911,4,525.91,0.2,1682.91,71.64,4.9
ORD-2022-02094,12/16/2022,2022-12-21,Standard Class,CUST-0811,Jessica Rodriguez,Home Office,Durham,North Carolina,South,Technology,Phones,Phones - Model P757,6,500.64,0.2,2403.07,375.35,22.08
ORD-2023-02095,11/06/2023,2023-11-06,Same Day,CUST-5551,Patricia Williams,Corporate,Rochester,Minnesota,Central,Clothing,Pants,Pants - Model P300,1,267.47,0.25,200.6,-16.1,7.15
ORD-2024-02096,11/21/2024,2024-11-25,Standard Class,CUST-9611,Amelia Rodriguez,Home Office,Hartford,Connecticut,East,Furniture,Desks,Desks - Model P392,9,1243.23,0.25,8391.8,1109.95,42.47
ORD-2024-02097,06/15/2024,2024-06-15,Same Day,CUST-4248,Joseph Jackson,Consumer,San Diego,California,West,Furniture,Tables,Tables - Model O786,11,286.74,0.15,2681.02,177.12,18.46
ORD-2024-02098,04/28/2024,2024-04-29,First Class,CUST-6971,Susan Williams,Consumer,Cleveland,Ohio,Central,Technology,Monitors,Monitors - Model M906,5,934.47,0.1,4205.12,592.52,4.5
ORD-2023-02099,09/01/2023,2023-09-06,Standard Class,CUST-0017,Margaret Sanchez,Consumer,Charlotte,North Carolina,South,Office Supplies,Pens,Pens - Model A386,6,109.74,0.3,460.91,-114.56,25.99
ORD-2023-02100,08/10/2023,2023-08-11,First Class,CUST-7493,Elizabeth Lee,Corporate,Aurora,Illinois,Central,Furniture,Desks,Desks - Model A389,4,337.93,0.0,,223.19,19.99
ORD-2023-02101,05/12/2023,2023-05-17,Standard Class,CUST-8993,Margaret Wilson,Consumer,Eugene,Oregon,West,Furniture,Chairs,Chairs - Model N270,3,1219.89,0.2,2927.74,87.31,29.22
ORD-2021-02102,06/08/2021,2021-06-12,Standard Class,CUST-3215,Michael Davis,Consumer,Philadelphia,Pennsylvania,East,Furniture,Tables,Tables - Model D107,2,728.78,0.25,1093.17,45.69,16.16
ORD-2023-02103,08/11/2023,2023-08-14,Second Class,CUST-8568,Isabella Jones,Consumer,Rochester,Minnesota,Central,Technology,Monitors,Monitors - Model A105,6,1062.02,0.25,4779.09,-551.58,40.52
ORD-2022-02104,04/08/2022,2022-04-12,Standard Class,CUST-0941,Christopher Robinson,Consumer,Austin,Texas,Central,Technology,Laptops,Laptops - Model F925,9,1969.29,0.2,14178.89,2067.1,6.7
ORD-2023-02105,03/24/2023,2023-03-31,Standard Class,CUST-0197,Sarah Johnson,Consumer,Seattle,Washington,West,Office Supplies,Paper,Paper - Model J693,1,74.71,0.0,74.71,20.5,11.2
ORD-2021-02106,09/21/2021,2021-09-23,First Class,CUST-5233,Sandra Wilson,Corporate,Ann Arbor,Michigan,Central,Technology,Tablets,Tablets - Model O635,10,1772.69,0.3,12408.83,2096.54,21.25
ORD-2024-02107,02/09/2024,2024-02-14,Standard Class,CUST-1032,Robert Sanchez,Consumer,Los Angeles,California,West,Technology,Laptops,Laptops - Model J818,9,813.8,0.15,6225.57,1415.49,48.38
ORD-2023-02108,06/20/2023,2023-06-24,Standard Class,CUST-7479,Joseph Gonzalez,Home Office,Stamford,Connecticut,,Clothing,Accessories,Accessories - Model K417,6,330.78,0.3,1389.28,403.94,2.24
ORD-2022-02109,11/05/2022,2022-11-06,First Class,CUST-3690,Emily Anderson,Home Office,Reno,Nevada,West,Clothing,Shirts,Shirts - Model G765,1,65.54,0.0,65.54,21.68,27.55
ORD-2021-02110,07/05/2021,2021-07-10,Standard Class,CUST-2406,Christopher Wilson,Corporate,Detroit,Michigan,Central,Clothing,Jackets,Jackets - Model N365,1,25.02,0.0,25.02,,42.9
ORD-2022-02111,10/12/2022,2022-10-13,First Class,CUST-4248,Sophia Williams,Corporate,Ann Arbor,Michigan,Central,Technology,Accessories,Accessories - Model I310,5,1917.64,0.0,9588.2,1060.37,33.72
ORD-2021-02112,05/23/2021,2021-05-30,Standard Class,CUST-7934,Charlotte Jackson,Home Office,Trenton,New Jersey,East,Furniture,Tables,Tables - Model H963,1,977.0,0.1,879.3,37.58,5.52
ORD-2021-02113,06/12/2021,2021-06-15,First Class,CUST-3131,Mary Brown,Consumer,Mesa,Arizona,West,Office Supplies,Labels,Labels - Model E343,5,184.03,0.2,736.12,174.33,9.05
ORD-2023-02114,10/12/2023,2023-10-12,Same Day,CUST-4919,Emily Sanchez,Consumer,Houston,Texas,Central,Technology,Accessories,Accessories - Model B897,6,1631.66,0.1,8810.96,622.76,87.92
ORD-2022-02115,03/13/2022,2022-03-18,Standard Class,CUST-0076,,Consumer,Salem,Oregon,West,Technology,Accessories,Accessories - Model B754,8,1362.05,0.15,9261.94,1301.99,20.04
ORD-2021-02116,08/17/2021,2021-08-22,Second Class,CUST-6675,Linda Gonzalez,Consumer,San Diego,California,West,Clothing,Jackets,Jackets - Model P346,4,141.06,0.05,536.03,159.98,33.41
ORD-2024-02117,08/30/2024,2024-09-06,Standard Class,CUST-1968,Barbara Lewis,Consumer,Detroit,Michigan,Central,Furniture,Desks,Desks - Model H178,11,1218.72,0.25,10054.44,-785.41,2.2
ORD-2024-02118,02/29/2024,2024-03-04,Second Class,CUST-4580,Harper Smith,Consumer,Saint Paul,Minnesota,Central,Technology,Monitors,Monitors - Model L273,10,102.05,0.15,867.42,49.01,18.8
ORD-2024-02119,03/14/2024,2024-03-18,Standard Class,CUST-6235,Charles Williams,Corporate,Pittsburgh,Pennsylvania,East,Furniture,Desks,Desks - Model C536,11,169.43,0.15,1584.17,277.44,3.69
ORD-2024-02120,11/14/2024,2024-11-18,Standard Class,CUST-3708,Sandra Perez,Corporate,San Antonio,Texas,Central,Technology,Accessories,Accessories - Model G191,2,417.73,0.0,835.46,118.69,29.96
ORD-2024-02121,11/19/2024,2024-11-26,Standard Class,CUST-0675,James White,Consumer,Savannah,Georgia,South,Technology,Laptops,Laptops - Model L874,7,352.05,0.0,2464.35,462.84,35.57
ORD-2022-02122,12/19/2022,2022-12-26,Standard Class,CUST-9501,Nancy Harris,Consumer,Dallas,Texas,Central,Clothing,Jackets,Jackets - Model F903,2,341.35,0.1,,269.72,2.57
ORD-2022-02123,06/02/2022,2022-06-09,Standard Class,CUST-1446,Elizabeth Moore,Corporate,Richmond,Virginia,South,Office Supplies,Binders,Binders - Model K151,11,67.2,0.0,739.2,245.47,42.65
ORD-2022-02124,11/07/2022,2022-11-14,Standard Class,CUST-8733,Mark Martin,Corporate,Tucson,Arizona,West,Furniture,Bookcases,Bookcases - Model J787,3,748.19,0.25,1683.43,210.93,12.68
ORD-2024-02125,11/07/2024,2024-11-11,Standard Class,CUST-5520,David Taylor,Corporate,Portland,Oregon,West,Furniture,Chairs,Chairs - Model D130,8,512.41,0.15,3484.39,662.72,34.47
ORD-2021-02126,12/31/2021,2022-01-03,Second Class,CUST-4456,Michael White,Home Office,Tucson,Arizona,West,Furniture,Tables,Tables - Model F333,3,1362.33,0.3,2860.89,-253.43,44.55
ORD-2023-02127,12/30/2023,2024-01-05,Standard Class,CUST-6261,Ava Ramirez,Corporate,Savannah,Georgia,South,Furniture,Bookcases,Bookcases - Model F226,4,1426.3,0.0,5705.2,549.78,47.42
ORD-2024-02128,02/09/2024,2024-02-13,Standard Class,CUST-4965,John Moore,Corporate,Springfield,Massachusetts,East,Furniture,Chairs,Chairs - Model O962,9,473.35,0.3,2982.11,359.76,13.82
ORD-2021-02129,01/07/2021,2021-01-12,Standard Class,CUST-0472,Ava Moore,Consumer,Houston,Texas,Central,Office Supplies,Labels,Labels - Model I505,3,62.63,0.15,159.71,33.48,3.5
ORD-2023-02130,09/27/2023,2023-09-30,Second Class,CUST-5322,,Consumer,Virginia Beach,Virginia,South,Technology,Phones,Phones - Model A783,9,2037.26,0.05,17418.57,2673.66,17.46
ORD-2021-02131,10/07/2021,2021-10-07,Same Day,CUST-6994,Ava Robinson,Consumer,Boston,Massachusetts,East,Furniture,Bookcases,Bookcases - Model C480,7,1162.11,0.0,8134.77,632.91,106.98
ORD-2022-02132,04/26/2022,2022-04-29,Second Class,CUST-8725,Sarah Jones,Consumer,Reno,Nevada,West,Clothing,Pants,Pants - Model H192,2,290.8,0.0,581.6,254.42,35.45
ORD-2021-02133,08/02/2021,2021-08-07,Standard Class,CUST-3533,Evelyn Hernandez,Consumer,Naperville,Illinois,Central,FURNITURE,Desks,Desks - Model B335,8,754.55,0.0,6036.4,1177.43,2.4
ORD-2022-02134,03/17/2022,2022-03-19,First Class,CUST-9977,Linda Anderson,Corporate,San Francisco,California,West,Furniture,Chairs,Chairs - Model P247,2,605.0,0.1,1089.0,109.75,35.25
ORD-2021-02135,09/18/2021,2021-09-20,First Class,CUST-8156,Anthony Perez,Consumer,Pittsburgh,Pennsylvania,East,Office Supplies,Binders,Binders - Model A443,12,178.44,0.2,1713.02,655.19,47.12
ORD-2024-02136,07/02/2024,2024-07-06,Second Class,CUST-4248,Sophia Williams,Consumer,Allentown,Pennsylvania,East,Technology,Laptops,Laptops - Model K812,12,836.01,0.3,7022.48,489.77,40.51
ORD-2023-02137,04/29/2023,2023-05-04,Second Class,CUST-0708,Margaret Lopez,Consumer,Stamford,Connecticut,East,Office Supplies,Pens,Pens - Model F134,6,53.54,0.15,273.05,113.72,48.74
ORD-2023-02138,01/28/2023,2023-01-31,Second Class,CUST-4016,Sarah Hernandez,Consumer,Newark,New Jersey,East,Clothing,Shoes,Shoes - Model K715,12,302.41,0.05,3447.47,565.98,49.09
ORD-2021-02139,05/27/2021,2021-05-31,Second Class,CUST-4919,Emily Sanchez,Home Office,San Diego,California,West,Clothing,Shirts,Shirts - Model C963,5,393.88,0.1,1772.46,941.84,19.25
ORD-2023-02140,11/30/2023,2023-12-07,Standard Class,CUST-5076,Sandra Moore,Consumer,Miami,Florida,South,Office Supplies,Labels,Labels - Model O494,9,158.8,0.1,1286.28,458.08,27.7
ORD-2023-02141,06/22/2023,2023-06-26,Second Class,CUST-8783,Christopher Davis,Consumer,Mesa,Arizona,West,Furniture,Desks,Desks - Model O532,1,152.24,0.05,144.63,16.7,35.44
ORD-2024-02142,05/18/2024,2024-05-19,First Class,CUST-9622,Susan Perez,Consumer,Allentown,Pennsylvania,East,Office Supplies,Paper,Paper - Model D476,10,67.32,0.0,673.2,139.96,7.22
ORD-2021-02143,02/14/2021,2021-02-21,Standard Class,CUST-1630,Michael Gonzalez,Corporate,Reno,Nevada,West,Clothing,Pants,Pants - Model D740,1,348.48,0.05,331.06,152.54,9.5
ORD-2022-02144,12/22/2022,2022-12-28,Standard Class,CUST-1544,David Rodriguez,Consumer,Eugene,Oregon,West,Clothing,Accessories,Accessories - Model N389,6,382.93,0.3,1608.31,631.71,14.06
ORD-2022-02145,11/24/2022,2022-11-27,First Class,CUST-3131,Mary Brown,Consumer,Chicago,Illinois,Central,Office Supplies,Envelopes,Envelopes - Model F899,10,92.6,0.15,787.1,348.45,6.43
ORD-2022-02146,06/30/2022,2022-07-04,Standard Class,CUST-5869,Anthony Thomas,Home Office,Memphis,Tennessee,South,Office Supplies,Envelopes,Envelopes - Model K971,9,52.5,0.2,378.0,68.84,48.58
ORD-2024-02147,04/02/2024,2024-04-05,Second Class,CUST-1201,Mia Brown,Corporate,Memphis,Tennessee,South,Clothing,Shoes,Shoes - Model N922,5,428.31,0.25,1606.16,835.35,4.17
ORD-2022-02148,05/24/2022,2022-05-29,Standard Class,CUST-0561,James Perez,Consumer,Worcester,Massachusetts,East,,Jackets,Jackets - Model O545,8,221.94,0.2,1420.42,641.21,35.22
ORD-2021-02149,06/17/2021,2021-06-22,Standard Class,CUST-2883,Mary Johnson,Consumer,New Haven,Connecticut,East,Clothing,Accessories,Accessories - Model P965,1,270.16,0.15,229.64,73.07,43.15
ORD-2022-02150,10/15/2022,2022-10-16,First Class,CUST-9611,Amelia Rodriguez,Corporate,Durham,North Carolina,South,Office Supplies,Pens,Pens - Model O588,8,183.51,0.0,1468.08,286.41,19.06
ORD-2023-02151,07/12/2023,2023-07-16,Standard Class,CUST-3232,William Sanchez,Home Office,Salem,Oregon,West,Office Supplies,Pens,Pens - Model J136,11,166.48,0.3,1281.9,272.08,8.34
ORD-2023-02152,03/09/2023,2023-03-15,Standard Class,CUST-7085,Richard Thompson,Consumer,Norfolk,Virginia,South,Office Supplies,Envelopes,Envelopes - Model M953,11,83.18,0.05,869.23,338.85,35.11
ORD-2022-02153,12/12/2022,2022-12-16,Second Class,CUST-9611,Amelia Rodriguez,Home Office,Atlanta,Georgia,South,Clothing,Pants,Pants - Model E586,7,290.17,0.3,1421.83,714.18,47.44
ORD-2024-02154,02/12/2024,2024-02-19,Standard Class,CUST-2361,Betty White,Home Office,Raleigh,North Carolina,South,Technology,Laptops,Laptops - Model O545,11,2194.09,0.1,21721.49,3436.15,32.79
ORD-2024-02155,05/13/2024,2024-05-16,Second Class,CUST-7955,Sandra Davis,Consumer,Buffalo,New York,East,Office Supplies,Binders,Binders - Model P607,8,136.79,0.1,984.89,146.6,25.57
ORD-2023-02156,05/11/2023,2023-05-11,Same Day,CUST-7605,Barbara Martin,Home Office,Hartford,Connecticut,East,Technology,Accessories,Accessories - Model F451,10,481.03,0.0,4810.3,335.86,77.77
ORD-2022-02157,12/16/2022,2022-12-23,Standard Class,CUST-5383,Lisa Sanchez,Corporate,Boston,Massachusetts,East,,Monitors,Monitors - Model C301,4,1897.83,0.1,6832.19,1468.69,29.82
ORD-2021-02158,10/17/2021,2021-10-19,First Class,CUST-0811,Jessica Rodriguez,Consumer,Las Vegas,Nevada,West,Technology,Monitors,Monitors - Model A192,12,979.37,0.15,9989.57,2312.84,31.43
ORD-2021-02159,08/30/2021,2021-09-03,Standard Class,CUST-9501,Nancy Harris,Corporate,Portland,Oregon,West,Clothing,Accessories,Accessories - Model D369,7,458.27,0.15,2726.71,513.59,5.94
ORD-2021-02160,11/25/2021,2021-11-29,Second Class,CUST-4248,Joseph Jackson,Corporate,Tampa,Florida,South,Clothing,Accessories,Accessories - Model I257,4,291.24,0.1,1048.46,504.14,28.77
ORD-2022-02161,03/02/2022,2022-03-08,Standard Class,CUST-2984,Ava Hernandez,Home Office,Columbus,Ohio,Central,Clothing,Shoes,Shoes - Model H413,11,279.45,0.15,2612.86,,13.69
ORD-2022-02162,01/03/2022,2022-01-07,Second Class,CUST-5383,Lisa Sanchez,Corporate,Aurora,Illinois,Central,Office Supplies,Paper,Paper - Model K460,4,33.27,0.25,99.81,-28.5,33.42
ORD-2022-02163,09/18/2022,2022-09-23,Second Class,CUST-3131,Mary Brown,Consumer,Stamford,Connecticut,East,Office Supplies,Labels,Labels - Model C920,3,171.3,0.2,411.12,104.78,26.31
ORD-2023-02164,09/11/2023,2023-09-18,Standard Class,CUST-2508,Richard Lopez,Consumer,Aurora,Illinois,Central,Clothing,Accessories,Accessories - Model M421,3,419.08,0.1,1131.52,215.14,17.2
ORD-2022-02165,11/28/2022,2022-12-02,Standard Class,CUST-0702,Matthew Martin,Consumer,Los Angeles,California,West,Furniture,Storage,Storage - Model I355,12,395.29,0.0,4743.48,938.77,10.64
ORD-2023-02166,01/17/2023,2023-01-22,Standard Class,CUST-8591,Christopher Gonzalez,Consumer,Jersey City,New Jersey,East,Technology,Phones,Phones - Model A216,12,842.08,0.1,9094.46,1126.58,23.26
ORD-2022-02167,04/07/2022,2022-04-12,Second Class,CUST-8341,Sarah Robinson,Corporate,Rochester,New York,East,Clothing,Jackets,Jackets - Model G194,8,186.14,0.0,1489.12,701.02,49.95
ORD-2021-02168,01/14/2021,2021-01-19,Standard Class,CUST-5322,Susan Robinson,Corporate,Detroit,Michigan,Central,Technology,Phones,Phones - Model A200,11,2208.78,0.1,21866.92,3567.29,21.86
ORD-2021-02169,06/07/2021,2021-06-10,Second Class,CUST-2232,Anthony Hernandez,Corporate,Tacoma,Washington,West,Clothing,Shirts,Shirts - Model G636,7,173.97,0.2,974.23,507.2,4.54
ORD-2024-02170,08/24/2024,2024-08-28,Second Class,CUST-3211,William Moore,Home Office,Salem,Oregon,West,Technology,Monitors,Monitors - Model A905,1,2394.29,0.15,,123.16,44.92
ORD-2022-02171,05/12/2022,2022-05-14,First Class,CUST-3766,Sandra Jones,Corporate,Hartford,Connecticut,East,Furniture,Desks,Desks - Model P596,10,672.42,0.0,6724.2,1160.07,14.32
ORD-2023-02172,10/26/2023,2023-10-28,First Class,CUST-9986,Ava Garcia,Consumer,Portland,Oregon,West,Clothing,Jackets,Jackets - Model B496,10,439.6,0.3,3077.2,-787.9,25.62
ORD-2022-02173,06/13/2022,2022-06-17,Standard Class,CUST-0827,Harper Wilson,Consumer,Chicago,Illinois,Central,Office Supplies,Labels,Labels - Model A177,10,100.84,0.15,857.14,191.95,25.53
ORD-2024-02174,02/15/2024,2024-02-21,Standard Class,CUST-7994,Sandra Lopez,Corporate,Newark,New Jersey,East,,Binders,Binders - Model I884,3,150.25,0.25,338.06,-86.27,35.6
ORD-2021-02175,11/30/2021,2021-12-06,Standard Class,CUST-4835,Lisa Smith,Consumer,Hartford,Connecticut,East,Technology,Tablets,Tablets - Model E360,2,1056.9,0.3,1479.66,-101.33,2.27
ORD-2023-02176,02/22/2023,2023-02-22,Same Day,CUST-9622,Susan Perez,Consumer,Las Vegas,Nevada,West,Clothing,Pants,Pants - Model H710,12,328.77,0.25,,907.13,86.98
ORD-2022-02177,10/03/2022,2022-10-07,Standard Class,CUST-9738,Mia Lewis,Corporate,Buffalo,New York,East,Office Supplies,Paper,Paper - Model A105,8,182.69,0.3,1023.06,191.97,48.75
ORD-2023-02178,01/13/2023,2023-01-15,First Class,CUST-1300,Sarah Williams,Corporate,New Haven,Connecticut,East,Furniture,Chairs,Chairs - Model F917,3,843.25,0.05,2403.26,177.58,43.48
ORD-2022-02179,06/15/2022,2022-06-20,Standard Class,CUST-3708,Sandra Perez,Corporate,Portland,Oregon,West,Clothing,Accessories,Accessories - Model H300,7,477.33,0.25,2505.98,-1008.11,44.97
ORD-2024-02180,10/20/2024,2024-10-22,First Class,CUST-4944,Olivia Martin,Corporate,Mesa,Arizona,,Clothing,Accessories,Accessories - Model A192,3,338.87,0.0,1016.61,291.66,21.44
ORD-2021-02181,11/22/2021,2021-11-28,Standard Class,CUST-6941,Thomas Taylor,Consumer,Mesa,Arizona,West,Technology,Phones,Phones - Model M995,11,462.59,0.0,5088.49,1002.66,21.11
ORD-2022-02182,05/09/2022,2022-05-10,First Class,CUST-5359,Joseph Williams,Home Office,Memphis,Tennessee,South,Clothing,Shoes,Shoes - Model M871,2,223.44,0.2,357.5,75.31,29.48
ORD-2022-02183,12/13/2022,2022-12-19,Standard Class,CUST-9635,Mia Martinez,Home Office,Detroit,Michigan,Central,Clothing,Pants,Pants - Model E928,1,313.23,0.0,313.23,87.86,15.24
ORD-2021-02184,04/05/2021,2021-04-08,Second Class,CUST-8217,Mia Miller,Consumer,Tucson,Arizona,West,Clothing,Shirts,Shirts - Model G751,5,447.1,0.0,2235.5,1213.65,32.71
ORD-2023-02185,06/15/2023,2023-06-16,First Class,CUST-0230,Margaret Williams,Consumer,Tacoma,Washington,West,Office Supplies,Envelopes,Envelopes - Model B330,12,162.76,0.2,1562.5,156.97,27.62
ORD-2024-02186,11/27/2024,2024-11-29,First Class,CUST-1193,Patricia Moore,Consumer,Salem,Oregon,West,Technology,Tablets,Tablets - Model J578,10,2444.94,0.15,20781.99,4146.33,41.43
ORD-2021-02187,04/29/2021,2021-05-06,Standard Class,CUST-5322,Jennifer Miller,Consumer,Minneapolis,Minnesota,Central,Office Supplies,Paper,Paper - Model G104,11,188.92,0.0,2078.12,,32.27
ORD-2021-02188,04/13/2021,2021-04-20,Standard Class,CUST-6160,Mia Moore,Home Office,Jersey City,New Jersey,East,Technology,Monitors,Monitors - Model J284,8,803.27,0.2,5140.93,421.47,9.9
ORD-2022-02189,10/29/2022,2022-11-03,Standard Class,CUST-8511,Mia Jones,Consumer,Seattle,Washington,West,Technology,Tablets,Tablets - Model L157,2,511.9,0.0,1023.8,102.97,5.87
ORD-2023-02190,06/16/2023,2023-06-19,Second Class,CUST-0435,Barbara White,Corporate,Richmond,Virginia,South,Technology,Monitors,Monitors - Model I189,9,110.06,0.0,990.54,212.32,6.89
ORD-2021-02191,02/15/2021,2021-02-18,Second Class,CUST-9529,Sarah Davis,Consumer,Aurora,Illinois,Central,Clothing,Accessories,Accessories - Model G321,3,241.68,0.0,725.04,336.3,20.37
ORD-2024-02192,03/16/2024,2024-03-21,Standard Class,CUST-4919,Emily Sanchez,Consumer,Las Vegas,Nevada,West,Furniture,Tables,Tables - Model B484,1,569.44,0.05,540.97,50.89,4.18
ORD-2021-02193,11/15/2021,2021-11-21,Standard Class,CUST-4217,Emily Moore,Consumer,Cincinnati,Ohio,Central,,Bookcases,Bookcases - Model M692,5,1308.36,0.2,5233.44,384.9,48.46
ORD-2022-02194,12/18/2022,2022-12-18,Same Day,CUST-8899,Jennifer White,Consumer,Salem,Oregon,West,Technology,Tablets,Tablets - Model B872,9,1479.97,0.0,13319.73,3106.55,50.78
ORD-2022-02195,04/22/2022,2022-04-25,First Class,CUST-9286,Christopher Miller,Corporate,Saint Paul,Minnesota,Central,,Laptops,Laptops - Model G108,5,431.35,0.05,2048.91,201.07,12.66
ORD-2023-02196,11/28/2023,2023-12-03,Standard Class,CUST-2448,John Lewis,Consumer,New York City,New York,East,Office Supplies,Paper,Paper - Model A896,5,50.54,0.3,176.89,74.46,22.58
ORD-2022-02197,09/13/2022,2022-09-20,Standard Class,CUST-1463,Richard Gonzalez,Corporate,Pittsburgh,Pennsylvania,East,Clothing,Accessories,Accessories - Model A465,4,485.78,0.25,1457.34,-228.13,27.24
ORD-2021-02198,10/29/2021,2021-11-04,Standard Class,CUST-0371,Daniel Martin,Corporate,Mesa,Arizona,West,Technology,Accessories,Accessories - Model L201,9,1746.37,0.2,12573.86,977.26,2.15
ORD-2023-02199,11/05/2023,2023-11-10,Standard Class,CUST-7555,Sarah Harris,Corporate,Pittsburgh,Pennsylvania,East,Technology,Accessories,Accessories - Model M111,1,977.08,0.2,781.66,172.52,26.2
ORD-2023-02200,12/09/2023,2023-12-15,Standard Class,CUST-7985,William Anderson,Consumer,Spokane,Washington,West,Technology,Accessories,Accessories - Model C793,8,1512.12,0.0,12096.96,2132.2,6.84
ORD-2024-02201,06/05/2024,2024-06-09,Standard Class,CUST-9753,Jessica Perez,Home Office,Philadelphia,Pennsylvania,East,Office Supplies,Labels,Labels - Model A732,9,183.0,0.15,1399.95,573.64,14.41
ORD-2023-02202,12/23/2023,2023-12-29,Standard Class,CUST-2232,Anthony Hernandez,Corporate,Norfolk,Virginia,South,Clothing,Shoes,Shoes - Model E496,1,99.57,0.05,94.59,16.85,49.8
ORD-2024-02203,11/09/2024,2024-11-09,Same Day,CUST-0197,Sarah Johnson,Corporate,Buffalo,New York,East,Office Supplies,Binders,Binders - Model A643,8,145.51,0.0,,459.41,30.4
ORD-2023-02204,12/10/2023,2023-12-17,Standard Class,CUST-8733,Mark Martin,Corporate,San Antonio,Texas,Central,Clothing,Shirts,Shirts - Model J182,6,395.39,0.15,2016.49,694.97,47.62
ORD-2021-02205,07/21/2021,2021-07-22,First Class,CUST-6803,Robert Clark,Consumer,Seattle,Washington,West,Office Supplies,Envelopes,Envelopes - Model I839,5,50.76,0.0,253.8,69.51,28.14
ORD-2023-02206,07/10/2023,2023-07-14,Standard Class,CUST-0995,Lisa Brown,Consumer,Raleigh,North Carolina,South,Technology,Accessories,Accessories - Model I832,7,670.01,0.0,4690.07,951.12,17.94
ORD-2023-02207,07/09/2023,2023-07-13,Second Class,CUST-2517,Jessica Lopez,Consumer,Stamford,Connecticut,East,Furniture,Desks,Desks - Model K779,5,250.04,0.15,1062.67,128.79,22.25
ORD-2023-02208,07/20/2023,2023-07-27,Standard Class,CUST-6994,Ava Robinson,Corporate,Las Vegas,Nevada,West,Office Supplies,Paper,Paper - Model N782,1,21.58,0.1,19.42,2.65,26.8
ORD-2023-02209,06/17/2023,2023-06-17,Same Day,CUST-0549,Joseph Smith,Corporate,Minneapolis,Minnesota,Central,Clothing,Pants,Pants - Model E466,11,441.77,0.2,3887.58,1592.64,93.76
ORD-2022-02210,01/18/2022,2022-01-24,Standard Class,CUST-8330,Mark Moore,Home Office,Eugene,Oregon,West,Technology,Monitors,Monitors - Model J305,8,1646.97,0.0,13175.76,2519.29,41.96
ORD-2024-02211,04/02/2024,2024-04-06,Standard Class,CUST-3664,Thomas Moore,Consumer,Naperville,Illinois,Central,Furniture,Bookcases,Bookcases - Model N982,5,1287.37,0.0,6436.85,807.08,22.83
ORD-2022-02212,08/07/2022,2022-08-11,Second Class,CUST-0706,Susan Harris,Corporate,Miami,Florida,South,Office Supplies,Pens,Pens - Model K418,12,51.23,0.0,614.76,82.15,44.48
ORD-2022-02213,07/05/2022,2022-07-10,Second Class,CUST-4248,Sophia Williams,Corporate,Norfolk,Virginia,South,Furniture,Tables,Tables - Model K781,11,838.39,0.3,6455.6,1214.35,46.67
ORD-2022-02214,11/09/2022,2022-11-12,Second Class,CUST-5694,Charles Wilson,Consumer,Virginia Beach,Virginia,South,Clothing,Shirts,Shirts - Model M869,2,433.62,0.25,650.43,121.81,14.14
ORD-2024-02215,11/02/2024,2024-11-02,Same Day,CUST-2225,Isabella Wilson,Consumer,Reno,Nevada,West,Office Supplies,Envelopes,Envelopes - Model K243,7,135.39,0.15,805.57,97.72,43.39
ORD-2022-02216,01/30/2022,2022-02-05,Standard Class,CUST-7994,Sandra Lopez,Corporate,Sacramento,California,West,Office Supplies,Binders,Binders - Model P451,6,120.7,0.3,506.94,-131.68,10.99
ORD-2022-02217,06/18/2022,2022-06-19,First Class,CUST-7479,Joseph Gonzalez,Consumer,Springfield,Massachusetts,East,Technology,Accessories,Accessories - Model I846,4,100.15,0.05,380.57,66.77,49.82
ORD-2024-02218,05/20/2024,2024-05-25,Standard Class,CUST-8013,Michael Lopez,Corporate,Portland,Oregon,West,Office Supplies,Pens,Pens - Model O637,7,189.84,0.25,996.66,341.49,44.15
ORD-2021-02219,04/21/2021,2021-04-21,Same Day,CUST-7703,Anthony Smith,Home Office,Reno,Nevada,West,Furniture,Desks,Desks - Model D676,1,632.81,0.0,632.81,15.14,76.57
ORD-2023-02220,06/25/2023,2023-07-01,Standard Class,CUST-4078,Patricia Lee,Home Office,Dallas,Texas,Central,Furniture,Storage,Storage - Model E533,6,773.7,0.25,3481.65,-639.26,38.79
ORD-2022-02221,08/06/2022,2022-08-10,Second Class,CUST-1630,Michael Gonzalez,Consumer,Ann Arbor,Michigan,Central,Office Supplies,Binders,Binders - Model I794,6,178.66,0.15,911.17,397.67,33.23
ORD-2022-02222,04/02/2022,2022-04-06,Standard Class,CUST-8993,Margaret Wilson,Consumer,Ann Arbor,Michigan,Central,Furniture,Chairs,Chairs - Model H705,6,927.22,0.1,5006.99,315.23,46.78
ORD-2024-02223,01/11/2024,2024-01-16,Second Class,CUST-7555,Sarah Harris,Home Office,Nashville,Tennessee,South,Technology,Laptops,Laptops - Model F175,11,296.85,0.0,3265.35,282.45,16.81
ORD-2021-02224,11/08/2021,2021-11-08,same day,CUST-0811,Jessica Rodriguez,Consumer,Eugene,Oregon,West,Clothing,Shirts,Shirts - Model P159,6,429.31,0.25,1931.89,-232.44,7.4
ORD-2023-02225,04/04/2023,2023-04-04,Same Day,CUST-2517,Jessica Lopez,Corporate,Las Vegas,Nevada,West,Office Supplies,Envelopes,Envelopes - Model E103,8,122.06,0.0,976.48,184.91,63.93
ORD-2023-02226,09/13/2023,2023-09-19,Standard Class,CUST-8733,Mark Martin,Consumer,Saint Paul,Minnesota,Central,Furniture,Storage,Storage - Model N955,4,601.54,0.0,2406.16,399.27,16.43
ORD-2022-02227,07/22/2022,2022-07-22,Same Day,CUST-0994,Anthony Wilson,Corporate,Allentown,Pennsylvania,East,Furniture,Storage,Storage - Model F509,3,1121.28,0.0,,,101.39
ORD-2022-02228,12/22/2022,2022-12-29,Standard Class,CUST-0551,Jessica Thomas,Corporate,Reno,Nevada,West,Office Supplies,Binders,Binders - Model G309,2,195.25,0.25,292.88,88.14,5.42
ORD-2024-02229,09/24/2024,2024-09-29,Second Class,CUST-5792,Jessica Garcia,Corporate,Hartford,Connecticut,East,,Shoes,Shoes - Model L745,1,79.82,0.0,79.82,37.57,39.72
ORD-2021-02230,12/18/2021,2021-12-19,First Class,CUST-8904,James Hernandez,Consumer,Saint Paul,Minnesota,Central,Office Supplies,Paper,Paper - Model E433,4,103.52,0.0,414.08,168.16,39.71
ORD-2022-02231,11/30/2022,2022-12-07,Standard Class,CUST-5948,Emily Taylor,Home Office,Durham,North Carolina,South,Furniture,Bookcases,Bookcases - Model J791,7,1168.82,0.0,8181.74,745.68,26.75
ORD-2024-02232,06/05/2024,2024-06-10,Second Class,CUST-8899,Jennifer White,Consumer,Columbus,Ohio,Central,Furniture,Chairs,Chairs - Model O432,8,915.81,0.0,7326.48,555.98,33.25
ORD-2022-02233,05/30/2022,2022-06-03,Second Class,CUST-7508,Patricia Perez,Corporate,Rochester,Minnesota,Central,Clothing,Pants,Pants - Model I785,4,280.9,0.0,1123.6,602.63,47.5
ORD-2021-02234,10/16/2021,2021-10-19,First Class,CUST-2627,Margaret Jones,Home Office,Eugene,Oregon,West,Clothing,Accessories,Accessories - Model K105,11,227.9,0.15,2130.87,894.03,44.99
ORD-2021-02235,11/16/2021,2021-11-20,Second Class,CUST-6836,Mia Anderson,Home Office,Houston,Texas,Central,Technology,Accessories,Accessories - Model L692,2,721.03,0.15,1225.75,162.84,47.66
ORD-2021-02236,06/08/2021,2021-06-13,Second Class,CUST-2741,Linda Lewis,Corporate,Chicago,Illinois,Central,Furniture,Desks,Desks - Model A887,2,31.48,0.0,62.96,5.7,19.86
ORD-2023-02237,07/18/2023,2023-07-23,Second Class,CUST-0041,Betty Lewis,Consumer,New Haven,Connecticut,East,Clothing,Shoes,Shoes - Model J185,1,175.41,0.2,140.33,50.22,31.49
ORD-2021-02238,11/08/2021,2021-11-15,Standard Class,CUST-2488,Matthew Williams,Corporate,Las Vegas,Nevada,West,Clothing,Shirts,Shirts - Model M953,6,117.95,0.25,530.78,126.27,2.61
ORD-2022-02239,02/22/2022,2022-03-01,Standard Class,CUST-6660,James Williams,Consumer,Stamford,Connecticut,East,Furniture,Chairs,Chairs - Model M214,6,1305.45,0.25,5874.53,235.45,22.73
ORD-2021-02240,09/07/2021,2021-09-11,Standard Class,CUST-2488,Matthew Williams,Consumer,Charlotte,North Carolina,,Technology,Accessories,Accessories - Model P553,10,1105.32,0.05,10500.54,743.25,29.61
ORD-2022-02241,08/07/2022,2022-08-14,Standard Class,CUST-4874,Margaret Hernandez,Corporate,Naperville,Illinois,Central,Furniture,Storage,Storage - Model H118,9,1014.21,0.25,6845.92,-504.98,42.78
ORD-2024-02242,01/10/2024,2024-01-15,Second Class,CUST-4355,Sarah Lopez,Consumer,Grand Rapids,Michigan,Central,Clothing,Pants,Pants - Model O359,9,101.82,0.05,870.56,134.84,39.41
ORD-2021-02243,03/15/2021,2021-03-18,Second Class,CUST-6803,Robert Clark,Consumer,New Haven,Connecticut,East,Furniture,Tables,Tables - Model M563,3,1098.43,0.0,3295.29,104.84,17.72
ORD-2023-02244,07/03/2023,2023-07-03,Same Day,CUST-2406,Christopher Wilson,Home Office,Phoenix,Arizona,West,Office Supplies,Labels,Labels - Model D756,4,90.98,0.2,291.14,109.83,11.71
ORD-2022-02245,07/25/2022,2022-07-25,Same Day,CUST-3952,Michael Ramirez,Corporate,Aurora,Illinois,Central,Clothing,Accessories,Accessories - Model C915,4,67.9,0.0,271.6,80.35,66.52
ORD-2021-02246,06/02/2021,2021-06-02,Same Day,CUST-0697,Daniel Lewis,Corporate,Aurora,Illinois,Central,Office Supplies,Pens,Pens - Model I161,6,137.11,0.3,575.86,-58.83,78.95
ORD-2021-02247,11/15/2021,2021-11-19,Standard Class,CUST-5389,Charlotte Martinez,Home Office,Orlando,Florida,South,Clothing,Shirts,Shirts - Model N946,9,45.58,0.1,369.2,100.91,5.87
ORD-2024-02248,08/01/2024,2024-08-07,Standard Class,CUST-3326,Mark Clark,Consumer,Stamford,Connecticut,East,Clothing,Shoes,Shoes - Model B670,1,177.72,0.3,124.4,-22.69,49.95
ORD-2021-02249,01/24/2021,2021-01-31,Standard Class,CUST-6032,William White,Consumer,Rochester,Minnesota,Central,Technology,Phones,Phones - Model H160,4,254.61,0.0,1018.44,202.96,26.96
ORD-2023-02250,12/28/2023,2024-01-03,Standard Class,CUST-5577,Olivia Perez,Corporate,Allentown,Pennsylvania,East,Clothing,Jackets,Jackets - Model D724,5,299.0,0.15,1270.75,629.7,46.75
ORD-2022-02251,01/06/2022,2022-01-07,First Class,CUST-4806,Nancy Garcia,Corporate,San Francisco,California,West,Office Supplies,Labels,Labels - Model E248,8,184.03,0.25,1104.18,379.92,27.51
ORD-2024-02252,03/28/2024,2024-04-02,Second Class,CUST-0994,Anthony Wilson,Consumer,Allentown,Pennsylvania,East,Office Supplies,Binders,Binders - Model I362,9,157.99,0.0,1421.91,262.15,32.41
ORD-2021-02253,12/29/2021,2022-01-01,First Class,CUST-1384,Anthony Sanchez,Consumer,San Diego,California,West,Office Supplies,Pens,Pens - Model H260,4,95.17,0.0,380.68,105.25,12.35
ORD-2023-02254,10/11/2023,2023-10-14,Second Class,CUST-6019,Anthony Martin,Consumer,Portland,Oregon,West,Furniture,Desks,Desks - Model E198,12,330.64,0.15,3372.53,,25.16
ORD-2024-02255,03/25/2024,2024-03-30,Standard Class,CUST-2644,Isabella Johnson,Home Office,Sacramento,California,West,Technology,Accessories,Accessories - Model I977,12,847.96,0.15,8649.19,1678.69,4.13
ORD-2022-02256,09/17/2022,2022-09-22,Standard Class,CUST-4944,Olivia Martin,Corporate,Las Vegas,Nevada,West,Office Supplies,Labels,Labels - Model O866,3,116.15,0.25,261.34,28.27,38.13
ORD-2024-02257,07/14/2024,2024-07-20,Standard Class,CUST-2377,Olivia Gonzalez,Home Office,Detroit,Michigan,Central,Furniture,Tables,Tables - Model N247,4,1407.51,0.0,5630.04,1097.59,49.69
ORD-2023-02258,02/04/2023,2023-02-04,Same Day,CUST-1661,John Johnson,Consumer,Tacoma,Washington,West,Technology,Tablets,Tablets - Model O588,6,1904.94,0.3,8000.75,,30.39
ORD-2023-02259,12/26/2023,2023-12-29,First Class,CUST-3533,Evelyn Hernandez,Corporate,Boston,Massachusetts,East,Furniture,Storage,Storage - Model C917,3,1065.55,0.05,3036.82,598.86,43.71
ORD-2023-02260,03/11/2023,2023-03-13,First Class,CUST-5948,Emily Taylor,Consumer,San Antonio,Texas,Central,Office Supplies,Paper,Paper - Model F741,6,185.5,0.0,1113.0,477.22,9.35
ORD-2024-02261,01/15/2024,2024-01-20,Second Class,CUST-5684,Ava Thomas,Consumer,Reno,Nevada,West,Clothing,Shirts,Shirts - Model G630,1,229.31,0.3,160.52,67.6,4.13
ORD-2023-02262,06/05/2023,2023-06-12,Standard Class,CUST-3195,Thomas Harris,Consumer,Newark,New Jersey,East,Furniture,Storage,Storage - Model E731,3,133.79,0.0,401.37,78.42,26.78
ORD-2023-02263,11/13/2023,2023-11-18,Standard Class,CUST-0867,Robert Ramirez,Consumer,Chicago,Illinois,central,Office Supplies,Envelopes,Envelopes - Model K766,11,151.61,0.0,1667.71,351.21,3.66
ORD-2024-02264,04/05/2024,2024-04-09,Standard Class,CUST-5869,Anthony Thomas,Consumer,Tacoma,Washington,West,Clothing,Shirts,Shirts - Model C193,1,235.59,0.1,,82.34,10.37
ORD-2022-02265,02/23/2022,2022-03-01,Standard Class,CUST-9611,Amelia Rodriguez,Consumer,Nashville,Tennessee,South,Office Supplies,Pens,Pens - Model I314,8,28.6,0.0,228.8,90.18,10.34
ORD-2024-02266,12/26/2024,2024-12-29,First Class,CUST-5462,Joseph Davis,Home Office,Phoenix,Arizona,West,Technology,Monitors,Monitors - Model B920,5,620.69,0.1,2793.11,529.81,4.24
ORD-2024-02267,04/25/2024,2024-04-28,Second Class,CUST-1941,James Martinez,Home Office,Stamford,Connecticut,,Technology,Monitors,Monitors - Model B167,9,2128.16,0.25,14365.08,-553.57,47.78
ORD-2022-02268,11/13/2022,2022-11-17,Standard Class,CUST-2517,Jessica Lopez,Consumer,Cleveland,Ohio,Central,Furniture,Chairs,Chairs - Model E173,8,805.9,0.25,4835.4,-331.59,13.74
ORD-2021-02269,10/15/2021,2021-10-20,Standard Class,CUST-0669,Mia Perez,Corporate,Rochester,New York,East,Furniture,Chairs,Chairs - Model I219,7,535.78,0.25,2812.85,-96.94,29.19
ORD-2021-02270,01/20/2021,2021-01-24,Second Class,CUST-5359,Joseph Williams,Consumer,Sacramento,California,West,Furniture,Bookcases,Bookcases - Model F259,4,828.53,0.0,3314.12,111.12,33.8
ORD-2021-02271,03/07/2021,2021-03-11,Standard Class,CUST-5389,Charlotte Martinez,Corporate,Rochester,New York,,Clothing,Shirts,Shirts - Model H935,7,27.57,0.25,144.74,50.39,9.52
ORD-2024-02272,07/19/2024,2024-07-24,Standard Class,CUST-3042,David Perez,Consumer,Minneapolis,Minnesota,Central,Office Supplies,Binders,Binders - Model H311,6,7.39,0.2,35.47,12.36,22.22
ORD-2022-02273,10/29/2022,2022-10-29,Same Day,CUST-0706,Susan Harris,Consumer,Virginia Beach,Virginia,South,Office Supplies,Paper,Paper - Model K202,4,45.83,0.0,,20.21,52.5
ORD-2022-02274,11/20/2022,2022-11-23,First Class,CUST-4945,Isabella Clark,Home Office,Rochester,New York,East,Clothing,Shoes,Shoes - Model K344,4,286.1,0.05,1087.18,508.96,12.81
ORD-2023-02275,11/26/2023,2023-12-01,Second Class,CUST-7137,Thomas Gonzalez,Consumer,Phoenix,Arizona,West,Technology,Monitors,Monitors - Model J204,7,396.95,0.2,2222.92,328.17,4.1
ORD-2024-02276,12/31/2024,2025-01-04,Standard Class,CUST-0827,Harper Wilson,Consumer,Reno,Nevada,West,Office Supplies,Pens,Pens - Model L623,12,135.75,0.1,1466.1,345.97,37.66
ORD-2024-02277,08/09/2024,2024-08-14,Standard Class,CUST-1032,Robert Sanchez,Consumer,Minneapolis,Minnesota,Central,Clothing,Jackets,Jackets - Model D714,9,278.3,0.0,2504.7,782.44,2.76
ORD-2024-02278,12/01/2024,2024-12-08,Standard Class,CUST-9456,Amelia Martin,Consumer,Orlando,Florida,South,Office Supplies,Paper,Paper - Model I510,2,177.31,0.0,354.62,117.61,34.33
ORD-2023-02279,11/22/2023,2023-11-29,Standard Class,CUST-2939,Barbara Rodriguez,Home Office,Grand Rapids,Michigan,Central,Furniture,Chairs,Chairs - Model I965,9,1469.25,0.0,13223.25,2382.27,41.76
ORD-2023-02280,02/25/2023,2023-03-02,Standard Class,CUST-1814,Barbara Williams,Consumer,Newark,New Jersey,,Clothing,Shirts,Shirts - Model O402,6,116.76,0.1,630.5,186.21,19.67
ORD-2021-02281,02/01/2021,2021-02-05,Second Class,CUST-2763,Linda Robinson,Consumer,Aurora,Illinois,Central,Furniture,Desks,Desks - Model N360,3,1222.83,0.0,3668.49,465.28,11.75
ORD-2024-02282,11/12/2024,2024-11-16,Second Class,CUST-5389,Charlotte Martinez,Corporate,Portland,Oregon,West,Clothing,Jackets,Jackets - Model O142,3,419.66,0.2,1007.18,153.51,16.19
ORD-2023-02283,12/05/2023,2023-12-05,Same Day,CUST-2018,Robert Smith,Consumer,Jersey City,New Jersey,East,Technology,Laptops,Laptops - Model I860,2,1152.76,0.0,2305.52,573.59,70.52
ORD-2024-02284,03/25/2024,2024-04-01,Standard Class,CUST-6754,Joseph Ramirez,Consumer,Los Angeles,California,,Office Supplies,Labels,Labels - Model I667,3,111.63,0.25,251.17,-34.5,31.33
ORD-2023-02285,04/12/2023,2023-04-15,First Class,CUST-1300,Sarah Williams,Consumer,Nashville,Tennessee,South,Office Supplies,Envelopes,Envelopes - Model D239,1,156.73,0.2,125.38,25.04,15.33
ORD-2023-02286,04/18/2023,2023-04-22,Standard Class,CUST-0811,Jessica Rodriguez,Consumer,Jersey City,New Jersey,East,Office Supplies,Paper,Paper - Model C764,5,51.07,0.0,255.35,57.37,44.37
ORD-2024-02287,04/03/2024,2024-04-09,Standard Class,CUST-4944,Olivia Martin,Consumer,Tacoma,Washington,West,Furniture,Storage,Storage - Model E430,11,520.34,0.0,5723.74,368.04,47.06
ORD-2024-02288,10/09/2024,2024-10-13,Standard Class,CUST-7033,Lisa Martin,Corporate,Boston,Massachusetts,East,Technology,Tablets,Tablets - Model F642,4,2032.84,0.0,8131.36,1789.23,18.27
ORD-2021-02289,01/31/2021,2021-02-03,First Class,CUST-1363,Richard Clark,Consumer,Phoenix,Arizona,West,Office Supplies,Paper,Paper - Model D855,7,128.19,0.25,673.0,253.8,35.41
ORD-2021-02290,05/14/2021,2021-05-17,First Class,CUST-6032,William White,Consumer,Sacramento,California,West,Office Supplies,Envelopes,Envelopes - Model J877,5,70.97,0.1,319.37,34.68,22.95
ORD-2021-02291,08/27/2021,2021-08-30,Second Class,CUST-4039,Sarah Perez,Consumer,Detroit,Michigan,Central,Office Supplies,Pens,Pens - Model N607,7,122.44,0.25,642.81,204.88,10.64
ORD-2023-02292,04/18/2023,2023-04-21,First Class,CUST-5383,Lisa Sanchez,Consumer,Savannah,Georgia,South,Technology,Monitors,Monitors - Model B434,7,1043.47,0.15,6208.65,1158.83,48.83
ORD-2022-02293,11/28/2022,2022-12-01,Second Class,CUST-2131,Matthew Smith,Consumer,Durham,North Carolina,South,Clothing,Shoes,Shoes - Model C756,11,376.78,0.0,4144.58,2167.79,40.9
ORD-2024-02294,11/08/2024,2024-11-09,First Class,CUST-7703,Anthony Smith,Corporate,Portland,Oregon,West,Clothing,Jackets,Jackets - Model G573,4,271.72,0.0,1086.88,257.74,5.61
ORD-2022-02295,06/23/2022,2022-06-30,Standard Class,CUST-4806,Nancy Garcia,Consumer,Durham,North Carolina,,Furniture,Bookcases,Bookcases - Model D166,2,1118.46,0.1,2013.23,207.42,46.41
ORD-2021-02296,12/16/2021,2021-12-20,Standard Class,CUST-4217,Emily Moore,Consumer,Allentown,Pennsylvania,East,Office Supplies,Envelopes,Envelopes - Model J562,4,14.71,0.0,58.84,21.92,26.57
ORD-2022-02297,11/01/2022,2022-11-07,Standard Class,CUST-4456,Michael White,Consumer,New York City,New York,East,Furniture,Chairs,Chairs - Model D405,9,1011.81,0.25,6829.72,760.0,6.99
ORD-2023-02298,02/04/2023,2023-02-08,Standard Class,CUST-3453,Amelia Wilson,Consumer,Richmond,Virginia,South,Office Supplies,Pens,Pens - Model M925,12,38.55,0.3,323.82,120.98,24.43
ORD-2022-02299,06/22/2022,2022-06-23,First Class,CUST-8725,,Home Office,Detroit,Michigan,Central,Office Supplies,Labels,Labels - Model G806,2,104.22,0.05,198.02,51.09,8.42
ORD-2021-02300,11/07/2021,2021-11-12,Standard Class,CUST-6974,David Jones,Corporate,Virginia Beach,Virginia,,Furniture,Desks,Desks - Model D770,2,620.71,0.25,931.07,87.74,36.82
ORD-2022-02301,02/09/2022,2022-02-14,Standard Class,CUST-8511,Mia Jones,Corporate,Tacoma,Washington,West,Clothing,Accessories,Accessories - Model D671,2,188.25,0.05,357.68,147.96,10.9
ORD-2024-02302,11/10/2024,2024-11-17,Standard Class,CUST-6776,Sophia Miller,Consumer,Spokane,Washington,West,Furniture,Tables,Tables - Model J174,12,726.13,0.3,6099.49,-408.8,16.87
ORD-2021-02303,01/30/2021,2021-02-05,Standard Class,CUST-9034,Lisa Miller,Home Office,Rochester,Minnesota,Central,Furniture,Storage,Storage - Model C527,8,819.43,0.0,6555.44,757.78,34.12
ORD-2023-02304,06/29/2023,2023-06-29,Same Day,CUST-6127,Ava Anderson,Corporate,Boston,Massachusetts,East,Furniture,Bookcases,Bookcases - Model D380,7,871.09,0.05,5792.75,734.76,34.41
ORD-2023-02305,05/14/2023,2023-05-20,Standard Class,CUST-6131,Linda Perez,Consumer,Atlanta,Georgia,South,Technology,Phones,Phones - Model K542,11,2087.06,0.0,22957.66,2209.44,4.5
ORD-2024-02306,11/24/2024,2024-11-28,Standard Class,CUST-2232,Anthony Hernandez,Consumer,Cleveland,Ohio,Central,Technology,Laptops,Laptops - Model A361,5,1121.93,0.0,5609.65,322.16,28.97
ORD-2023-02307,12/10/2023,2023-12-17,Standard Class,CUST-2131,Matthew Smith,Consumer,Pittsburgh,Pennsylvania,East,Clothing,Pants,Pants - Model E916,8,235.0,0.2,1504.0,240.84,21.97
ORD-2022-02308,01/21/2022,2022-01-25,Second Class,CUST-3690,Emily Anderson,Corporate,San Antonio,Texas,Central,Clothing,Jackets,Jackets - Model C814,7,300.9,0.1,1895.67,772.99,47.99
ORD-2023-02309,05/01/2023,2023-05-02,First Class,CUST-1344,Lisa Williams,Corporate,Jersey City,New Jersey,East,Office Supplies,Envelopes,Envelopes - Model O593,12,100.2,0.3,841.68,-138.68,48.3
ORD-2023-02310,11/01/2023,2023-11-07,Standard Class,CUST-8552,Sarah Anderson,Corporate,Rochester,Minnesota,Central,Furniture,Tables,Tables - Model M138,5,221.87,0.1,998.41,78.27,10.76
ORD-2023-02311,03/10/2023,2023-03-14,Second Class,CUST-7085,Richard Thompson,Consumer,Nashville,Tennessee,South,Technology,Laptops,Laptops - Model O838,7,560.39,0.0,3922.73,658.31,2.12
ORD-2023-02312,11/07/2023,2023-11-11,Standard Class,CUST-4672,William Thompson,Consumer,Rochester,New York,East,Clothing,Jackets,Jackets - Model K979,2,17.44,0.2,27.9,12.85,6.88
ORD-2024-02313,04/30/2024,2024-05-05,Second Class,CUST-9529,Sarah Davis,Home Office,Nashville,Tennessee,South,Furniture,Tables,Tables - Model J133,3,1024.08,0.15,2611.4,328.64,10.72
ORD-2021-02314,12/29/2021,2022-01-03,Standard Class,CUST-2111,Charlotte Brown,Consumer,New Haven,Connecticut,East,Technology,Phones,Phones - Model P785,12,1898.47,0.15,19364.39,2495.27,43.83
ORD-2022-02315,11/22/2022,2022-11-29,Standard Class,CUST-0811,Jessica Rodriguez,Consumer,Columbus,Ohio,Central,Clothing,Shoes,Shoes - Model D517,11,432.13,0.15,4040.42,919.08,5.81
ORD-2023-02316,02/15/2023,2023-02-19,Standard Class,CUST-5015,Barbara Taylor,Consumer,Ann Arbor,Michigan,Central,Office Supplies,Binders,Binders - Model H877,12,179.43,0.2,1722.53,694.84,48.81
ORD-2022-02317,11/04/2022,2022-11-09,Standard Class,CUST-7137,Thomas Gonzalez,Consumer,Ann Arbor,Michigan,Central,Office Supplies,Binders,Binders - Model H991,9,110.22,0.1,892.78,279.26,30.26
ORD-2023-02318,06/11/2023,2023-06-17,Standard Class,CUST-8197,Susan Taylor,Corporate,Rochester,New York,East,Technology,Tablets,Tablets - Model D396,11,98.15,0.2,863.72,212.67,47.01
ORD-2023-02319,12/15/2023,2023-12-15,Same Day,CUST-9986,Ava Garcia,Consumer,Detroit,Michigan,Central,Technology,Laptops,Laptops - Model F770,12,2239.92,0.05,25535.09,5766.71,77.08
ORD-2024-02320,11/09/2024,2024-11-11,First Class,CUST-7085,Richard Thompson,Home Office,Seattle,Washington,West,Office Supplies,Envelopes,Envelopes - Model A141,8,38.74,0.2,247.94,58.41,42.89
ORD-2024-02321,02/15/2024,2024-02-20,Standard Class,CUST-6776,Sophia Miller,Consumer,Grand Rapids,Michigan,,Technology,Tablets,Tablets - Model D906,1,747.8,0.05,710.41,92.2,23.86
ORD-2023-02322,02/17/2023,2023-02-22,Standard Class,CUST-2233,John Anderson,Consumer,Allentown,Pennsylvania,East,Clothing,Shoes,Shoes - Model G579,2,298.78,0.25,448.17,123.45,29.97
ORD-2021-02323,08/31/2021,2021-09-05,Standard Class,CUST-4672,William Thompson,Home Office,Salem,Oregon,West,Office Supplies,Pens,Pens - Model G673,12,106.61,0.2,1023.46,403.41,23.45
ORD-2024-02324,03/16/2024,2024-03-19,First Class,CUST-8252,Thomas White,Consumer,New Haven,Connecticut,East,Clothing,Accessories,Accessories - Model A631,8,263.93,0.05,2005.87,754.08,5.78
ORD-2022-02325,11/01/2022,2022-11-05,Second Class,CUST-9644,Amelia White,Corporate,Saint Paul,Minnesota,Central,Clothing,Jackets,Jackets - Model F569,1,231.84,0.15,197.06,53.22,18.49
ORD-2021-02326,11/05/2021,2021-11-07,First Class,CUST-6484,Harper Miller,Consumer,Cleveland,Ohio,Central,Office Supplies,Paper,Paper - Model O425,2,174.67,0.05,331.87,104.15,46.72
ORD-2023-02327,02/21/2023,2023-02-28,Standard Class,CUST-2448,John Lewis,Consumer,Phoenix,Arizona,West,Technology,Phones,Phones - Model L647,8,1226.76,0.0,9814.08,2238.88,24.55
ORD-2021-02328,11/02/2021,2021-11-04,First Class,CUST-2883,Mary Johnson,Corporate,Raleigh,North Carolina,South,Clothing,Pants,Pants - Model C881,8,391.08,0.0,3128.64,1118.52,10.7
ORD-2023-02329,04/13/2023,2023-04-16,First Class,CUST-6157,Charlotte Miller,Consumer,Philadelphia,Pennsylvania,East,Technology,Laptops,Laptops - Model A302,3,1873.35,0.2,4496.04,341.54,34.87
ORD-2024-02330,06/13/2024,2024-06-15,First Class,CUST-0041,Betty Lewis,Consumer,Reno,Nevada,West,Clothing,Shirts,Shirts - Model K330,7,155.5,0.05,1034.08,493.1,48.36
ORD-2024-02331,08/23/2024,2024-08-27,Standard Class,CUST-1300,Sarah Williams,Consumer,Detroit,Michigan,Central,Furniture,Storage,Storage - Model H360,9,270.37,0.0,2433.33,450.37,39.91
ORD-2024-02332,04/21/2024,2024-04-27,Standard Class,CUST-4580,Harper Smith,Consumer,Richmond,Virginia,South,Clothing,Accessories,Accessories - Model N713,1,28.79,0.0,28.79,11.24,44.07
ORD-2022-02333,12/21/2022,2022-12-21,Same Day,CUST-4992,Linda Jones,Corporate,Portland,Oregon,West,Office Supplies,Binders,Binders - Model O533,9,84.61,0.0,761.49,249.83,25.95
ORD-2023-02334,07/09/2023,2023-07-15,Standard Class,CUST-3851,Charles Miller,Corporate,Seattle,Washington,West,Office Supplies,Binders,Binders - Model A195,9,55.01,0.15,420.83,108.03,48.23
ORD-2021-02335,06/21/2021,2021-06-24,Second Class,CUST-5336,Isabella Williams,Home Office,Richmond,Virginia,,Furniture,Chairs,Chairs - Model J164,11,986.39,0.25,8137.72,1463.11,32.65
ORD-2023-02336,01/25/2023,2023-01-27,First Class,CUST-5322,Susan Robinson,Consumer,Norfolk,Virginia,South,Technology,Laptops,Laptops - Model B325,9,737.09,0.2,5307.05,748.25,10.33
ORD-2022-02337,06/18/2022,2022-06-22,Standard Class,CUST-2763,Linda Robinson,Consumer,Rochester,Minnesota,Central,Furniture,Desks,Desks - Model G447,11,415.36,0.0,4568.96,373.34,36.32
ORD-2023-02338,12/31/2023,2024-01-02,First Class,CUST-6032,William White,Consumer,Minneapolis,Minnesota,Central,Clothing,Jackets,Jackets - Model C350,12,384.7,0.0,4616.4,1547.78,15.11
ORD-2021-02339,06/30/2021,2021-07-04,Second Class,CUST-7673,Sophia Jones,Consumer,Minneapolis,Minnesota,Central,Office Supplies,Pens,Pens - Model N829,6,17.46,0.0,104.76,25.2,3.11
ORD-2024-02340,07/08/2024,2024-07-15,Standard Class,CUST-9286,Christopher Miller,Consumer,Norfolk,Virginia,South,Furniture,Chairs,Chairs - Model H221,6,816.66,0.2,3919.97,296.69,48.36
ORD-2024-02341,05/05/2024,2024-05-10,Second Class,CUST-9006,Michael Johnson,Home Office,Minneapolis,Minnesota,Central,Technology,Monitors,Monitors - Model F898,12,1897.76,0.0,22773.12,3757.52,46.84
ORD-2021-02342,04/08/2021,2021-04-12,Standard Class,CUST-8156,Anthony Perez,Consumer,Salem,Oregon,West,Office Supplies,Binders,Binders - Model F863,10,33.49,0.2,267.92,40.13,44.89
ORD-2024-02343,10/27/2024,2024-10-29,First Class,CUST-0941,Christopher Robinson,Corporate,Charlotte,North Carolina,South,Office Supplies,Envelopes,Envelopes - Model L850,8,110.18,0.05,837.37,328.25,40.89
ORD-2024-02344,05/02/2024,2024-05-08,Standard Class,CUST-8197,Susan Taylor,Corporate,San Diego,California,West,Clothing,Accessories,Accessories - Model F904,9,470.72,0.0,4236.48,1785.85,29.16
ORD-2023-02345,09/15/2023,2023-09-20,Second Class,CUST-5543,Isabella Hernandez,Consumer,Philadelphia,Pennsylvania,,Clothing,Jackets,Jackets - Model J513,11,348.99,0.0,3838.89,1854.3,38.18
ORD-2022-02346,12/01/2022,2022-12-06,Standard Class,CUST-5694,Charles Wilson,Corporate,Ann Arbor,Michigan,Central,Technology,Monitors,Monitors - Model O465,9,1157.4,0.15,8854.11,537.36,29.83
ORD-2021-02347,03/07/2021,2021-03-11,Standard Class,CUST-8725,Sarah Jones,Consumer,Atlanta,Georgia,South,Furniture,Storage,Storage - Model A747,7,1244.05,0.3,6095.85,397.76,11.13
ORD-2021-02348,12/10/2021,2021-12-15,Second Class,CUST-5792,Jessica Garcia,Corporate,Portland,Oregon,West,Clothing,Shirts,Shirts - Model A223,2,98.63,0.05,187.4,84.88,25.44
ORD-2022-02349,01/04/2022,2022-01-06,First Class,CUST-3690,Emily Anderson,Consumer,Newark,New Jersey,East,Clothing,Shoes,Shoes - Model I595,2,495.6,0.25,743.4,-136.12,18.4
ORD-2023-02350,11/21/2023,2023-11-26,Second Class,CUST-3937,,Consumer,Atlanta,Georgia,,Technology,Monitors,Monitors - Model H282,2,859.8,0.0,1719.6,106.41,47.83
ORD-2022-02351,12/28/2022,2023-01-03,Standard Class,CUST-8197,Susan Taylor,Corporate,Sacramento,California,West,Furniture,Chairs,Chairs - Model M602,3,342.02,0.1,923.45,81.96,37.5
ORD-2022-02352,07/30/2022,2022-08-04,Standard Class,CUST-0995,Lisa Brown,Consumer,Aurora,Illinois,Central,Furniture,Chairs,Chairs - Model I225,9,203.28,0.0,1829.52,187.79,40.7
ORD-2021-02353,02/22/2021,2021-02-26,Standard Class,CUST-4919,Emily Sanchez,Consumer,Rochester,Minnesota,Central,Clothing,Shirts,Shirts - Model L885,7,143.0,0.2,800.8,357.22,27.89
ORD-2023-02354,01/29/2023,2023-02-05,Standard Class,CUST-3042,David Perez,Consumer,Tacoma,Washington,West,Office Supplies,Envelopes,Envelopes - Model C953,1,164.03,0.05,155.83,56.07,47.2
ORD-2023-02355,12/20/2023,2023-12-25,Standard Class,CUST-1544,David Rodriguez,Consumer,Los Angeles,California,West,Furniture,Chairs,Chairs - Model I726,9,285.92,0.25,1929.96,-135.95,47.74
ORD-2023-02356,08/18/2023,2023-08-19,First Class,CUST-0708,Margaret Lopez,Consumer,Tucson,Arizona,West,Furniture,Desks,Desks - Model C206,8,1285.05,0.0,10280.4,1723.36,32.46
ORD-2021-02357,04/18/2021,2021-04-18,Same Day,CUST-9456,Amelia Martin,Consumer,Spokane,Washington,West,Technology,Tablets,Tablets - Model A648,12,1313.03,0.2,12605.09,2850.12,14.49
ORD-2021-02358,12/07/2021,2021-12-13,Standard Class,CUST-2093,John Harris,Consumer,Seattle,Washington,West,Clothing,Pants,Pants - Model C202,3,228.16,0.2,547.58,195.27,2.04
ORD-2023-02359,12/24/2023,2023-12-24,  Same Day  ,CUST-0811,Jessica Rodriguez,Home Office,Charlotte,North Carolina,South,Furniture,Bookcases,Bookcases - Model P306,11,693.85,0.0,7632.35,169.81,96.78
ORD-2023-02360,03/20/2023,2023-03-25,Standard Class,CUST-6675,Linda Gonzalez,Corporate,Portland,Oregon,West,Office Supplies,Envelopes,Envelopes - Model K296,11,94.39,0.0,1038.29,228.4,17.24
ORD-2023-02361,06/29/2023,2023-07-04,Standard Class,CUST-2508,Richard Lopez,Corporate,Stamford,Connecticut,East,Office Supplies,Paper,Paper - Model M741,7,8.73,0.0,61.11,26.95,33.24
ORD-2024-02362,09/06/2024,2024-09-10,Standard Class,CUST-4672,William Thompson,Consumer,Naperville,Illinois,Central,Technology,Tablets,Tablets - Model D735,10,2367.65,0.05,22492.67,1758.18,4.78
ORD-2022-02363,09/21/2022,2022-09-26,Second Class,CUST-7994,Sandra Lopez,Consumer,Detroit,Michigan,Central,Office Supplies,Binders,Binders - Model H923,9,155.17,0.0,1396.53,332.01,46.36
ORD-2024-02364,10/31/2024,2024-11-04,Standard Class,CUST-5233,Sandra Wilson,Home Office,Jacksonville,Florida,South,Clothing,Shoes,Shoes - Model B777,4,23.09,0.3,64.65,11.2,32.67
ORD-2022-02365,03/18/2022,2022-03-22,Standard Class,CUST-9544,Isabella Harris,Consumer,Hartford,Connecticut,East,Clothing,Shoes,Shoes - Model H391,8,81.04,0.1,583.49,109.49,22.37
ORD-2023-02366,12/05/2023,2023-12-10,Standard Class,CUST-1201,Mia Brown,Consumer,Cleveland,Ohio,Central,Furniture,Desks,Desks - Model P124,10,1087.27,0.0,10872.7,1359.81,18.11
ORD-2023-02367,05/12/2023,2023-05-17,Standard Class,CUST-8156,Anthony Perez,Corporate,Eugene,Oregon,West,Clothing,Shoes,Shoes - Model G328,2,432.16,0.0,864.32,246.37,6.62
ORD-2024-02368,10/04/2024,2024-10-10,Standard Class,CUST-8156,Anthony Perez,Home Office,Hartford,Connecticut,,Clothing,Jackets,Jackets - Model I578,7,177.13,0.0,1239.91,607.45,8.19
ORD-2023-02369,04/02/2023,2023-04-06,Second Class,CUST-1544,David Rodriguez,Consumer,Buffalo,New York,East,Technology,Accessories,Accessories - Model D353,6,1734.8,0.0,10408.8,1829.83,16.26
ORD-2022-02370,06/18/2022,2022-06-25,Standard Class,CUST-4138,James Harris,Corporate,Miami,Florida,South,Office Supplies,Labels,Labels - Model B596,7,85.06,0.3,416.79,-49.81,33.99
ORD-2021-02371,09/01/2021,2021-09-07,Standard Class,CUST-2448,John Lewis,Consumer,Philadelphia,Pennsylvania,East,Furniture,Desks,Desks - Model L229,5,1244.38,0.3,4355.33,-157.87,11.07
ORD-2023-02372,01/17/2023,2023-01-23,Standard Class,CUST-9484,Matthew Rodriguez,Consumer,Jersey City,New Jersey,East,Technology,Phones,Phones - Model D399,11,1950.9,0.05,20386.9,3336.0,33.7
ORD-2021-02373,06/12/2021,2021-06-16,Standard Class,CUST-7963,Christopher Anderson,Consumer,Cincinnati,Ohio,Central,Furniture,Bookcases,Bookcases - Model P175,3,1333.36,0.25,3000.06,436.55,20.49
ORD-2023-02374,10/25/2023,2023-10-29,Second Class,CUST-8899,Jennifer White,Corporate,Minneapolis,Minnesota,Central,Office Supplies,Paper,Paper - Model A772,4,7.7,0.3,21.56,,4.15
ORD-2023-02375,04/05/2023,2023-04-08,Second Class,CUST-8858,Patricia Davis,Corporate,Cincinnati,Ohio,Central,Furniture,Bookcases,Bookcases - Model N357,6,216.32,0.2,1038.34,140.38,28.64
ORD-2021-02376,09/23/2021,2021-09-30,Standard Class,CUST-3655,Karen Clark,Consumer,Virginia Beach,Virginia,South,Technology,Tablets,Tablets - Model A785,2,2164.37,0.3,3030.12,-218.36,2.02
ORD-2022-02377,02/04/2022,2022-02-09,Standard Class,CUST-7555,Sarah Harris,Corporate,Springfield,Massachusetts,East,Furniture,Chairs,Chairs - Model G110,8,133.67,0.3,748.55,23.4,29.41
ORD-2021-02378,12/15/2021,2021-12-19,Standard Class,CUST-4217,Emily Moore,Home Office,Stamford,Connecticut,East,Technology,Tablets,Tablets - Model C692,9,195.8,0.0,1762.2,383.59,34.59
ORD-2021-02379,09/17/2021,2021-09-20,First Class,CUST-4992,Linda Jones,Corporate,Tucson,Arizona,West,Clothing,Pants,Pants - Model K650,4,160.11,0.0,640.44,276.28,20.74
ORD-2024-02380,02/20/2024,2024-02-24,Standard Class,CUST-0472,Ava Moore,Corporate,Trenton,New Jersey,East,Furniture,Tables,Tables - Model H468,6,1278.3,0.3,5368.86,444.11,9.13
ORD-2023-02381,11/22/2023,2023-11-29,Standard Class,CUST-0708,Margaret Lopez,Consumer,Mesa,Arizona,West,Technology,Tablets,Tablets - Model K668,8,945.91,0.0,7567.28,1435.06,9.18
ORD-2023-02382,11/19/2023,2023-11-25,Standard Class,CUST-6971,Susan Williams,Home Office,Richmond,Virginia,South,Furniture,Chairs,Chairs - Model F575,10,1177.7,0.3,8243.9,1077.68,6.6
ORD-2022-02383,11/04/2022,2022-11-09,Standard Class,CUST-7033,Lisa Martin,Consumer,Phoenix,Arizona,West,Office Supplies,Labels,Labels - Model J648,12,97.76,0.1,1055.81,121.44,4.12
ORD-2021-02384,12/23/2021,2021-12-27,Second Class,CUST-2232,,Home Office,New Haven,Connecticut,East,Furniture,Chairs,Chairs - Model B670,11,1003.14,0.15,9379.36,958.85,2.99
ORD-2024-02385,03/13/2024,2024-03-18,Standard Class,CUST-7955,Sandra Davis,Home Office,Virginia Beach,Virginia,South,Furniture,Desks,Desks - Model L938,12,1146.3,0.2,11004.48,1210.92,35.71
ORD-2024-02386,01/26/2024,2024-01-29,Second Class,CUST-2883,Mary Johnson,Corporate,Salem,Oregon,West,Clothing,Pants,Pants - Model I820,3,153.76,0.1,415.15,192.58,34.56
ORD-2021-02387,12/10/2021,2021-12-16,Standard Class,CUST-9297,Jessica White,Corporate,Las Vegas,Nevada,West,Office Supplies,Envelopes,Envelopes - Model P263,5,107.47,0.25,403.01,-78.35,47.94
ORD-2024-02388,11/06/2024,2024-11-06,Same Day,CUST-9986,Ava Garcia,Consumer,Minneapolis,Minnesota,Central,Technology,Accessories,Accessories - Model H373,11,1177.5,0.0,12952.5,1955.54,103.4
ORD-2021-02389,11/03/2021,2021-11-04,First Class,CUST-5694,Charles Wilson,Consumer,Tucson,Arizona,West,Clothing,Accessories,Accessories - Model F613,8,195.29,0.25,1171.74,-136.8,26.43
ORD-2024-02390,02/16/2024,2024-02-23,Standard Class,CUST-2448,John Lewis,Home Office,New Haven,Connecticut,East,Clothing,Jackets,Jackets - Model P214,4,32.03,0.0,128.12,28.22,18.91
ORD-2023-02391,04/10/2023,2023-04-16,Standard Class,CUST-7302,Harper Williams,Home Office,Reno,Nevada,West,Office Supplies,Pens,Pens - Model O106,5,164.02,0.1,738.09,169.88,17.79
ORD-2023-02392,03/01/2023,2023-03-05,Standard Class,CUST-6156,Sophia Clark,Consumer,Trenton,New Jersey,East,Clothing,Shirts,Shirts - Model G647,11,226.03,0.15,,870.67,18.72
ORD-2024-02393,02/29/2024,2024-03-01,First Class,CUST-6994,Ava Robinson,Corporate,Atlanta,Georgia,South,Clothing,Shoes,Shoes - Model C182,9,12.85,0.0,115.65,50.37,20.12
ORD-2024-02394,11/28/2024,2024-12-02,Standard Class,CUST-4945,,Home Office,San Diego,California,,Office Supplies,Labels,Labels - Model E549,2,198.96,0.05,378.02,128.36,29.53
ORD-2022-02395,07/10/2022,2022-07-15,Second Class,CUST-7176,Evelyn Ramirez,Consumer,Grand Rapids,Michigan,Central,Clothing,Shirts,Shirts - Model M747,12,54.43,0.3,457.21,190.25,20.39
ORD-2022-02396,10/10/2022,2022-10-15,Second Class,CUST-9635,Mia Martinez,Corporate,Tucson,Arizona,West,Clothing,Accessories,Accessories - Model B755,1,431.18,0.05,409.62,170.12,8.44
ORD-2023-02397,12/10/2023,2023-12-10,Same Day,CUST-1363,Richard Clark,Consumer,Tucson,Arizona,,Clothing,Accessories,Accessories - Model K483,10,436.77,0.0,4367.7,1773.96,54.89
ORD-2021-02398,07/05/2021,2021-07-08,First Class,CUST-5462,Joseph Davis,Consumer,Philadelphia,Pennsylvania,East,Office Supplies,Paper,Paper - Model F854,4,153.45,0.1,552.42,118.62,36.41
ORD-2022-02399,02/18/2022,2022-02-25,Standard Class,CUST-4414,John Smith,Corporate,Spokane,Washington,West,Clothing,Pants,Pants - Model O376,4,173.14,0.1,623.3,242.32,26.69
ORD-2023-02400,04/24/2023,2023-04-28,Standard Class,CUST-5462,Joseph Davis,Corporate,Sacramento,California,West,Technology,Phones,Phones - Model M102,11,2140.24,0.2,18834.11,1817.18,16.24
ORD-2022-02401,03/02/2022,2022-03-08,Standard Class,CUST-1060,Lisa Moore,Consumer,Las Vegas,Nevada,West,Technology,Accessories,Accessories - Model F706,9,1676.73,0.25,11317.93,-264.12,19.28
ORD-2021-02402,06/30/2021,2021-07-05,Standard Class,CUST-5470,Harper Hernandez,Home Office,Portland,Oregon,West,Office Supplies,Paper,Paper - Model I847,12,159.27,0.1,1720.12,494.7,10.13
ORD-2021-02403,04/16/2021,2021-04-19,Second Class,CUST-0702,Matthew Martin,Corporate,Virginia Beach,Virginia,South,Technology,Tablets,Tablets - Model L922,4,161.37,0.2,516.38,118.24,48.14
ORD-2022-02404,04/08/2022,2022-04-13,Standard Class,CUST-8914,Joseph Jones,Consumer,Minneapolis,Minnesota,Central,Technology,Monitors,Monitors - Model P136,6,1076.13,0.05,6133.94,575.28,19.57
ORD-2023-02405,01/03/2023,2023-01-08,Second Class,CUST-5543,Isabella Hernandez,Consumer,Boston,Massachusetts,East,  Clothing  ,Jackets,Jackets - Model M693,9,30.75,0.15,235.24,102.71,25.44
ORD-2022-02406,03/04/2022,2022-03-04,Same Day,CUST-6974,David Jones,Home Office,Mesa,Arizona,West,Technology,Monitors,Monitors - Model J110,5,667.08,0.15,,156.63,59.6
ORD-2022-02407,12/07/2022,2022-12-12,Second Class,CUST-0994,Anthony Wilson,Home Office,Trenton,New Jersey,East,Office Supplies,Labels,Labels - Model M988,10,100.37,0.0,1003.7,157.91,10.12
ORD-2022-02408,11/08/2022,2022-11-10,First Class,CUST-4580,Harper Smith,Consumer,Los Angeles,California,West,Technology,Laptops,Laptops - Model M877,4,882.71,0.0,3530.84,714.48,40.25
ORD-2021-02409,07/06/2021,2021-07-11,Standard Class,CUST-0561,James Perez,Home Office,Augusta,Georgia,South,Furniture,Storage,Storage - Model N795,2,426.27,0.0,852.54,114.65,46.63
ORD-2022-02410,12/03/2022,2022-12-08,Standard Class,CUST-9753,Jessica Perez,Consumer,San Francisco,California,West,Technology,Phones,Phones - Model D295,3,1146.6,0.0,3439.8,546.63,34.26
ORD-2022-02411,06/27/2022,2022-07-02,Standard Class,CUST-9986,Ava Garcia,Consumer,Stamford,Connecticut,East,Furniture,Storage,Storage - Model K489,2,965.24,0.25,1447.86,-143.43,37.35
ORD-2023-02412,11/30/2023,2023-12-02,First Class,CUST-4313,Emily Davis,Corporate,Mesa,Arizona,West,Furniture,Bookcases,Bookcases - Model C381,1,841.19,0.0,841.19,114.02,3.91
ORD-2021-02413,04/21/2021,2021-04-25,Second Class,CUST-8858,Patricia Davis,Consumer,Seattle,Washington,,Furniture,Bookcases,Bookcases - Model C601,12,1400.81,0.05,15969.23,1553.45,30.21
ORD-2022-02414,08/20/2022,2022-08-25,Standard Class,CUST-1564,Richard Jones,Corporate,New Haven,Connecticut,East,Furniture,Storage,Storage - Model E165,5,665.3,0.0,3326.5,165.78,49.6
ORD-2023-02415,12/22/2023,2023-12-27,Standard Class,CUST-6156,Sophia Clark,Corporate,Austin,Texas,Central,Technology,Accessories,Accessories - Model E596,11,117.15,0.1,1159.79,271.24,41.27
ORD-2021-02416,03/28/2021,2021-04-02,Standard Class,CUST-8858,Patricia Davis,Home Office,Spokane,Washington,West,Furniture,Desks,Desks - Model L497,8,1022.77,0.3,5727.51,800.49,12.58
ORD-2024-02417,12/17/2024,2024-12-17,Same Day,CUST-8467,Olivia Wilson,Consumer,Tacoma,Washington,West,Clothing,Jackets,Jackets - Model D460,4,430.94,0.3,1206.63,576.29,116.5
ORD-2022-02418,04/25/2022,2022-04-28,First Class,CUST-2406,Christopher Wilson,Consumer,Saint Paul,Minnesota,Central,Technology,Tablets,Tablets - Model H880,1,1469.3,0.1,1322.37,,25.15
ORD-2024-02419,03/14/2024,2024-03-19,Standard Class,CUST-5543,Isabella Hernandez,Corporate,Las Vegas,Nevada,West,Clothing,Shirts,Shirts - Model N994,2,283.2,0.1,509.76,179.02,16.3
ORD-2024-02420,10/27/2024,2024-11-01,Standard Class,CUST-8263,Jessica Ramirez,Corporate,Houston,Texas,Central,Clothing,Jackets,Jackets - Model B669,11,387.84,0.0,4266.24,1774.03,8.69
ORD-2024-02421,11/14/2024,2024-11-19,Second Class,CUST-9986,Ava Garcia,Corporate,Cincinnati,Ohio,Central,Technology,Phones,Phones - Model L463,12,1055.68,0.1,11401.34,2801.21,8.86
ORD-2024-02422,09/13/2024,2024-09-13,Same Day,CUST-0011,Margaret Clark,Home Office,Worcester,Massachusetts,East,Office Supplies,Envelopes,Envelopes - Model B354,4,86.01,0.1,309.64,49.44,39.69
ORD-2022-02423,10/28/2022,2022-10-28,Same Day,CUST-0995,Lisa Brown,Consumer,Philadelphia,Pennsylvania,East,Office Supplies,Paper,Paper - Model G589,2,70.36,0.1,126.65,21.09,19.37
ORD-2024-02424,12/31/2024,2025-01-04,Standard Class,CUST-6994,Ava Robinson,Consumer,Knoxville,Tennessee,,Furniture,Desks,Desks - Model F855,7,435.18,0.25,2284.7,,4.96
ORD-2023-02425,06/17/2023,2023-06-20,Second Class,CUST-5336,Isabella Williams,Consumer,Tucson,Arizona,West,Technology,Accessories,Accessories - Model C852,1,1842.76,0.0,1842.76,132.36,16.13
ORD-2022-02426,08/17/2022,2022-08-24,Standard Class,CUST-5336,Isabella Williams,Consumer,Columbus,Ohio,Central,Technology,Phones,Phones - Model I362,10,220.46,0.0,2204.6,,39.41
ORD-2021-02427,05/07/2021,2021-05-11,Standard Class,CUST-0988,Charlotte Williams,Corporate,Cincinnati,Ohio,Central,Furniture,Chairs,Chairs - Model N396,1,1335.62,0.0,1335.62,57.99,4.83
ORD-2021-02428,03/24/2021,2021-03-28,Standard Class,CUST-5383,Lisa Sanchez,Corporate,San Diego,California,,Office Supplies,Labels,Labels - Model O662,6,9.7,0.2,46.56,4.91,22.67
ORD-2023-02429,01/03/2023,2023-01-07,Standard Class,CUST-2332,Sandra Ramirez,Consumer,Newark,New Jersey,East,Technology,Tablets,Tablets - Model E568,8,176.79,0.0,1414.32,89.11,39.36
ORD-2024-02430,01/11/2024,2024-01-18,Standard Class,CUST-5322,Susan Robinson,Home Office,Sacramento,California,West,Furniture,Desks,Desks - Model G369,2,82.57,0.0,165.14,22.54,22.25
ORD-2022-02431,12/29/2022,2022-12-30,First Class,CUST-1463,Richard Gonzalez,Consumer,Seattle,Washington,West,Clothing,Shirts,Shirts - Model F249,1,224.97,0.15,191.22,84.8,28.2
ORD-2022-02432,09/20/2022,2022-09-25,Second Class,CUST-3211,William Moore,Consumer,Tucson,Arizona,West,Clothing,Accessories,Accessories - Model E425,4,408.16,0.2,1306.11,216.28,34.26
ORD-2024-02433,04/07/2024,2024-04-07,Same Day,CUST-4140,Matthew Thomas,Corporate,Minneapolis,Minnesota,Central,Technology,Laptops,Laptops - Model O824,2,2485.15,0.0,4970.3,906.35,106.44
ORD-2024-02434,08/09/2024,2024-08-14,Second Class,CUST-6035,Daniel White,Consumer,Tampa,Florida,South,Office Supplies,Pens,Pens - Model G405,12,67.49,0.0,809.88,123.12,22.47
ORD-2024-02435,08/13/2024,2024-08-14,First Class,CUST-1344,Lisa Williams,Corporate,Saint Paul,Minnesota,Central,Technology,Phones,Phones - Model K171,3,1435.54,0.0,,817.26,24.48
ORD-2022-02436,07/10/2022,2022-07-14,Second Class,CUST-7358,David Lee,Consumer,Boston,Massachusetts,East,Technology,Phones,Phones - Model P103,9,1743.36,0.0,15690.24,1573.56,4.58
ORD-2024-02437,06/02/2024,2024-06-06,Second Class,CUST-2585,David Sanchez,Consumer,Dallas,Texas,Central,Furniture,Chairs,Chairs - Model F787,4,1193.44,0.2,3819.01,134.05,36.1
ORD-2024-02438,08/09/2024,2024-08-10,First Class,CUST-2106,John Martin,Consumer,Augusta,Georgia,South,Furniture,Bookcases,Bookcases - Model M159,11,856.51,0.2,7537.29,,22.32
ORD-2021-02439,08/15/2021,2021-08-20,Standard Class,CUST-8217,Mia Miller,Corporate,Tacoma,Washington,West,Clothing,Shoes,Shoes - Model P321,7,20.11,0.3,98.54,31.23,11.93
ORD-2024-02440,04/09/2024,2024-04-09,Same Day,CUST-4229,Charlotte Davis,Consumer,Stamford,Connecticut,East,Office Supplies,Pens,Pens - Model A638,11,7.25,0.0,79.75,17.46,115.57
ORD-2024-02441,10/22/2024,2024-10-26,Standard Class,CUST-4641,Karen Taylor,Consumer,Boston,Massachusetts,East,Clothing,Jackets,Jackets - Model J919,2,296.67,0.1,534.01,245.61,42.52
ORD-2022-02442,06/20/2022,2022-06-24,Second Class,CUST-4418,Joseph Harris,Consumer,Allentown,Pennsylvania,East,Technology,Monitors,Monitors - Model D880,11,1286.65,0.1,12737.84,2194.22,27.76
ORD-2023-02443,04/26/2023,2023-04-30,Standard Class,CUST-0708,Margaret Lopez,Corporate,Sacramento,California,West,Clothing,Shoes,Shoes - Model K480,1,484.83,0.0,484.83,126.85,41.63
ORD-2022-02444,11/26/2022,2022-11-29,Second Class,CUST-2093,John Harris,Corporate,Reno,Nevada,West,Office Supplies,Paper,Paper - Model H943,9,79.95,0.05,683.57,294.89,4.83
ORD-2023-02445,05/20/2023,2023-05-20,Same Day,CUST-9688,Charles Moore,Consumer,Raleigh,North Carolina,South,Office Supplies,Binders,Binders - Model I777,12,196.23,0.25,1766.07,352.44,21.4
ORD-2021-02446,01/03/2021,2021-01-07,Standard Class,CUST-4944,Olivia Martin,Consumer,New York City,New York,East,Technology,Laptops,Laptops - Model E921,1,1281.81,0.05,1217.72,123.5,6.65
ORD-2023-02447,11/10/2023,2023-11-12,First Class,CUST-7963,Christopher Anderson,Consumer,Springfield,Massachusetts,East,Clothing,Shirts,Shirts - Model A610,7,137.76,0.1,867.89,441.16,4.3
ORD-2022-02448,04/03/2022,2022-04-08,Standard Class,CUST-2233,John Anderson,Corporate,Ann Arbor,Michigan,Central,Furniture,Bookcases,Bookcases - Model O235,7,183.84,0.15,1093.85,74.76,33.11
ORD-2021-02449,03/19/2021,2021-03-26,Standard Class,CUST-0697,Daniel Lewis,Consumer,Knoxville,Tennessee,South,Office Supplies,Labels,Labels - Model E193,12,107.02,0.15,1091.6,255.51,26.34
ORD-2023-02450,04/01/2023,2023-04-05,Second Class,CUST-6884,Barbara Sanchez,Corporate,Tacoma,Washington,West,Technology,Monitors,Monitors - Model B280,4,1375.68,0.3,3851.9,-397.75,16.58
ORD-2022-02451,04/04/2022,2022-04-05,First Class,CUST-4860,Linda Davis,Corporate,San Antonio,Texas,Central,Office Supplies,Envelopes,Envelopes - Model K328,12,94.63,0.1,1022.0,260.58,38.18
ORD-2021-02452,08/03/2021,2021-08-09,Standard Class,CUST-0710,Karen Gonzalez,Corporate,Phoenix,Arizona,,Clothing,Accessories,Accessories - Model K260,4,154.75,0.0,619.0,171.42,39.9
ORD-2021-02453,11/23/2021,2021-11-27,Standard Class,CUST-7358,David Lee,Consumer,Rochester,Minnesota,Central,,Jackets,Jackets - Model O614,11,88.43,0.1,875.46,176.64,19.74
ORD-2023-02454,05/14/2023,2023-05-19,Second Class,CUST-4248,Sophia Williams,Corporate,Eugene,Oregon,West,Office Supplies,Pens,Pens - Model K118,12,48.05,0.3,403.62,96.78,45.45
ORD-2022-02455,06/04/2022,2022-06-11,Standard Class,CUST-3326,Mark Clark,Corporate,San Diego,California,West,Clothing,Jackets,Jackets - Model H287,11,282.39,0.05,2950.98,1464.62,18.54
ORD-2022-02456,11/17/2022,2022-11-23,Standard Class,CUST-8263,Jessica Ramirez,Home Office,Naperville,Illinois,Central,Clothing,Accessories,Accessories - Model N123,2,185.87,0.3,260.22,113.02,12.84
ORD-2022-02457,05/04/2022,2022-05-10,Standard Class,CUST-3215,Michael Davis,Corporate,Mesa,Arizona,West,Technology,Monitors,Monitors - Model G304,-8,1422.17,0.0,11377.36,1261.34,25.59
ORD-2024-02458,12/21/2024,2024-12-26,Standard Class,CUST-0324,Robert Martin,Consumer,Columbus,Ohio,Central,Office Supplies,Paper,Paper - Model B553,9,86.71,0.25,585.29,-76.57,17.4
ORD-2022-02459,10/15/2022,2022-10-22,Standard Class,CUST-0472,Ava Moore,Corporate,Naperville,Illinois,Central,,Shirts,Shirts - Model I285,5,241.16,0.0,1205.8,660.82,38.7
ORD-2021-02460,07/10/2021,2021-07-15,Second Class,CUST-4860,Linda Davis,Consumer,Las Vegas,Nevada,West,Furniture,Bookcases,Bookcases - Model J658,6,140.53,0.3,590.23,29.01,19.36
ORD-2023-02461,10/12/2023,2023-10-18,Standard Class,CUST-4964,Nancy Jackson,Corporate,Las Vegas,Nevada,West,Clothing,Jackets,Jackets - Model A843,1,40.09,0.0,40.09,11.26,34.48
ORD-2022-02462,02/19/2022,2022-02-24,Standard Class,CUST-6971,Susan Williams,Consumer,Detroit,Michigan,Central,Clothing,Shoes,Shoes - Model P491,6,137.75,0.0,826.5,198.17,47.07
ORD-2023-02463,08/23/2023,2023-08-26,Second Class,CUST-1780,David Wilson,Consumer,Raleigh,North Carolina,South,Furniture,Bookcases,Bookcases - Model L916,11,1164.12,0.15,10884.52,571.99,12.69
ORD-2024-02464,09/29/2024,2024-10-02,Second Class,CUST-7137,Thomas Gonzalez,Consumer,Jersey City,New Jersey,East,Office Supplies,Labels,Labels - Model H719,8,73.53,0.15,500.0,107.62,21.17
ORD-2022-02465,09/04/2022,2022-09-10,Standard Class,CUST-3655,Karen Clark,Consumer,Tucson,Arizona,West,Clothing,Shoes,Shoes - Model L616,12,352.17,0.0,4226.04,748.96,28.99
ORD-2024-02466,09/03/2024,2024-09-09,Standard Class,CUST-2233,John Anderson,Consumer,Newark,New Jersey,East,Clothing,Shirts,Shirts - Model L887,12,263.68,0.1,,1169.21,33.13
ORD-2022-02467,06/30/2022,2022-07-06,Standard Class,CUST-3662,Patricia Ramirez,Corporate,Ann Arbor,Michigan,Central,Furniture,Desks,Desks - Model B259,10,1348.59,0.1,12137.31,2034.5,27.71
ORD-2021-02468,01/16/2021,2021-01-16,Same Day,CUST-8904,James Hernandez,Consumer,Springfield,Massachusetts,East,Clothing,Shoes,Shoes - Model G960,5,469.67,0.0,2348.35,810.31,41.88
ORD-2023-02469,12/12/2023,2023-12-19,Standard Class,CUST-2627,Margaret Jones,Corporate,Phoenix,Arizona,West,Furniture,Chairs,Chairs - Model P316,7,1400.64,0.0,9804.48,610.02,27.32
ORD-2023-02470,10/12/2023,2023-10-16,Second Class,CUST-4078,Patricia Lee,Consumer,Houston,Texas,Central,Clothing,Shirts,Shirts - Model N273,5,375.9,0.2,1503.6,596.83,28.19
ORD-2024-02471,03/28/2024,2024-04-02,Standard Class,CUST-8330,Mark Moore,Consumer,Augusta,Georgia,South,  Clothing  ,Accessories,Accessories - Model F228,5,252.08,0.3,882.28,-220.08,6.92
ORD-2023-02472,12/27/2023,2024-01-02,Standard Class,CUST-0827,Harper Wilson,Corporate,Boston,Massachusetts,East,Furniture,Desks,Desks - Model E711,9,111.09,0.0,999.81,161.3,11.08
ORD-2021-02473,05/24/2021,2021-05-28,Standard Class,CUST-4964,Nancy Jackson,Consumer,Pittsburgh,Pennsylvania,East,Office Supplies,Labels,Labels - Model F978,3,189.83,0.3,398.64,55.67,6.04
ORD-2021-02474,07/08/2021,2021-07-11,Second Class,CUST-0719,Linda Smith,Consumer,Reno,Nevada,West,Technology,Accessories,Accessories - Model J420,4,1406.16,0.05,5343.41,694.91,16.21
ORD-2022-02475,12/16/2022,2022-12-21,Second Class,CUST-5336,Isabella Williams,Home Office,Atlanta,Georgia,South,Technology,Phones,Phones - Model F445,5,1760.36,0.25,6601.35,762.46,5.31
ORD-2024-02476,04/01/2024,2024-04-05,Standard Class,CUST-7176,Evelyn Ramirez,Consumer,New Haven,Connecticut,East,Technology,Tablets,Tablets - Model N645,11,1827.6,0.15,17088.06,2740.44,10.96
ORD-2021-02477,05/18/2021,2021-05-21,First Class,CUST-7085,Richard Thompson,Consumer,Pittsburgh,Pennsylvania,East,Clothing,Pants,Pants - Model N747,5,491.66,0.1,2212.47,968.49,45.09
ORD-2023-02478,11/06/2023,2023-11-09,First Class,CUST-4672,William Thompson,Corporate,Atlanta,Georgia,South,Furniture,Chairs,Chairs - Model M940,12,1182.93,0.1,12775.64,578.85,49.63
ORD-2022-02479,11/27/2022,2022-12-02,Standard Class,CUST-4933,Nancy Lopez,Consumer,Virginia Beach,Virginia,South,Office Supplies,Paper,Paper - Model N716,11,97.7,0.0,1074.7,129.95,29.79
ORD-2022-02480,03/01/2022,2022-03-06,Standard Class,CUST-4992,Linda Jones,Home Office,San Francisco,California,West,Technology,Phones,Phones - Model L102,11,2379.04,0.15,22244.02,3877.93,47.13
ORD-2023-02481,10/01/2023,2023-10-06,Standard Class,CUST-9622,Susan Perez,Consumer,Jacksonville,Florida,South,Technology,Phones,Phones - Model K798,12,711.72,0.2,6832.51,1053.31,5.8
ORD-2024-02482,12/06/2024,2024-12-12,Standard Class,CUST-6160,Mia Moore,Corporate,Atlanta,Georgia,South,Furniture,Tables,Tables - Model D853,2,205.98,0.15,350.17,23.77,17.95
ORD-2024-02483,07/17/2024,2024-07-22,Second Class,CUST-6032,William White,Corporate,Stamford,Connecticut,East,Technology,Monitors,Monitors - Model C340,7,767.34,0.25,4028.53,-568.36,8.18
ORD-2023-02484,01/25/2023,2023-01-25,Same Day,CUST-1742,Emily Miller,Corporate,Las Vegas,Nevada,West,Technology,Phones,Phones - Model C448,11,580.89,0.2,5111.83,274.04,51.2
ORD-2022-02485,03/07/2022,2022-03-12,Standard Class,CUST-3042,David Perez,Corporate,Norfolk,Virginia,South,Clothing,Shirts,Shirts - Model D480,4,174.04,0.0,696.16,204.34,10.6
ORD-2022-02486,12/06/2022,2022-12-10,Second Class,CUST-1564,Richard Jones,Home Office,Rochester,Minnesota,,Clothing,Shirts,Shirts - Model I521,5,280.17,0.15,1190.72,332.31,49.12
ORD-2021-02487,07/19/2021,2021-07-21,First Class,CUST-1941,James Martinez,Corporate,Portland,Oregon,West,Technology,Phones,Phones - Model G478,4,1438.68,0.0,5754.72,557.57,32.91
ORD-2024-02488,12/01/2024,2024-12-01,Same Day,CUST-5447,Michael Lewis,Consumer,Rochester,Minnesota,Central,Office Supplies,Labels,Labels - Model M643,12,10.48,0.05,,37.29,22.33
ORD-2021-02489,11/29/2021,2021-12-04,Standard Class,CUST-4469,Christopher Johnson,Corporate,Cleveland,Ohio,Central,Technology,Laptops,Laptops - Model P124,4,1157.88,0.05,4399.94,881.33,9.36
ORD-2023-02490,01/25/2023,2023-01-29,Standard Class,CUST-9688,Charles Moore,Consumer,Cincinnati,Ohio,Central,Clothing,Accessories,Accessories - Model C923,4,135.61,0.0,,238.2,18.76
ORD-2024-02491,12/01/2024,2024-12-08,Standard Class,CUST-5322,Jennifer Miller,Consumer,Minneapolis,Minnesota,Central,Technology,Phones,Phones - Model B382,9,2058.39,0.1,16672.96,,7.24
ORD-2021-02492,10/04/2021,2021-10-08,Second Class,CUST-4016,Sarah Hernandez,Consumer,Tampa,Florida,South,,Storage,Storage - Model M249,6,1267.55,0.2,6084.24,207.46,14.91
ORD-2021-02493,11/15/2021,2021-11-19,Second Class,CUST-7605,Barbara Martin,Corporate,San Francisco,California,West,Office Supplies,Paper,Paper - Model P925,7,23.7,0.0,165.9,67.97,16.78
ORD-2022-02494,04/25/2022,2022-04-27,First Class,CUST-0995,Lisa Brown,Corporate,San Antonio,Texas,Central,Clothing,Accessories,Accessories - Model J628,2,459.27,0.0,918.54,138.46,5.09
ORD-2024-02495,12/24/2024,2024-12-24,Same Day,CUST-2225,Isabella Wilson,Consumer,New Haven,Connecticut,East,Furniture,Tables,Tables - Model H661,12,981.29,0.05,11186.71,1005.48,41.89
ORD-2022-02496,08/24/2022,2022-08-29,Second Class,CUST-1780,David Wilson,Consumer,Phoenix,Arizona,West,Technology,Tablets,Tablets - Model G624,11,2489.71,0.0,27386.81,3246.65,31.46
ORD-2021-02497,01/16/2021,2021-01-21,Standard Class,CUST-9006,Michael Johnson,Consumer,Ann Arbor,Michigan,Central,Clothing,Pants,Pants - Model C126,12,255.94,0.0,3071.28,1034.24,47.77
ORD-2021-02498,09/08/2021,2021-09-12,Standard Class,CUST-6986,Sandra Martin,Corporate,Norfolk,Virginia,South,Office Supplies,Paper,Paper - Model J707,6,144.2,0.15,735.42,116.65,22.36
ORD-2022-02499,05/21/2022,2022-05-27,Standard Class,CUST-8671,John Gonzalez,Consumer,Allentown,Pennsylvania,East,Furniture,Storage,Storage - Model B779,3,63.07,0.0,189.21,24.81,32.89
ORD-2023-02500,07/29/2023,2023-08-02,Standard Class,CUST-2448,John Lewis,Consumer,Tacoma,Washington,West,Office Supplies,Envelopes,Envelopes - Model D350,2,59.62,0.2,,14.12,19.9
ORD-2021-02501,05/05/2021,2021-05-10,Standard Class,CUST-6833,Margaret Martin,Consumer,Los Angeles,California,West,Clothing,Jackets,Jackets - Model J289,2,148.18,0.25,222.27,90.44,44.0
ORD-2021-02502,02/26/2021,2021-03-05,Standard Class,CUST-6986,Sandra Martin,Consumer,Augusta,Georgia,South,Furniture,Bookcases,Bookcases - Model B858,5,858.14,0.2,3432.56,453.55,33.22
ORD-2024-02503,06/08/2024,2024-06-13,Second Class,CUST-0827,Harper Wilson,Home Office,Cleveland,Ohio,Central,Technology,Phones,Phones - Model G456,1,2142.42,0.2,1713.94,355.22,31.67
ORD-2023-02504,02/18/2023,2023-02-22,Standard Class,CUST-2627,Margaret Jones,Corporate,Tucson,Arizona,West,Technology,Monitors,Monitors - Model J611,6,166.92,0.15,851.29,150.68,8.15
ORD-2021-02505,12/14/2021,2021-12-19,Second Class,CUST-5336,Isabella Williams,Corporate,Salem,Oregon,West,Furniture,Tables,Tables - Model C927,5,371.48,0.0,1857.4,172.98,48.89
ORD-2021-02506,06/02/2021,2021-06-07,Second Class,CUST-4456,Michael White,Corporate,Grand Rapids,Michigan,Central,Technology,Accessories,Accessories - Model D214,10,2490.23,0.15,21166.95,4857.89,40.01
ORD-2021-02507,08/30/2021,2021-08-30,Same Day,CUST-6437,Linda White,Home Office,Phoenix,Arizona,West,Office Supplies,Labels,Labels - Model M110,3,81.66,0.0,244.98,42.52,109.41
ORD-2022-02508,09/12/2022,2022-09-16,Second Class,CUST-5543,Isabella Hernandez,Corporate,Durham,North Carolina,South,Office Supplies,Envelopes,Envelopes - Model P454,1,104.79,0.0,104.79,23.57,35.3
ORD-2024-02509,12/08/2024,2024-12-15,Standard Class,CUST-6157,Charlotte Miller,Consumer,Los Angeles,California,West,Office Supplies,Binders,Binders - Model I414,4,89.43,0.05,339.83,82.27,22.53
ORD-2021-02510,17-Apr-2021,2021-04-21,standard class,CUST-2508,Richard Lopez,Corporate,Detroit,Michigan,Central,Furniture,Bookcases,Bookcases - Model O760,4,464.9,0.25,1394.7,144.29,23.03
ORD-2023-02511,11/27/2023,2023-11-27,Same Day,CUST-2111,Charlotte Brown,Corporate,Allentown,Pennsylvania,East,Technology,Tablets,Tablets - Model N607,6,2144.66,0.0,12867.96,,99.94
ORD-2022-02512,07/22/2022,2022-07-27,Second Class,CUST-2585,David Sanchez,Consumer,Saint Paul,Minnesota,Central,Technology,Accessories,Accessories - Model O757,1,2089.44,0.15,1776.02,208.64,12.1
ORD-2021-02513,11/10/2021,2021-11-16,Standard Class,CUST-5322,Susan Robinson,Corporate,Spokane,Washington,West,Technology,Laptops,Laptops - Model L491,8,1742.1,0.1,12543.12,758.27,19.57
ORD-2024-02514,08/15/2024,2024-08-21,Standard Class,CUST-6941,Thomas Taylor,Consumer,Raleigh,North Carolina,South,Furniture,Bookcases,Bookcases - Model J259,12,426.4,0.25,3837.6,289.37,8.49
ORD-2021-02515,11/12/2021,2021-11-12,Same Day,CUST-5520,David Taylor,Consumer,Reno,Nevada,West,Furniture,Bookcases,Bookcases - Model K260,12,120.7,0.0,1448.4,217.77,66.63
ORD-2023-02516,12/09/2023,2023-12-14,Standard Class,CUST-8945,Robert Lewis,Home Office,Newark,New Jersey,East,Office Supplies,Envelopes,Envelopes - Model G908,3,13.72,0.0,41.16,10.2,18.67
ORD-2023-02517,03/24/2023,2023-03-30,Standard Class,CUST-4159,Charles Garcia,Home Office,Salem,Oregon,West,Furniture,Tables,Tables - Model M356,10,1363.24,0.0,13632.4,526.58,37.65
ORD-2021-02518,03/10/2021,2021-03-14,Standard Class,CUST-6971,Susan Williams,Consumer,New Haven,Connecticut,,Clothing,Pants,Pants - Model H290,2,419.89,0.0,839.78,359.94,41.85
ORD-2022-02519,12/08/2022,2022-12-15,Standard Class,CUST-0435,Barbara White,Corporate,Tucson,Arizona,West,Technology,Tablets,Tablets - Model G376,3,489.76,0.25,1101.96,237.32,12.42
ORD-2024-02520,11/03/2024,2024-11-09,Standard Class,CUST-9753,Jessica Perez,Consumer,Tucson,Arizona,West,Furniture,Bookcases,Bookcases - Model P400,3,824.88,0.2,,51.35,25.34
ORD-2023-02521,03/14/2023,2023-03-14,Same Day,CUST-8733,Mark Martin,Consumer,Charlotte,North Carolina,South,Technology,Laptops,Laptops - Model B768,6,471.7,0.0,2830.2,676.41,68.56
ORD-2023-02522,01/16/2023,2023-01-20,Standard Class,CUST-5015,Barbara Taylor,Consumer,Newark,New Jersey,East,Furniture,Tables,Tables - Model I385,9,1031.46,0.2,7426.51,882.27,21.67
ORD-2022-02523,07/25/2022,2022-07-29,Second Class,CUST-3655,Karen Clark,Consumer,Jersey City,New Jersey,east,Furniture,Tables,Tables - Model P157,3,207.53,0.1,560.33,78.82,5.72
ORD-2023-02524,03/01/2023,2023-03-08,Standard Class,CUST-8725,Sarah Jones,Consumer,Chicago,Illinois,Central,Office Supplies,Pens,Pens - Model J184,10,150.15,0.1,1351.35,228.98,24.32
ORD-2021-02525,03/09/2021,2021-03-15,Standard Class,CUST-3348,Mark Williams,Consumer,Tampa,Florida,South,Furniture,Bookcases,Bookcases - Model F871,5,613.58,0.1,2761.11,438.72,49.14
ORD-2023-02526,12/25/2023,2023-12-26,First Class,CUST-5792,Jessica Garcia,Consumer,New Haven,Connecticut,East,Clothing,Shoes,Shoes - Model C878,2,47.7,0.25,71.55,-13.74,36.15
ORD-2024-02527,10/27/2024,2024-11-01,Standard Class,CUST-8197,Susan Taylor,Consumer,Philadelphia,Pennsylvania,East,Office Supplies,Paper,Paper - Model O438,8,193.4,0.2,1237.76,161.31,21.45
ORD-2024-02528,10/23/2024,2024-10-25,First Class,CUST-7985,William Anderson,Corporate,Norfolk,Virginia,South,Technology,Accessories,Accessories - Model G340,11,742.45,0.3,5716.86,,11.34
ORD-2023-02529,11/14/2023,2023-11-16,First Class,CUST-3708,Sandra Perez,Consumer,Nashville,Tennessee,South,Clothing,Accessories,Accessories - Model A655,1,245.85,0.15,208.97,66.21,13.45
ORD-2021-02530,11/21/2021,2021-11-25,Standard Class,CUST-0867,Robert Ramirez,Home Office,Tacoma,Washington,West,Technology,Monitors,Monitors - Model E673,1,625.41,0.05,594.14,83.49,6.18
ORD-2021-02531,10/18/2021,2021-10-19,First Class,CUST-7085,Richard Thompson,Corporate,Spokane,Washington,West,Furniture,Bookcases,Bookcases - Model I995,10,511.76,0.0,5117.6,561.78,22.0
ORD-2021-02532,09/15/2021,2021-09-21,Standard Class,CUST-4039,Sarah Perez,Home Office,Minneapolis,Minnesota,Central,Clothing,Pants,Pants - Model C900,10,416.21,0.3,2913.47,559.17,21.99
ORD-2021-02533,06/04/2021,2021-06-08,Standard Class,CUST-9611,Amelia Rodriguez,Corporate,Rochester,New York,East,Furniture,Tables,Tables - Model M840,3,673.26,0.1,1817.8,290.83,17.81
ORD-2021-02534,09/18/2021,2021-09-19,First Class,CUST-8783,,Corporate,Las Vegas,Nevada,West,,Chairs,Chairs - Model K456,4,244.63,0.0,978.52,156.45,20.83
ORD-2024-02535,03/30/2024,2024-04-06,Standard Class,CUST-1597,Nancy Lewis,Corporate,Virginia Beach,Virginia,South,Technology,Accessories,Accessories - Model A659,7,475.05,0.1,2992.82,648.39,39.6
ORD-2021-02536,08/06/2021,2021-08-06,Same Day,CUST-8197,Susan Taylor,Consumer,Naperville,Illinois,Central,Clothing,Shoes,Shoes - Model J590,2,488.32,0.0,976.64,346.53,30.46
ORD-2021-02537,10/03/2021,2021-10-07,Second Class,CUST-5607,Daniel Miller,Consumer,Naperville,Illinois,Central,Office Supplies,Paper,Paper - Model N322,7,116.9,0.3,572.81,125.49,5.04
ORD-2023-02538,02/14/2023,2023-02-14,Same Day,CUST-0011,Margaret Clark,Corporate,Springfield,Massachusetts,East,Clothing,Accessories,Accessories - Model O515,1,372.91,0.0,372.91,85.37,37.97
ORD-2022-02539,09/20/2022,2022-09-24,Standard Class,CUST-0017,,Corporate,Buffalo,New York,East,Furniture,Desks,Desks - Model E403,10,182.27,0.2,1458.16,69.93,11.48
ORD-2023-02540,10/16/2023,2023-10-21,Standard Class,CUST-2361,Betty White,Corporate,Seattle,Washington,West,Furniture,Chairs,Chairs - Model P296,9,166.19,0.0,1495.71,276.73,14.35
ORD-2022-02541,12/22/2022,2022-12-28,Standard Class,CUST-8591,Christopher Gonzalez,Consumer,Salem,Oregon,West,Furniture,Tables,Tables - Model F585,2,65.86,0.15,111.96,6.42,47.89
ORD-2021-02542,06/29/2021,2021-07-06,Standard Class,CUST-7673,Sophia Jones,Corporate,Columbus,Ohio,Central,Technology,Accessories,Accessories - Model H925,4,1911.27,0.1,6880.57,958.1,6.09
ORD-2023-02543,01/05/2023,2023-01-09,Standard Class,CUST-5322,Susan Robinson,Consumer,Minneapolis,Minnesota,Central,Furniture,Tables,Tables - Model B507,9,225.44,0.1,1826.06,148.6,28.45
ORD-2021-02544,03/27/2021,2021-04-01,Second Class,CUST-2380,Thomas Garcia,Home Office,Rochester,New York,East,Technology,Accessories,Accessories - Model F478,5,1512.46,0.05,7184.18,512.63,16.52
ORD-2022-02545,05/25/2022,2022-05-30,Standard Class,CUST-1814,Barbara Williams,Consumer,Tucson,Arizona,West,Office Supplies,Envelopes,Envelopes - Model C541,2,87.01,0.0,174.02,36.81,13.57
ORD-2023-02546,07/17/2023,2023-07-22,Standard Class,CUST-1630,Michael Gonzalez,Corporate,San Antonio,Texas,Central,Office Supplies,Envelopes,Envelopes - Model A527,10,151.07,0.15,1284.09,561.33,40.62
ORD-2021-02547,12/23/2021,2021-12-26,Second Class,CUST-6157,Charlotte Miller,Corporate,Rochester,New York,East,Clothing,Shoes,Shoes - Model E974,1,143.7,0.3,100.59,32.39,5.13
ORD-2021-02548,08/05/2021,2021-08-10,Second Class,CUST-8511,Mia Jones,Corporate,Raleigh,North Carolina,South,Clothing,Jackets,Jackets - Model A897,2,307.69,0.0,615.38,249.4,18.54
ORD-2021-02549,09/05/2021,2021-09-11,Standard Class,CUST-4574,Patricia Taylor,Consumer,Las Vegas,Nevada,West,Office Supplies,Paper,Paper - Model H717,8,26.89,0.2,172.1,45.93,15.5
ORD-2023-02550,06/21/2023,2023-06-25,Standard Class,CUST-5577,Olivia Perez,Corporate,Buffalo,New York,East,Clothing,Pants,Pants - Model N793,12,37.55,0.3,,-58.27,27.1
ORD-2022-02551,11/24/2022,2022-11-30,Standard Class,CUST-6131,Linda Perez,Corporate,Durham,North Carolina,South,Office Supplies,Labels,Labels - Model D992,10,93.72,0.25,702.9,170.98,26.57
ORD-2023-02552,03/14/2023,2023-03-21,Standard Class,CUST-5684,Ava Thomas,Corporate,Portland,Oregon,West,Clothing,Pants,Pants - Model P199,2,236.11,0.0,472.22,253.12,22.99
ORD-2022-02553,03/11/2022,2022-03-17,Standard Class,CUST-0015,Jessica Gonzalez,Corporate,Allentown,Pennsylvania,East,Office Supplies,Labels,Labels - Model E721,5,108.55,0.05,515.61,192.65,4.93
ORD-2024-02554,03/21/2024,2024-03-26,Standard Class,CUST-9544,Isabella Harris,Corporate,Newark,New Jersey,East,Office Supplies,Binders,Binders - Model C419,10,141.55,0.1,1273.95,198.24,5.42
ORD-2022-02555,06/01/2022,2022-06-06,Standard Class,CUST-4874,Margaret Hernandez,Corporate,Hartford,Connecticut,East,Clothing,Jackets,Jackets - Model B416,1,474.75,0.15,403.54,86.18,34.15
ORD-2023-02556,09/21/2023,2023-09-28,Standard Class,CUST-8263,Jessica Ramirez,Home Office,Austin,Texas,Central,Furniture,Chairs,Chairs - Model O908,11,1325.84,0.25,10938.18,849.73,2.02
ORD-2021-02557,02/27/2021,2021-02-28,First Class,CUST-7555,,Consumer,Naperville,Illinois,Central,Furniture,Desks,Desks - Model N205,6,1097.79,0.1,5928.07,244.84,37.54
ORD-2023-02558,11/20/2023,2023-11-25,Standard Class,CUST-7605,Barbara Martin,Consumer,Spokane,Washington,West,Technology,Laptops,Laptops - Model L145,2,1968.47,0.0,3936.94,436.1,14.32
ORD-2024-02559,10/13/2024,2024-10-18,Standard Class,CUST-2627,Margaret Jones,Consumer,Jersey City,New Jersey,,Furniture,Storage,Storage - Model A358,10,1441.45,0.25,10810.88,887.44,16.06
ORD-2023-02560,02/11/2023,2023-02-16,Standard Class,CUST-1780,David Wilson,Consumer,Atlanta,Georgia,South,Office Supplies,Envelopes,Envelopes - Model K167,10,183.95,0.05,1747.52,610.81,28.95
ORD-2021-02561,04/19/2021,2021-04-25,Standard Class,CUST-4945,Isabella Clark,Consumer,Las Vegas,Nevada,West,Office Supplies,Labels,Labels - Model B306,6,128.49,0.05,732.39,297.39,15.95
ORD-2021-02562,09/01/2021,2021-09-06,Standard Class,CUST-5233,Sandra Wilson,Consumer,Atlanta,Georgia,South,Technology,Accessories,Accessories - Model D660,12,2053.63,0.0,24643.56,4315.35,27.5
ORD-2021-02563,07/08/2021,2021-07-13,Standard Class,CUST-6974,David Jones,Consumer,Allentown,Pennsylvania,East,Clothing,Shoes,Shoes - Model D791,2,334.09,0.0,668.18,245.63,47.51
ORD-2021-02564,05/05/2021,2021-05-10,Second Class,CUST-3779,John Thompson,Home Office,Stamford,Connecticut,East,Office Supplies,Envelopes,Envelopes - Model K345,6,85.77,0.1,463.16,153.2,45.37
ORD-2024-02565,05/25/2024,2024-06-01,Standard Class,CUST-1816,Karen Davis,Consumer,Durham,North Carolina,South,Clothing,Pants,Pants - Model J926,1,335.15,0.05,318.39,111.72,14.6
ORD-2024-02566,11/29/2024,2024-12-03,Standard Class,CUST-1630,Michael Gonzalez,Consumer,Buffalo,New York,East,Technology,Laptops,Laptops - Model L885,8,389.18,0.2,2490.75,431.26,31.51
ORD-2022-02567,04/28/2022,2022-05-05,Standard Class,CUST-5470,Harper Hernandez,Corporate,Miami,Florida,South,Furniture,Storage,Storage - Model F555,7,1456.18,0.15,8664.27,1452.19,47.51
ORD-2022-02568,08/29/2022,2022-09-03,Standard Class,CUST-2763,Linda Robinson,Home Office,Saint Paul,Minnesota,Central,OFFICE SUPPLIES,Labels,Labels - Model L841,6,148.34,0.0,890.04,111.88,34.64
ORD-2021-02569,08/18/2021,2021-08-19,First Class,CUST-1060,Lisa Moore,Consumer,Salem,Oregon,West,Technology,Accessories,Accessories - Model I158,6,306.88,0.3,1288.9,284.97,48.73
ORD-2024-02570,11/21/2024,2024-11-27,Standard Class,CUST-3195,Thomas Harris,Consumer,Boston,Massachusetts,East,Furniture,Storage,Storage - Model C126,4,288.64,0.1,1039.1,40.58,4.51
ORD-2024-02571,08/03/2024,2024-08-09,Standard Class,CUST-5543,,Corporate,Tacoma,Washington,West,Office Supplies,Paper,Paper - Model E541,4,93.73,0.0,374.92,102.3,31.15
ORD-2024-02572,09/03/2024,2024-09-10,Standard Class,CUST-6261,Ava Ramirez,Corporate,Austin,Texas,Central,Furniture,Chairs,Chairs - Model F600,5,644.3,0.0,3221.5,559.22,12.28
ORD-2023-02573,01/17/2023,2023-01-17,Same Day,CUST-4229,Charlotte Davis,Corporate,Cleveland,Ohio,Central,Furniture,Storage,Storage - Model K965,10,78.33,0.1,704.97,125.11,14.01
ORD-2022-02574,09/04/2022,2022-09-06,First Class,CUST-6261,Ava Ramirez,Corporate,Pittsburgh,Pennsylvania,East,Office Supplies,Labels,Labels - Model L656,7,182.13,0.25,956.18,241.85,45.14
ORD-2022-02575,10/25/2022,2022-10-27,First Class,CUST-0867,Robert Ramirez,Corporate,Worcester,Massachusetts,East,Clothing,Jackets,Jackets - Model K168,2,193.29,0.0,,106.39,8.59
ORD-2022-02576,11/10/2022,2022-11-17,Standard Class,CUST-9753,Jessica Perez,Consumer,Raleigh,North Carolina,South,Technology,Monitors,Monitors - Model B904,5,1737.17,0.2,6948.68,1513.79,35.25
ORD-2024-02577,07/10/2024,2024-07-16,Standard Class,CUST-2377,Olivia Gonzalez,Corporate,Austin,Texas,Central,Furniture,Bookcases,Bookcases - Model K100,11,969.65,0.0,10666.15,1440.91,9.58
ORD-2022-02578,11/17/2022,2022-11-23,Standard Class,CUST-3131,Mary Brown,Corporate,Minneapolis,Minnesota,,Clothing,Pants,Pants - Model P487,4,168.85,0.0,,340.9,16.09
ORD-2023-02579,08/09/2023,2023-08-13,Second Class,CUST-7703,Anthony Smith,Corporate,San Francisco,California,West,,Storage,Storage - Model K328,11,1485.18,0.05,,1236.48,43.46
ORD-2022-02580,08/24/2022,2022-08-28,Second Class,CUST-1193,Patricia Moore,Home Office,Aurora,Illinois,Central,Office Supplies,Binders,Binders - Model E663,12,95.75,0.15,976.65,124.73,49.59
ORD-2024-02581,03/16/2024,2024-03-20,Standard Class,CUST-4418,,Corporate,Trenton,New Jersey,East,Office Supplies,Labels,Labels - Model N344,4,85.88,0.0,343.52,102.23,31.29
ORD-2021-02582,07/17/2021,2021-07-20,First Class,CUST-2488,Matthew Williams,Consumer,Salem,Oregon,West,Clothing,Jackets,Jackets - Model B128,12,187.45,0.25,1687.05,500.73,14.56
ORD-2024-02583,10/09/2024,2024-10-12,Second Class,CUST-2447,Thomas Miller,Corporate,Los Angeles,California,West,Office Supplies,Paper,Paper - Model F658,11,185.39,0.2,1631.43,346.17,29.37
ORD-2023-02584,08/11/2023,2023-08-15,Standard Class,CUST-9501,Nancy Harris,Consumer,Eugene,Oregon,West,Furniture,Bookcases,Bookcases - Model L954,8,1145.92,0.0,9167.36,1804.27,43.03
ORD-2024-02585,04/01/2024,2024-04-01,Same Day,CUST-5684,,Home Office,Charlotte,North Carolina,South,,Laptops,Laptops - Model L935,2,471.0,0.3,659.4,67.6,29.6
ORD-2024-02586,05/15/2024,2024-05-19,Standard Class,CUST-8783,Christopher Davis,Corporate,Pittsburgh,Pennsylvania,East,Furniture,Tables,Tables - Model N713,11,192.32,0.15,1798.19,161.76,34.3
ORD-2022-02587,05/31/2022,2022-06-04,Standard Class,CUST-6789,James Brown,Home Office,Savannah,Georgia,South,Furniture,Desks,Desks - Model C773,3,69.87,0.1,188.65,16.18,30.15
ORD-2023-02588,02/25/2023,2023-03-02,Standard Class,CUST-4574,Patricia Taylor,Home Office,Trenton,New Jersey,East,Clothing,Pants,Pants - Model G588,6,287.87,0.3,1209.05,-406.16,13.65
ORD-2024-02589,01/13/2024,2024-01-17,Standard Class,CUST-6157,Charlotte Miller,Consumer,Mesa,Arizona,West,Furniture,Tables,Tables - Model P724,6,1319.8,0.0,7918.8,455.52,6.5
ORD-2022-02590,04/27/2022,2022-05-04,Standard Class,CUST-1910,Sarah Thompson,Corporate,Hartford,Connecticut,East,Furniture,Tables,Tables - Model P877,10,979.45,0.3,6856.15,-993.52,10.29
ORD-2021-02591,04/14/2021,2021-04-19,Standard Class,CUST-0702,Matthew Martin,Consumer,Salem,Oregon,West,Clothing,Accessories,Accessories - Model D525,5,297.2,0.25,1114.5,216.84,40.46
ORD-2021-02592,10/17/2021,2021-10-19,First Class,CUST-7302,Harper Williams,Home Office,Rochester,New York,East,Furniture,Tables,Tables - Model I883,2,762.89,0.0,1525.78,178.59,39.5
ORD-2022-02593,04/03/2022,2022-04-08,Standard Class,CUST-3369,Christopher Clark,Consumer,Newark,New Jersey,East,,Accessories,Accessories - Model F440,12,405.35,0.0,4864.2,1698.61,12.7
ORD-2022-02594,12/13/2022,2022-12-19,Standard Class,CUST-0549,Joseph Smith,Consumer,Seattle,Washington,West,Clothing,Accessories,Accessories - Model N666,6,499.65,0.2,2398.32,528.29,6.44
ORD-2023-02595,11/15/2023,2023-11-22,Standard Class,CUST-4967,Sophia Rodriguez,Consumer,New York City,New York,East,Clothing,Jackets,Jackets - Model K783,4,200.55,0.0,802.2,157.64,35.41
ORD-2022-02596,11/13/2022,2022-11-19,Standard Class,CUST-8591,Christopher Gonzalez,Consumer,Tucson,Arizona,West,Furniture,Storage,Storage - Model C962,9,449.39,0.1,3640.06,306.04,34.09
ORD-2024-02597,04/10/2024,2024-04-14,Second Class,CUST-9753,Jessica Perez,Consumer,Hartford,Connecticut,East,,Pens,Pens - Model E795,2,90.66,0.15,154.12,37.63,29.31
ORD-2024-02598,12/16/2024,2024-12-22,Standard Class,CUST-2448,John Lewis,Consumer,Virginia Beach,Virginia,South,Technology,Tablets,Tablets - Model K263,6,379.84,0.3,1595.33,321.05,40.27
ORD-2022-02599,09/03/2022,2022-09-07,Standard Class,CUST-9300,Joseph Taylor,Home Office,Aurora,Illinois,Central,Office Supplies,Binders,Binders - Model C343,10,21.39,0.2,171.12,59.21,31.64
ORD-2023-02600,10/20/2023,2023-10-22,First Class,CUST-6675,Linda Gonzalez,Consumer,Reno,Nevada,West,Technology,Tablets,Tablets - Model I955,3,449.91,0.0,1349.73,111.8,17.23
ORD-2021-02601,01/04/2021,2021-01-09,Standard Class,CUST-6675,Linda Gonzalez,Corporate,San Francisco,California,West,Clothing,Pants,Pants - Model B555,5,457.86,0.25,1716.98,494.86,4.37
ORD-2024-02602,12/13/2024,2024-12-17,Second Class,CUST-3779,John Thompson,Consumer,Springfield,Massachusetts,East,Furniture,Desks,Desks - Model F199,1,810.54,0.3,567.38,30.67,19.55
ORD-2024-02603,10/29/2024,2024-11-04,Standard Class,CUST-6994,Ava Robinson,Home Office,Atlanta,Georgia,South,Technology,Monitors,Monitors - Model L883,9,1431.61,0.3,9019.14,2206.51,27.33
ORD-2021-02604,07/24/2021,2021-07-25,First Class,CUST-0551,Jessica Thomas,Corporate,Sacramento,California,West,Technology,Accessories,Accessories - Model I294,4,1662.16,0.15,5651.34,666.18,40.92
ORD-2022-02605,02/05/2022,2022-02-09,Standard Class,CUST-7605,Barbara Martin,Corporate,Saint Paul,Minnesota,Central,Furniture,Tables,Tables - Model J251,5,1169.51,0.0,5847.55,1028.37,31.42
ORD-2021-02606,06/15/2021,2021-06-20,Standard Class,CUST-9738,Mia Lewis,Consumer,Philadelphia,Pennsylvania,East,Clothing,Pants,Pants - Model J360,8,256.34,0.0,2050.72,1064.56,7.7
ORD-2021-02607,11/05/2021,2021-11-05,Same Day,CUST-8774,Karen Anderson,Consumer,Saint Paul,Minnesota,Central,Office Supplies,Paper,Paper - Model F582,3,199.29,0.1,538.08,176.49,48.19
ORD-2021-02608,03/18/2021,2021-03-19,First Class,CUST-3851,Charles Miller,Corporate,Columbus,Ohio,Central,Clothing,Shoes,Shoes - Model L209,7,208.79,0.0,1461.53,763.63,44.2
ORD-2021-02609,12/09/2021,2021-12-13,Standard Class,CUST-6660,James Williams,Home Office,Grand Rapids,Michigan,Central,Furniture,Chairs,Chairs - Model M240,6,1270.11,0.15,6477.56,236.95,49.18
ORD-2021-02610,02/09/2021,2021-02-14,Second Class,CUST-6484,Harper Miller,Corporate,Newark,New Jersey,East,Office Supplies,Envelopes,Envelopes - Model C862,12,110.26,0.15,1124.65,310.43,43.56
ORD-2022-02611,04/10/2022,2022-04-17,Standard Class,CUST-3211,William Moore,Consumer,Rochester,New York,East,Furniture,Desks,Desks - Model D195,3,905.76,0.3,1902.1,357.9,11.87
ORD-2021-02612,12/27/2021,2021-12-30,First Class,CUST-7555,Sarah Harris,Consumer,Sacramento,California,West,Furniture,Desks,Desks - Model F984,3,876.37,0.15,2234.74,157.87,44.71
ORD-2023-02613,03/17/2023,2023-03-21,Second Class,CUST-7479,Joseph Gonzalez,Consumer,Buffalo,New York,East,Technology,Laptops,Laptops - Model M446,4,919.75,0.1,3311.1,270.55,46.7
ORD-2023-02614,06/23/2023,2023-06-26,First Class,CUST-4313,Emily Davis,Consumer,Stamford,Connecticut,East,Clothing,Shoes,Shoes - Model C604,5,325.57,0.0,1627.85,424.87,19.07
ORD-2022-02615,11/18/2022,2022-11-22,Second Class,CUST-2971,Sandra Taylor,Consumer,Aurora,Illinois,Central,Office Supplies,Pens,Pens - Model O645,1,76.34,0.05,72.52,19.49,31.63
ORD-2024-02616,09/03/2024,2024-09-08,Standard Class,CUST-2652,Jennifer Gonzalez,Corporate,Mesa,Arizona,West,Clothing,Shirts,Shirts - Model D456,7,424.48,0.05,2822.79,1426.06,29.18
ORD-2023-02617,01/29/2023,2023-01-30,First Class,CUST-0064,Mia Davis,Consumer,Cleveland,Ohio,Central,Office Supplies,Paper,Paper - Model I318,11,94.13,0.0,1035.43,358.58,21.96
ORD-2024-02618,11/28/2024,2024-12-02,Second Class,CUST-1814,Barbara Williams,Corporate,Cincinnati,Ohio,Central,Office Supplies,Pens,Pens - Model O482,10,90.89,0.25,681.67,-65.7,9.78
ORD-2024-02619,04/04/2024,2024-04-11,Standard Class,CUST-8969,Evelyn Lewis,Corporate,Savannah,Georgia,South,,Labels,Labels - Model P788,9,66.9,0.25,451.58,127.74,22.69
ORD-2023-02620,09/13/2023,2023-09-20,Standard Class,CUST-7673,Sophia Jones,Consumer,Aurora,Illinois,Central,Office Supplies,Pens,Pens - Model D210,10,180.79,0.0,1807.9,689.19,21.81
ORD-2021-02621,05/26/2021,2021-06-02,Standard Class,CUST-8733,Mark Martin,Corporate,New Haven,Connecticut,East,Technology,Laptops,Laptops - Model L989,10,1619.54,0.05,15385.63,1748.32,40.48
ORD-2024-02622,02/20/2024,2024-02-24,Second Class,CUST-0324,Robert Martin,Consumer,Philadelphia,Pennsylvania,East,,Chairs,Chairs - Model C395,5,1216.29,0.1,5473.31,888.16,7.2
ORD-2023-02623,09/15/2023,2023-09-22,Standard Class,CUST-7605,Barbara Martin,Home Office,Naperville,Illinois,Central,  Technology  ,Accessories,Accessories - Model H257,12,1838.51,0.3,15443.48,-1233.61,6.39
ORD-2021-02624,06/08/2021,2021-06-13,Second Class,CUST-8725,Sarah Jones,Corporate,Charlotte,North Carolina,South,,Shoes,Shoes - Model B665,8,243.28,0.05,1848.93,629.23,48.61
ORD-2021-02625,08/05/2021,2021-08-12,Standard Class,CUST-3851,Charles Miller,Corporate,Boston,Massachusetts,East,Technology,Phones,Phones - Model M752,10,2284.65,0.25,17134.88,-1768.47,24.17
ORD-2021-02626,05/10/2021,2021-05-15,Second Class,CUST-3662,Patricia Ramirez,Consumer,Grand Rapids,Michigan,Central,,Shirts,Shirts - Model A639,6,395.36,0.25,1779.12,296.06,41.81
ORD-2021-02627,11/25/2021,2021-11-26,First Class,CUST-8671,John Gonzalez,Consumer,Las Vegas,Nevada,West,Technology,Phones,Phones - Model C879,9,2276.23,0.2,16388.86,2675.62,39.91
ORD-2024-02628,12/19/2024,2024-12-23,Standard Class,CUST-1388,Elizabeth Robinson,Consumer,Hartford,Connecticut,East,Office Supplies,Paper,Paper - Model C910,7,47.42,0.0,331.94,98.1,37.7
ORD-2023-02629,12/14/2023,2023-12-21,Standard Class,CUST-4919,Emily Sanchez,Corporate,Memphis,Tennessee,South,Clothing,Pants,Pants - Model D164,8,19.68,0.0,157.44,74.8,14.15
ORD-2022-02630,09/10/2022,2022-09-15,Standard Class,CUST-9753,Jessica Perez,Consumer,Allentown,Pennsylvania,East,Furniture,Desks,Desks - Model I751,9,104.09,0.25,702.61,133.89,48.6
ORD-2021-02631,01/05/2021,2021-01-11,Standard Class,CUST-4944,Olivia Martin,Consumer,Savannah,Georgia,South,Technology,Accessories,Accessories - Model K394,9,1134.45,0.0,10210.05,2233.68,48.16
ORD-2021-02632,11/11/2021,2021-11-16,Standard Class,CUST-9300,Joseph Taylor,Consumer,Rochester,Minnesota,Central,Clothing,Shoes,Shoes - Model N951,12,395.06,0.25,3555.54,931.66,10.03
ORD-2023-02633,11/12/2023,2023-11-18,Standard Class,CUST-6258,Betty Thompson,Consumer,Nashville,Tennessee,South,Furniture,Chairs,Chairs - Model M527,7,1304.44,0.2,7304.86,375.72,20.16
ORD-2024-02634,07/19/2024,2024-07-23,Second Class,CUST-4570,Anthony Lewis,Home Office,Norfolk,Virginia,South,Clothing,Shirts,Shirts - Model N404,10,170.55,0.1,1534.95,836.5,48.56
ORD-2024-02635,07/30/2024,2024-08-03,Standard Class,CUST-8993,Margaret Wilson,Corporate,Virginia Beach,Virginia,South,Clothing,Shirts,Shirts - Model L302,5,91.98,0.3,321.93,-128.46,27.01
ORD-2023-02636,08/09/2023,2023-08-15,Standard Class,CUST-3664,Thomas Moore,Home Office,Grand Rapids,Michigan,Central,Office Supplies,Binders,Binders - Model P981,5,154.16,0.1,,307.51,35.05
ORD-2022-02637,12/03/2022,2022-12-07,Standard Class,CUST-6032,William White,Consumer,Miami,Florida,South,Clothing,Shoes,Shoes - Model K874,10,154.0,0.05,1463.0,,28.55
ORD-2022-02638,11/17/2022,2022-11-24,Standard Class,CUST-5049,Patricia Garcia,Corporate,Philadelphia,Pennsylvania,East,Furniture,Storage,Storage - Model N935,6,1162.44,0.15,5928.44,442.19,45.28
ORD-2021-02639,11/01/2021,2021-11-08,Standard Class,CUST-6127,Ava Anderson,Home Office,Chicago,Illinois,Central,Technology,Monitors,Monitors - Model C474,11,1169.48,0.0,12864.28,898.7,16.91
ORD-2021-02640,11/02/2021,2021-11-08,Standard Class,CUST-2984,Ava Hernandez,Corporate,Hartford,Connecticut,East,Office Supplies,Binders,Binders - Model C215,6,109.98,0.2,527.9,115.22,29.69
ORD-2021-02641,05/12/2021,2021-05-14,First Class,CUST-2883,Mary Johnson,Consumer,Aurora,Illinois,  Central  ,Technology,Phones,Phones - Model C163,1,1628.93,0.1,1466.04,159.77,2.73
ORD-2021-02642,10/12/2021,2021-10-18,Standard Class,CUST-5359,Joseph Williams,Consumer,Reno,Nevada,West,Clothing,Pants,Pants - Model A954,11,267.81,0.2,2356.73,1167.53,46.84
ORD-2023-02643,03/18/2023,2023-03-22,Standard Class,CUST-4967,Sophia Rodriguez,Corporate,Chicago,Illinois,Central,Clothing,Jackets,Jackets - Model H980,10,256.44,0.25,1923.3,-511.61,48.88
ORD-2022-02644,01/16/2022,2022-01-20,Second Class,CUST-4078,Patricia Lee,Consumer,Reno,Nevada,West,Furniture,Storage,Storage - Model C522,8,471.68,0.0,3773.44,544.49,36.86
ORD-2022-02645,10/03/2022,2022-10-09,Standard Class,CUST-2763,Linda Robinson,Consumer,Reno,Nevada,West,Furniture,Storage,Storage - Model P920,3,987.99,0.15,2519.37,420.81,24.0
ORD-2024-02646,02/29/2024,2024-03-06,Standard Class,CUST-5577,Olivia Perez,Corporate,Eugene,Oregon,West,Office Supplies,Binders,Binders - Model D121,1,24.33,0.2,19.46,2.75,38.53
ORD-2023-02647,08/28/2023,2023-08-30,First Class,CUST-1902,Susan Johnson,Corporate,Springfield,Massachusetts,East,Clothing,Accessories,Accessories - Model M493,3,488.47,0.2,1172.33,454.66,42.78
ORD-2022-02648,03/17/2022,2022-03-22,Second Class,CUST-1814,Barbara Williams,Corporate,Miami,Florida,South,Office Supplies,Binders,Binders - Model K981,11,38.29,0.15,358.01,85.96,11.89
ORD-2023-02649,09/26/2023,2023-10-03,Standard Class,CUST-0710,Karen Gonzalez,Consumer,Austin,Texas,Central,Furniture,Chairs,Chairs - Model D164,8,546.05,0.25,3276.3,-141.91,21.74
ORD-2022-02650,08/26/2022,2022-08-29,Second Class,CUST-9977,Linda Anderson,Consumer,Jersey City,New Jersey,East,Clothing,Accessories,Accessories - Model P171,8,466.59,0.05,3546.08,991.0,34.84
ORD-2024-02651,05/31/2024,2024-06-01,First Class,CUST-5336,Isabella Williams,Consumer,Buffalo,New York,East,Office Supplies,Envelopes,Envelopes - Model F838,8,44.16,0.2,282.62,106.02,11.56
ORD-2022-02652,02/18/2022,2022-02-25,Standard Class,CUST-8330,Mark Moore,Consumer,Mesa,Arizona,West,  Clothing  ,Accessories,Accessories - Model J256,11,350.38,0.25,2890.63,-471.43,23.11
ORD-2021-02653,12/08/2021,2021-12-13,Standard Class,CUST-4365,Amelia Jackson,Consumer,Springfield,Massachusetts,East,Office Supplies,Envelopes,Envelopes - Model K678,5,59.68,0.2,238.72,47.74,29.45
ORD-2022-02654,11/25/2022,2022-11-29,Standard Class,CUST-5792,Jessica Garcia,Consumer,Saint Paul,Minnesota,Central,Furniture,Chairs,Chairs - Model B502,12,1048.99,0.0,12587.88,1873.55,38.01
ORD-2023-02655,04/18/2023,2023-04-21,First Class,CUST-4248,Joseph Jackson,Corporate,Saint Paul,Minnesota,Central,Technology,Accessories,Accessories - Model L508,2,538.21,0.0,1076.42,233.91,37.26
ORD-2022-02656,05/08/2022,2022-05-14,Standard Class,CUST-9611,Amelia Rodriguez,Home Office,Salem,Oregon,West,Furniture,Chairs,Chairs - Model A575,11,459.61,0.15,4297.35,716.27,38.64
ORD-2023-02657,07/13/2023,2023-07-16,First Class,CUST-1968,Barbara Lewis,Home Office,Eugene,Oregon,West,Furniture,Chairs,Chairs - Model M350,4,1143.92,0.15,3889.33,232.99,39.69
ORD-2022-02658,05/12/2022,2022-05-16,Second Class,CUST-6156,Sophia Clark,Consumer,Jersey City,New Jersey,East,Clothing,Shirts,Shirts - Model F947,6,21.38,0.2,102.62,32.95,4.14
ORD-2023-02659,03/03/2023,2023-03-07,Standard Class,CUST-7479,Joseph Gonzalez,Consumer,Trenton,New Jersey,East,Clothing,Jackets,Jackets - Model L980,12,112.5,0.2,1080.0,491.72,14.22
ORD-2022-02660,07/10/2022,2022-07-13,Second Class,CUST-3690,Emily Anderson,Corporate,Portland,Oregon,West,Clothing,Accessories,Accessories - Model J627,4,165.99,0.2,531.17,90.32,2.26
ORD-2021-02661,05/18/2021,2021-05-23,Second Class,CUST-0995,Lisa Brown,Consumer,Buffalo,New York,East,Furniture,Bookcases,Bookcases - Model C679,2,773.75,0.05,1470.12,177.33,43.09
ORD-2024-02662,06/04/2024,2024-06-07,First Class,CUST-7176,Evelyn Ramirez,Consumer,New York City,New York,East,Office Supplies,Envelopes,Envelopes - Model N862,1,22.3,0.0,22.3,9.76,22.69
ORD-2023-02663,06/20/2023,2023-06-24,Second Class,CUST-7060,Richard Martinez,Corporate,Spokane,Washington,West,Furniture,Tables,Tables - Model D915,7,1312.29,0.15,7808.13,1271.58,5.86
ORD-2023-02664,09/29/2023,2023-10-02,Second Class,CUST-9788,William Rodriguez,Consumer,Grand Rapids,Michigan,Central,Furniture,Bookcases,Bookcases - Model N919,3,1181.63,0.15,3013.16,246.13,13.86
ORD-2023-02665,05-Oct-2023,2023-10-12,Standard Class,CUST-4414,John Smith,Consumer,Savannah,Georgia,South,Technology,Accessories,Accessories - Model G710,2,1166.62,0.25,1749.93,-81.58,11.33
ORD-2021-02666,12/19/2021,2021-12-25,Standard Class,CUST-8899,Jennifer White,Consumer,Portland,Oregon,West,Clothing,Jackets,Jackets - Model N965,11,480.99,0.25,3968.17,-913.68,22.54
ORD-2022-02667,10/08/2022,2022-10-11,Second Class,CUST-7934,Charlotte Jackson,Corporate,Las Vegas,Nevada,West,Office Supplies,Pens,Pens - Model P582,5,164.64,0.15,699.72,84.2,38.94
ORD-2022-02668,11/29/2022,2022-12-03,Second Class,CUST-9484,Matthew Rodriguez,Corporate,Rochester,New York,East,Clothing,Accessories,Accessories - Model N806,12,117.38,0.25,1056.42,-452.21,5.75
ORD-2022-02669,12/23/2022,2022-12-25,First Class,CUST-2448,John Lewis,Corporate,Pittsburgh,Pennsylvania,East,Office Supplies,Envelopes,Envelopes - Model E725,12,145.54,0.25,1309.86,-193.02,9.54
ORD-2024-02670,12/31/2024,2025-01-07,Standard Class,CUST-0011,Margaret Clark,Corporate,Dallas,Texas,Central,Clothing,Shoes,Shoes - Model I418,2,26.4,0.3,36.96,9.27,45.3
ORD-2021-02671,08/18/2021,2021-08-22,Second Class,CUST-9635,Mia Martinez,Home Office,Portland,Oregon,West,Furniture,Bookcases,Bookcases - Model D597,4,1040.6,0.0,4162.4,694.27,45.93
ORD-2022-02672,11/09/2022,2022-11-15,Standard Class,CUST-2448,John Lewis,Consumer,Reno,Nevada,West,Clothing,Accessories,Accessories - Model O638,9,260.88,0.1,2113.13,612.52,26.03
ORD-2024-02673,13-Dec-2024,2024-12-19,Standard Class,CUST-0245,Michael Harris,Corporate,Worcester,Massachusetts,East,Clothing,Accessories,Accessories - Model J526,2,327.18,0.0,654.36,341.84,30.27
ORD-2021-02674,12/29/2021,2022-01-03,Standard Class,CUST-0472,Ava Moore,Corporate,Chicago,Illinois,Central,Clothing,Shoes,Shoes - Model N655,11,491.43,0.3,3784.01,-471.43,47.22
ORD-2022-02675,11/09/2022,2022-11-15,Standard Class,CUST-4835,Lisa Smith,Home Office,Savannah,Georgia,South,Clothing,Shoes,Shoes - Model L964,2,499.24,0.05,948.56,224.24,10.53
ORD-2024-02676,02/27/2024,2024-03-01,First Class,CUST-2111,Charlotte Brown,Consumer,Tucson,Arizona,West,Office Supplies,Labels,Labels - Model F873,12,118.94,0.0,1427.28,293.1,17.23
ORD-2023-02677,12/05/2023,2023-12-12,Standard Class,CUST-7033,Lisa Martin,Consumer,Tucson,Arizona,West,Furniture,Desks,Desks - Model J746,6,623.92,0.0,3743.52,743.99,36.62
ORD-2021-02678,09/04/2021,2021-09-05,First Class,CUST-2093,John Harris,Home Office,Augusta,Georgia,South,Furniture,Chairs,Chairs - Model B632,6,878.16,0.0,5268.96,401.11,48.67
ORD-2021-02679,03/02/2021,2021-03-08,Standard Class,CUST-5088,Isabella Anderson,Consumer,Chicago,Illinois,Central,Clothing,Pants,Pants - Model G179,4,156.48,0.0,625.92,171.83,16.03
ORD-2024-02680,07/06/2024,2024-07-09,First Class,CUST-2380,Thomas Garcia,Corporate,Hartford,Connecticut,East,Office Supplies,Binders,Binders - Model F200,1,163.5,0.25,122.62,18.09,28.02
ORD-2021-02681,12/01/2021,2021-12-01,Same Day,CUST-5792,Jessica Garcia,Home Office,Naperville,Illinois,Central,Furniture,Tables,Tables - Model I803,1,1003.78,0.1,903.4,113.49,102.98
ORD-2024-02682,06/28/2024,2024-07-05,Standard Class,CUST-8467,Olivia Wilson,Home Office,Tucson,Arizona,West,Office Supplies,Envelopes,Envelopes - Model B534,6,185.35,0.3,778.47,323.54,26.36
ORD-2021-02683,11/30/2021,2021-12-07,Standard Class,CUST-9544,Isabella Harris,Consumer,New Haven,Connecticut,East,Technology,Monitors,Monitors - Model G974,12,1656.54,0.0,19878.48,2952.57,36.62
ORD-2023-02684,12/07/2023,2023-12-09,First Class,CUST-0472,Ava Moore,Consumer,Reno,Nevada,West,Furniture,Bookcases,Bookcases - Model J300,1,1058.11,0.0,1058.11,62.95,28.16
ORD-2023-02685,10/23/2023,2023-10-25,First Class,CUST-2652,Jennifer Gonzalez,Consumer,Cleveland,Ohio,Central,Technology,Monitors,Monitors - Model N655,11,1844.83,0.1,,3108.69,26.54
ORD-2024-02686,11/28/2024,2024-12-05,Standard Class,CUST-8899,Jennifer White,Corporate,Phoenix,Arizona,West,Technology,Laptops,Laptops - Model P475,6,2426.76,0.25,10920.42,1706.42,15.77
ORD-2023-02687,09/19/2023,2023-09-26,Standard Class,CUST-2517,Jessica Lopez,Home Office,Phoenix,Arizona,West,Technology,Monitors,Monitors - Model D327,3,417.74,0.15,1065.24,261.72,19.79
ORD-2022-02688,11/14/2022,2022-11-16,First Class,CUST-0011,Margaret Clark,Consumer,Cincinnati,Ohio,Central,Clothing,Pants,Pants - Model D393,10,83.84,0.2,670.72,213.8,8.98
ORD-2024-02689,09/08/2024,2024-09-09,First Class,CUST-1446,Elizabeth Moore,Consumer,Phoenix,Arizona,West,Technology,Phones,Phones - Model E361,6,1337.76,0.3,5618.59,1041.66,7.43
ORD-2023-02690,07/31/2023,2023-08-05,Second Class,CUST-2448,John Lewis,Corporate,Memphis,Tennessee,South,Furniture,Storage,Storage - Model G841,4,804.66,0.2,2574.91,308.23,12.09
ORD-2023-02691,03/28/2023,2023-04-02,Second Class,CUST-0454,Thomas Johnson,Consumer,Hartford,Connecticut,,Clothing,Jackets,Jackets - Model F860,3,132.24,0.0,396.72,137.45,41.74
ORD-2024-02692,05/20/2024,2024-05-23,Second Class,CUST-9977,Linda Anderson,Corporate,Hartford,Connecticut,,Technology,Accessories,Accessories - Model I711,7,124.68,0.05,829.12,195.6,46.6
ORD-2021-02693,12/28/2021,2022-01-02,Standard Class,CUST-7493,Elizabeth Lee,Corporate,Reno,Nevada,West,Clothing,Pants,Pants - Model C157,8,208.04,0.25,1248.24,557.22,39.14
ORD-2023-02694,04/27/2023,2023-05-01,Standard Class,CUST-6974,David Jones,Corporate,Detroit,Michigan,Central,,Labels,Labels - Model O371,7,101.27,0.05,673.45,118.54,19.35
ORD-2024-02695,11/18/2024,2024-11-22,Standard Class,CUST-8013,Michael Lopez,Corporate,Portland,Oregon,West,Furniture,Tables,Tables - Model I669,12,724.18,0.05,8255.65,743.96,7.22
ORD-2024-02696,01/04/2024,2024-01-09,Standard Class,CUST-2233,John Anderson,Consumer,New Haven,Connecticut,East,Technology,Accessories,Accessories - Model H473,8,497.09,0.25,2982.54,-267.0,24.84
ORD-2021-02697,10/29/2021,2021-11-04,Standard Class,CUST-3348,Mark Williams,Corporate,Buffalo,New York,East,Office Supplies,Labels,Labels - Model A127,10,125.14,0.3,875.98,219.05,46.78
ORD-2024-02698,03/10/2024,2024-03-16,Standard Class,CUST-7508,Patricia Perez,Corporate,Norfolk,Virginia,South,Technology,Tablets,Tablets - Model O865,4,894.61,0.25,2683.83,-167.98,40.15
ORD-2022-02699,04/26/2022,2022-05-03,STANDARD CLASS,CUST-4945,Isabella Clark,Corporate,Buffalo,New York,East,Furniture,Tables,Tables - Model E814,7,481.99,0.2,2699.14,408.87,6.06
ORD-2022-02700,10/26/2022,2022-11-01,Standard Class,CUST-8858,Patricia Davis,Home Office,Las Vegas,Nevada,West,Clothing,Shoes,Shoes - Model P882,12,224.08,0.05,2554.51,1258.23,35.21
ORD-2022-02701,12/16/2022,2022-12-23,Standard Class,CUST-0867,Robert Ramirez,Home Office,Springfield,Massachusetts,East,Furniture,Chairs,Chairs - Model P450,1,110.36,0.2,88.29,11.49,38.97
ORD-2024-02702,06/19/2024,2024-06-24,Standard Class,CUST-9456,Amelia Martin,Consumer,Norfolk,Virginia,South,  Office Supplies  ,Pens,Pens - Model L546,6,38.18,0.0,229.08,33.1,16.58
ORD-2024-02703,01/03/2024,2024-01-07,Second Class,CUST-9484,Matthew Rodriguez,Consumer,Mesa,Arizona,West,Furniture,Tables,Tables - Model B344,9,146.33,0.2,1053.58,131.79,30.19
ORD-2021-02704,03/27/2021,2021-03-31,Standard Class,CUST-9456,Amelia Martin,Corporate,Ann Arbor,Michigan,,Furniture,Bookcases,Bookcases - Model D766,2,1217.51,0.3,1704.51,-234.36,26.12
ORD-2021-02705,11/20/2021,2021-11-22,First Class,CUST-8490,Joseph Anderson,Corporate,Boston,Massachusetts,East,Office Supplies,Binders,Binders - Model O924,9,117.44,0.2,845.57,124.5,29.66
ORD-2022-02706,11/26/2022,2022-12-02,Standard Class,CUST-2232,Anthony Hernandez,Consumer,Rochester,New York,East,Furniture,Chairs,Chairs - Model D253,11,630.34,0.1,6240.37,913.0,28.22
ORD-2023-02707,12/18/2023,2023-12-22,Standard Class,CUST-2644,Isabella Johnson,Consumer,Tampa,Florida,South,Clothing,Jackets,Jackets - Model J570,2,314.88,0.0,629.76,322.3,32.79
ORD-2021-02708,16-Apr-2021,2021-04-23,Standard Class,CUST-6986,Sandra Martin,Consumer,Worcester,Massachusetts,East,Furniture,Chairs,Chairs - Model B953,6,606.97,0.0,3641.82,455.93,49.97
ORD-2022-02709,07/12/2022,2022-07-13,First Class,CUST-9286,Christopher Miller,Consumer,Augusta,Georgia,South,Clothing,Shoes,Shoes - Model L980,7,222.06,0.0,1554.42,759.45,41.84
ORD-2021-02710,03/01/2021,2021-03-08,Standard Class,CUST-3761,James Lewis,Consumer,Trenton,New Jersey,East,Clothing,Accessories,Accessories - Model G945,8,290.74,0.05,2209.62,847.29,46.48
ORD-2022-02711,09/24/2022,2022-09-27,Second Class,CUST-5359,Joseph Williams,Consumer,Nashville,Tennessee,South,Clothing,Shirts,Shirts - Model D127,3,233.23,0.1,629.72,219.67,45.65
ORD-2022-02712,09/24/2022,2022-09-26,First Class,CUST-9924,Elizabeth Thompson,Corporate,Los Angeles,California,West,Clothing,Pants,Pants - Model H596,8,104.15,0.3,583.24,-101.57,13.97
ORD-2024-02713,06/07/2024,2024-06-11,Standard Class,CUST-2508,Richard Lopez,Consumer,Richmond,Virginia,South,Clothing,Pants,Pants - Model G855,3,262.34,0.1,708.32,285.62,40.55
ORD-2023-02714,05/04/2023,2023-05-09,Second Class,CUST-2232,Anthony Hernandez,Consumer,Naperville,Illinois,Central,Technology,Phones,Phones - Model L669,10,1661.11,0.05,15780.54,2507.45,17.73
ORD-2023-02715,02/02/2023,2023-02-06,Second Class,CUST-2488,Matthew Williams,Home Office,Richmond,Virginia,South,Technology,Monitors,Monitors - Model B592,8,1571.44,0.1,11314.37,1966.94,36.75
ORD-2021-02716,08/07/2021,2021-08-11,Second Class,CUST-0454,Thomas Johnson,Home Office,Tampa,Florida,South,Clothing,Shoes,Shoes - Model C710,11,301.02,0.1,2980.1,578.76,6.47
ORD-2021-02717,01/08/2021,2021-01-14,Standard Class,CUST-8511,Mia Jones,Home Office,Pittsburgh,Pennsylvania,East,Office Supplies,Binders,Binders - Model M325,8,186.37,0.25,1118.22,-204.47,18.91
ORD-2024-02718,11/12/2024,2024-11-13,First Class,CUST-3215,Michael Davis,Consumer,Dallas,Texas,Central,Furniture,Bookcases,Bookcases - Model N375,9,1274.02,0.0,11466.18,1315.96,20.82
ORD-2022-02719,10/02/2022,2022-10-06,Standard Class,CUST-0675,,Corporate,Tacoma,Washington,West,Furniture,Tables,Tables - Model C774,6,150.64,0.05,858.65,29.11,48.97
ORD-2022-02720,12/09/2022,2022-12-16,Standard Class,CUST-9286,Christopher Miller,Home Office,Savannah,Georgia,South,Office Supplies,Envelopes,Envelopes - Model G556,3,150.13,0.05,427.87,158.07,44.67
ORD-2021-02721,08/14/2021,2021-08-19,Standard Class,CUST-8884,Thomas Jones,Consumer,Ann Arbor,Michigan,Central,Office Supplies,Labels,Labels - Model I777,4,25.78,0.15,87.65,30.12,34.68
ORD-2022-02722,12/16/2022,2022-12-21,Second Class,CUST-2131,Matthew Smith,Consumer,Las Vegas,Nevada,West,Clothing,Shirts,Shirts - Model P455,7,177.36,0.25,931.14,359.33,4.67
ORD-2021-02723,09/13/2021,2021-09-17,Standard Class,CUST-1344,Lisa Williams,Corporate,Portland,Oregon,West,Office Supplies,Pens,Pens - Model K179,10,179.78,0.0,1797.8,,19.72
ORD-2021-02724,09/22/2021,2021-09-22,Same Day,CUST-4997,Margaret Moore,Consumer,New York City,New York,East,Technology,Accessories,Accessories - Model I721,2,795.5,0.15,1352.35,125.05,34.45
ORD-2024-02725,11/12/2024,2024-11-19,Standard Class,CUST-6994,Ava Robinson,Consumer,Ann Arbor,Michigan,Central,Clothing,Jackets,Jackets - Model C459,8,121.67,0.25,730.02,233.74,14.97
ORD-2024-02726,12/21/2024,2024-12-25,Standard Class,CUST-1630,Michael Gonzalez,Corporate,Rochester,New York,East,Clothing,Shirts,Shirts - Model J453,2,162.7,0.15,276.59,52.4,29.96
ORD-2024-02727,11/15/2024,2024-11-19,Standard Class,CUST-4469,Christopher Johnson,Corporate,Las Vegas,Nevada,West,Clothing,Shoes,Shoes - Model C965,9,34.31,0.1,277.91,68.5,26.98
ORD-2021-02728,05/21/2021,2021-05-21,Same Day,CUST-0230,Margaret Williams,Consumer,Las Vegas,Nevada,West,Technology,Accessories,Accessories - Model A906,5,1822.48,0.2,7289.92,766.13,45.85
ORD-2022-02729,11/29/2022,2022-12-06,Standard Class,CUST-8197,Susan Taylor,Corporate,Los Angeles,California,West,Technology,Phones,Phones - Model F604,11,2069.14,0.05,21622.51,4170.97,8.66
ORD-2023-02730,07/25/2023,2023-07-30,Standard Class,CUST-9788,William Rodriguez,Corporate,Reno,Nevada,West,Clothing,Shirts,Shirts - Model K699,1,137.58,0.05,130.7,38.25,17.71
ORD-2021-02731,10/16/2021,2021-10-16,Same Day,CUST-5684,,Home Office,Seattle,Washington,West,Clothing,Pants,Pants - Model J963,6,57.31,0.15,292.28,138.47,75.49
ORD-2022-02732,11/30/2022,2022-12-06,Standard Class,CUST-2585,David Sanchez,Consumer,Sacramento,California,West,Office Supplies,Paper,Paper - Model I770,12,49.99,0.2,479.9,96.86,39.97
ORD-2024-02733,05/30/2024,2024-06-04,Second Class,CUST-5494,Sandra Gonzalez,Corporate,New Haven,Connecticut,East,Office Supplies,Binders,Binders - Model N141,1,83.72,0.3,58.6,21.29,10.79
ORD-2022-02734,01/23/2022,2022-01-29,Standard Class,CUST-4217,Emily Moore,Consumer,Boston,Massachusetts,East,Office Supplies,Labels,Labels - Model F259,6,14.63,0.25,65.84,13.01,10.45
ORD-2022-02735,07/09/2022,2022-07-15,Standard Class,CUST-8013,Michael Lopez,Consumer,New York City,New York,East,Furniture,Bookcases,Bookcases - Model P517,7,540.17,0.25,2835.89,-26.13,10.05
ORD-2024-02736,11/08/2024,2024-11-13,Standard Class,CUST-8467,Olivia Wilson,Corporate,Saint Paul,Minnesota,Central,Office Supplies,Binders,Binders - Model C408,5,147.94,0.05,702.72,273.07,18.12
ORD-2024-02737,10/16/2024,2024-10-21,Standard Class,CUST-5948,Emily Taylor,Corporate,Springfield,Massachusetts,East,Furniture,Storage,Storage - Model E470,3,576.32,0.1,1556.06,91.38,31.92
ORD-2022-02738,01/29/2022,2022-02-03,Standard Class,CUST-6776,Sophia Miller,Home Office,Buffalo,New York,East,,Shoes,Shoes - Model A905,7,476.9,0.0,3338.3,1798.84,14.28
ORD-2021-02739,07/28/2021,2021-08-01,Standard Class,CUST-5383,Lisa Sanchez,Corporate,New York City,New York,East,,Laptops,Laptops - Model F205,12,392.71,0.15,4005.64,970.31,7.12
ORD-2021-02740,07/17/2021,2021-07-20,Second Class,CUST-4967,Sophia Rodriguez,Corporate,Seattle,Washington,West,Furniture,Tables,Tables - Model N938,4,953.03,0.2,3049.7,469.31,37.83
ORD-2021-02741,08/22/2021,2021-08-28,Standard Class,CUST-7060,Richard Martinez,Consumer,Trenton,New Jersey,East,Clothing,Shoes,Shoes - Model O605,9,255.02,0.0,2295.18,1047.32,48.08
ORD-2024-02742,12/22/2024,2024-12-27,Standard Class,CUST-2233,John Anderson,Consumer,Tucson,Arizona,West,Clothing,Pants,Pants - Model K463,5,213.12,0.0,1065.6,248.34,36.43
ORD-2024-02743,02/27/2024,2024-03-05,Standard Class,CUST-5792,Jessica Garcia,Consumer,Virginia Beach,Virginia,South,Furniture,Storage,Storage - Model D462,5,530.88,0.0,2654.4,270.04,49.42
ORD-2024-02744,02/20/2024,2024-02-22,First Class,CUST-2448,John Lewis,Corporate,Las Vegas,Nevada,West,Office Supplies,Paper,Paper - Model H114,10,123.17,0.3,862.19,217.06,5.76
ORD-2023-02745,12/04/2023,2023-12-09,Second Class,CUST-5462,Joseph Davis,Home Office,Knoxville,Tennessee,South,Technology,Monitors,Monitors - Model D742,10,761.46,0.25,5710.95,-277.19,33.65
ORD-2024-02746,05/10/2024,2024-05-16,Standard Class,CUST-5336,Isabella Williams,Consumer,Eugene,Oregon,West,Furniture,Bookcases,Bookcases - Model G441,4,327.97,0.25,983.91,25.75,41.12
ORD-2024-02747,05/23/2024,2024-05-24,First Class,CUST-6789,James Brown,Consumer,Saint Paul,Minnesota,Central,Technology,Accessories,Accessories - Model F168,1,1795.36,0.2,1436.29,173.66,42.72
ORD-2021-02748,06/22/2021,2021-06-27,Second Class,CUST-7493,Elizabeth Lee,Consumer,Worcester,Massachusetts,East,Technology,Phones,Phones - Model K462,8,1263.41,0.0,10107.28,2389.86,34.66
ORD-2024-02749,09/16/2024,2024-09-22,Standard Class,CUST-6019,Anthony Martin,Consumer,Springfield,Massachusetts,East,Clothing,Accessories,Accessories - Model G439,9,156.7,0.1,1269.27,648.15,11.04
ORD-2022-02750,06/21/2022,2022-06-23,First Class,CUST-9986,Ava Garcia,Consumer,Salem,Oregon,West,Furniture,Chairs,Chairs - Model D664,1,1032.73,0.0,1032.73,142.09,43.89
ORD-2024-02751,06/21/2024,2024-06-25,Standard Class,CUST-7673,Sophia Jones,Consumer,Tampa,Florida,South,Technology,Phones,Phones - Model H790,5,1224.04,0.1,5508.18,1063.28,48.57
ORD-2024-02752,11/10/2024,2024-11-11,First Class,CUST-7257,Nancy Anderson,Corporate,Seattle,Washington,West,Office Supplies,Pens,Pens - Model H816,10,148.48,0.0,1484.8,296.79,12.17
ORD-2023-02753,12/26/2023,2024-01-01,Standard Class,CUST-2086,Nancy Davis,Consumer,Buffalo,New York,East,Furniture,Storage,Storage - Model M640,11,526.01,0.0,5786.11,586.69,41.03
ORD-2023-02754,06/05/2023,2023-06-11,Standard Class,CUST-3211,William Moore,Consumer,Phoenix,Arizona,West,Technology,Tablets,Tablets - Model F898,9,145.86,0.25,984.56,-41.28,24.47
ORD-2024-02755,12/16/2024,2024-12-20,Standard Class,CUST-6789,James Brown,Corporate,Rochester,New York,East,Office Supplies,Binders,Binders - Model H220,8,12.87,0.15,87.52,36.18,13.48
ORD-2024-02756,05/10/2024,2024-05-12,First Class,CUST-3900,Margaret Smith,Consumer,Spokane,Washington,West,Furniture,Desks,Desks - Model G578,2,753.74,0.0,1507.48,215.93,17.52
ORD-2022-02757,05/07/2022,2022-05-11,Second Class,CUST-1483,Michael Perez,Consumer,Virginia Beach,Virginia,South,Office Supplies,Paper,Paper - Model G341,2,184.75,0.15,314.07,41.46,21.9
ORD-2022-02758,04/10/2022,2022-04-17,Standard Class,CUST-0230,Margaret Williams,Corporate,Dallas,Texas,Central,Office Supplies,Pens,Pens - Model G118,10,176.34,0.0,,791.56,32.82
ORD-2024-02759,08/30/2024,2024-09-06,Standard Class,CUST-1941,James Martinez,Consumer,Reno,Nevada,West,Technology,Laptops,Laptops - Model M413,7,2210.09,0.05,14697.1,1701.04,37.85
ORD-2022-02760,09/10/2022,2022-09-13,First Class,CUST-3131,Mary Brown,Consumer,Dallas,Texas,Central,Office Supplies,Binders,Binders - Model O880,10,114.49,0.1,1030.41,318.02,21.5
ORD-2023-02761,06/17/2023,2023-06-24,Standard Class,CUST-1045,Karen Perez,Consumer,Columbus,Ohio,Central,Clothing,Jackets,Jackets - Model A543,5,53.28,0.05,253.08,132.07,47.37
ORD-2024-02762,12/05/2024,2024-12-12,Standard Class,CUST-2652,Jennifer Gonzalez,Consumer,Las Vegas,Nevada,West,Technology,Accessories,Accessories - Model G245,8,1604.27,0.05,12192.45,2196.45,29.41
ORD-2022-02763,11/02/2022,2022-11-09,Standard Class,CUST-9924,Elizabeth Thompson,Consumer,Springfield,Massachusetts,East,Clothing,Pants,Pants - Model C291,7,474.13,0.1,2987.02,1265.56,47.17
ORD-2022-02764,02/20/2022,2022-02-20,Same Day,CUST-5551,Patricia Williams,Consumer,Durham,North Carolina,South,Clothing,Shoes,Shoes - Model F495,10,261.77,0.05,2486.81,377.76,99.55
ORD-2024-02765,11/16/2024,2024-11-18,First Class,CUST-7257,Nancy Anderson,Consumer,Rochester,Minnesota,Central,Technology,Laptops,Laptops - Model N782,8,345.53,0.2,2211.39,141.75,43.12
ORD-2022-02766,08/03/2022,2022-08-07,Standard Class,CUST-0230,Margaret Williams,Consumer,Reno,Nevada,West,Technology,Laptops,Laptops - Model J697,6,2437.98,0.0,,1896.73,41.32
ORD-2023-02767,11/22/2023,2023-11-28,Standard Class,CUST-5694,Charles Wilson,Home Office,Trenton,New Jersey,East,Clothing,Shoes,Shoes - Model C788,6,311.36,0.05,1774.75,378.39,18.19
ORD-2023-02768,07/15/2023,2023-07-18,Second Class,CUST-9169,Thomas Sanchez,Home Office,Buffalo,New York,East,Furniture,Desks,Desks - Model P854,12,1441.57,0.0,17298.84,589.95,4.36
ORD-2023-02769,08/19/2023,2023-08-22,First Class,CUST-3690,Emily Anderson,Consumer,Mesa,Arizona,West,Office Supplies,Paper,Paper - Model E706,11,32.5,0.0,357.5,93.9,9.06
ORD-2021-02770,04/04/2021,2021-04-07,Second Class,CUST-1344,Lisa Williams,Consumer,Philadelphia,Pennsylvania,East,Technology,Laptops,Laptops - Model P881,12,1200.51,0.05,13685.81,2165.3,33.75
ORD-2024-02771,05/17/2024,2024-05-18,First Class,CUST-2232,Anthony Hernandez,Home Office,Stamford,Connecticut,East,Office Supplies,Binders,Binders - Model E707,7,162.34,0.2,909.1,195.6,16.62
ORD-2024-02772,11/06/2024,2024-11-08,First Class,CUST-5543,Isabella Hernandez,Consumer,Philadelphia,Pennsylvania,East,Technology,Tablets,Tablets - Model J928,10,1555.29,0.0,15552.9,2605.44,35.75
ORD-2021-02773,11/17/2021,2021-11-22,Standard Class,CUST-1661,John Johnson,Consumer,Saint Paul,Minnesota,Central,Office Supplies,Paper,Paper - Model D872,2,140.75,0.25,211.12,-28.27,32.03
ORD-2021-02774,01/03/2021,2021-01-08,Standard Class,CUST-5088,Isabella Anderson,Corporate,Jersey City,New Jersey,East,,Storage,Storage - Model A245,12,794.52,0.1,8580.82,,7.35
ORD-2023-02775,12/19/2023,2023-12-23,Standard Class,CUST-2808,Jennifer Clark,Consumer,Detroit,Michigan,Central,Office Supplies,Paper,Paper - Model N338,3,49.62,0.0,148.86,25.09,2.67
ORD-2022-02776,10/18/2022,2022-10-18,Same Day,CUST-4016,Sarah Hernandez,Consumer,Reno,Nevada,West,Office Supplies,Labels,Labels - Model I225,12,66.61,0.15,679.42,289.36,100.53
ORD-2022-02777,03/07/2022,2022-03-07,Same Day,CUST-2106,John Martin,Corporate,Las Vegas,Nevada,West,Office Supplies,Envelopes,Envelopes - Model N942,9,56.39,0.25,380.63,-40.71,79.37
ORD-2021-02778,07/25/2021,2021-07-26,First Class,CUST-6994,Ava Robinson,Home Office,Cincinnati,Ohio,Central,Technology,Monitors,Monitors - Model L638,2,2293.47,0.0,4586.94,,20.43
ORD-2021-02779,09/27/2021,2021-10-01,Standard Class,CUST-4414,John Smith,Consumer,Worcester,Massachusetts,East,Technology,Monitors,Monitors - Model D969,3,1748.46,0.15,4458.57,605.29,40.98
ORD-2023-02780,03/29/2023,2023-04-02,Second Class,CUST-0697,Daniel Lewis,Consumer,Sacramento,California,West,Office Supplies,Envelopes,Envelopes - Model O191,9,17.19,0.05,146.97,58.1,27.53
ORD-2022-02781,09/22/2022,2022-09-26,Second Class,CUST-8511,Mia Jones,Corporate,New York City,New York,East,Technology,Monitors,Monitors - Model A289,9,453.29,0.0,4079.61,379.87,35.81
ORD-2024-02782,11/28/2024,2024-12-03,Standard Class,CUST-3131,Mary Brown,Consumer,Naperville,Illinois,Central,,Pens,Pens - Model M680,8,107.44,0.1,773.57,117.07,17.73
ORD-2023-02783,04/26/2023,2023-05-01,Second Class,CUST-8549,Mark Anderson,Home Office,Chicago,Illinois,Central,Furniture,Tables,Tables - Model I468,1,119.94,0.0,119.94,15.75,6.29
ORD-2021-02784,06/27/2021,2021-07-01,Standard Class,CUST-0371,Daniel Martin,Consumer,New Haven,Connecticut,East,,Accessories,Accessories - Model M669,12,705.7,0.2,6774.72,759.86,35.13
ORD-2024-02785,10/13/2024,2024-10-19,Standard Class,CUST-8733,Mark Martin,Home Office,Memphis,Tennessee,South,Technology,Monitors,Monitors - Model M687,7,1530.7,0.05,10179.15,2098.41,14.21
ORD-2022-02786,09-Dec-2022,2022-12-14,Standard Class,CUST-6803,Robert Clark,Consumer,Raleigh,North Carolina,South,Furniture,Bookcases,Bookcases - Model E126,12,1458.82,0.0,17505.84,1636.27,47.62
ORD-2022-02787,07/13/2022,2022-07-17,Standard Class,CUST-4945,Isabella Clark,Home Office,Philadelphia,Pennsylvania,East,Technology,Accessories,Accessories - Model N943,9,2308.1,0.05,19734.25,4214.25,8.44
ORD-2024-02788,11/29/2024,2024-11-29,Same Day,CUST-7137,Thomas Gonzalez,Corporate,Trenton,New Jersey,East,Technology,Tablets,Tablets - Model O190,3,2087.67,0.15,5323.56,679.58,46.58
ORD-2024-02789,11/20/2024,2024-11-27,Standard Class,CUST-1060,Lisa Moore,Consumer,New Haven,Connecticut,East,Technology,Laptops,Laptops - Model B606,1,306.19,0.0,306.19,57.72,32.05
ORD-2024-02790,03/06/2024,2024-03-08,First Class,CUST-0941,Christopher Robinson,Corporate,Boston,Massachusetts,East,Office Supplies,Binders,Binders - Model L571,7,17.48,0.0,122.36,42.7,45.95
ORD-2022-02791,05/02/2022,2022-05-09,Standard Class,CUST-2233,John Anderson,Corporate,Trenton,New Jersey,East,Clothing,Accessories,Accessories - Model G869,1,411.37,0.05,390.8,102.43,8.96
ORD-2024-02792,04/28/2024,2024-05-01,First Class,CUST-4016,Sarah Hernandez,Home Office,Philadelphia,Pennsylvania,East,Technology,Phones,Phones - Model H324,10,1383.13,0.05,13139.74,682.22,2.66
ORD-2021-02793,12/16/2021,2021-12-17,First Class,CUST-0011,Margaret Clark,Consumer,Mesa,Arizona,West,Office Supplies,Envelopes,Envelopes - Model K853,1,31.32,0.15,26.62,6.86,25.45
ORD-2024-02794,10/09/2024,2024-10-14,Second Class,CUST-1564,Richard Jones,Consumer,New York City,New York,East,Technology,Tablets,Tablets - Model M297,7,1531.36,0.0,10719.52,,38.61
ORD-2021-02795,08/17/2021,2021-08-18,First Class,CUST-0988,Charlotte Williams,Corporate,Trenton,New Jersey,East,Clothing,Accessories,Accessories - Model N181,7,353.23,0.2,1978.09,1051.22,34.24
ORD-2023-02796,08/31/2023,2023-09-06,Standard Class,CUST-9753,Jessica Perez,Home Office,Allentown,Pennsylvania,East,Clothing,Accessories,Accessories - Model D466,5,356.58,0.25,1337.17,695.4,6.22
ORD-2024-02797,07/27/2024,2024-07-31,Standard Class,CUST-6833,Margaret Martin,Consumer,Raleigh,North Carolina,South,Office Supplies,Pens,Pens - Model B429,7,34.28,0.1,215.96,85.28,27.65
ORD-2024-02798,01/19/2024,2024-01-25,Standard Class,CUST-5783,Isabella Perez,Corporate,Raleigh,North Carolina,South,Furniture,Storage,Storage - Model D690,4,802.57,0.0,3210.28,317.44,15.36
ORD-2021-02799,06/15/2021,2021-06-18,First Class,CUST-3655,Karen Clark,Consumer,Mesa,Arizona,West,Furniture,Storage,Storage - Model C418,1,460.65,0.0,460.65,35.08,27.58
ORD-2024-02800,11/08/2024,2024-11-13,Standard Class,CUST-2447,Thomas Miller,Home Office,Atlanta,Georgia,South,Furniture,Chairs,Chairs - Model A347,5,498.2,0.1,2241.9,169.89,33.45
ORD-2022-02801,08/04/2022,2022-08-07,First Class,CUST-6776,Sophia Miller,Home Office,Los Angeles,California,West,Clothing,Accessories,Accessories - Model N204,8,235.64,0.05,1790.86,309.63,45.33
ORD-2024-02802,03/05/2024,2024-03-09,Second Class,CUST-0017,Margaret Sanchez,Corporate,Rochester,Minnesota,Central,Clothing,Shirts,Shirts - Model O119,10,291.39,0.0,2913.9,545.1,3.9
ORD-2022-02803,12/21/2022,2022-12-25,Standard Class,CUST-6941,Thomas Taylor,Consumer,Houston,Texas,Central,Technology,Tablets,Tablets - Model O876,10,2436.16,0.15,20707.36,2582.71,3.15
ORD-2021-02804,04/23/2021,2021-04-29,Standard Class,CUST-5792,Jessica Garcia,Consumer,Stamford,Connecticut,East,Furniture,Bookcases,Bookcases - Model L544,3,1208.86,0.0,3626.58,86.72,7.45
ORD-2022-02805,10/16/2022,2022-10-21,Standard Class,CUST-6994,Ava Robinson,Corporate,Springfield,Massachusetts,East,Technology,Laptops,Laptops - Model P825,7,1770.9,0.0,12396.3,3016.33,33.92
ORD-2022-02806,11/14/2022,2022-11-17,First Class,CUST-7555,Sarah Harris,Home Office,Phoenix,Arizona,West,Clothing,Shoes,Shoes - Model L530,8,243.17,0.1,1750.82,917.79,20.62
ORD-2024-02807,01/22/2024,2024-01-29,Standard Class,CUST-1597,Nancy Lewis,Consumer,Norfolk,Virginia,South,Technology,Accessories,Accessories - Model O467,8,2177.15,0.1,15675.48,2154.48,18.54
ORD-2022-02808,11/25/2022,2022-11-30,Standard Class,CUST-1446,Elizabeth Moore,Corporate,Jersey City,New Jersey,East,Clothing,Accessories,Accessories - Model H371,7,273.7,0.0,1915.9,936.85,31.61
ORD-2024-02809,02/20/2024,2024-02-20,Same Day,CUST-8341,Sarah Robinson,Consumer,Tucson,Arizona,West,Technology,Monitors,Monitors - Model O592,9,1013.6,0.1,8210.16,2042.47,13.16
ORD-2022-02810,08/06/2022,2022-08-09,First Class,CUST-1384,Anthony Sanchez,Corporate,New Haven,Connecticut,East,Technology,Phones,Phones - Model G168,9,1365.36,0.0,12288.24,1836.61,43.94
ORD-2023-02811,05/07/2023,2023-05-13,Standard Class,CUST-6384,Sarah Martinez,Corporate,Springfield,Massachusetts,East,Technology,Tablets,Tablets - Model A780,6,1203.13,0.1,6496.9,849.07,8.92
ORD-2021-02812,05/23/2021,2021-05-29,Standard Class,CUST-0708,Margaret Lopez,Corporate,Springfield,Massachusetts,East,Furniture,Chairs,Chairs - Model E165,5,1341.49,0.05,6372.08,944.42,8.02
ORD-2024-02813,06/15/2024,2024-06-21,Standard Class,CUST-1630,Michael Gonzalez,Corporate,Stamford,Connecticut,East,Office Supplies,Envelopes,Envelopes - Model N927,1,157.1,0.0,157.1,42.88,40.39
ORD-2022-02814,12/18/2022,2022-12-21,Second Class,CUST-4522,Betty Davis,Consumer,Eugene,Oregon,West,Office Supplies,Paper,Paper - Model E369,7,191.45,0.15,1139.13,247.42,35.04
ORD-2024-02815,05/16/2024,2024-05-21,Standard Class,CUST-0867,,Corporate,Savannah,Georgia,South,Furniture,Tables,Tables - Model O833,2,151.34,0.0,302.68,33.32,4.87
ORD-2021-02816,06/18/2021,2021-06-24,Standard Class,CUST-2883,Mary Johnson,Consumer,Tucson,Arizona,West,Clothing,Shoes,Shoes - Model H397,11,326.14,0.0,3587.54,1342.32,12.99
ORD-2024-02817,11/26/2024,2024-12-02,Standard Class,CUST-1673,Charles Davis,Corporate,Spokane,Washington,West,Furniture,Desks,Desks - Model A636,5,603.36,0.3,2111.76,351.26,8.63
ORD-2023-02818,07/18/2023,2023-07-23,Standard Class,CUST-3131,Mary Brown,Consumer,Pittsburgh,Pennsylvania,East,Furniture,Desks,Desks - Model J501,10,802.07,0.15,6817.6,828.43,48.92
ORD-2021-02819,03/01/2021,2021-03-06,Standard Class,CUST-8884,Thomas Jones,Consumer,Saint Paul,Minnesota,Central,Furniture,Bookcases,Bookcases - Model J515,12,1477.62,0.3,12412.01,2249.4,30.33
ORD-2023-02820,10/21/2023,2023-10-27,Standard Class,CUST-7508,Patricia Perez,Consumer,Seattle,Washington,West,Technology,Monitors,Monitors - Model F569,5,1485.48,0.0,7427.4,1246.16,6.42
ORD-2021-02821,11/13/2021,2021-11-16,Second Class,CUST-0421,Christopher Thomas,Home Office,San Francisco,California,West,Clothing,Accessories,Accessories - Model I132,6,152.42,0.0,914.52,398.76,34.12
ORD-2021-02822,12/05/2021,2021-12-09,Standard Class,CUST-1363,Richard Clark,Consumer,Grand Rapids,Michigan,Central,Technology,Laptops,Laptops - Model F262,12,1105.73,0.25,9951.57,979.08,24.29
ORD-2022-02823,08/11/2022,2022-08-16,Standard Class,CUST-7358,David Lee,Consumer,Tucson,Arizona,West,Furniture,Tables,Tables - Model G337,9,1399.59,0.15,10706.86,1777.13,13.65
ORD-2023-02824,06/10/2023,2023-06-14,Standard Class,CUST-3232,William Sanchez,Consumer,Saint Paul,Minnesota,Central,Office Supplies,Pens,Pens - Model N658,3,29.44,0.05,83.9,11.13,8.54
ORD-2024-02825,09/24/2024,2024-09-29,Second Class,CUST-6131,Linda Perez,Consumer,Knoxville,Tennessee,South,Furniture,Tables,Tables - Model A588,9,205.65,0.0,1850.85,79.53,39.23
ORD-2022-02826,11/07/2022,2022-11-09,First Class,CUST-1673,Charles Davis,Consumer,Raleigh,North Carolina,South,Office Supplies,Pens,Pens - Model P433,11,121.29,0.25,1000.64,-46.9,40.8
ORD-2024-02827,21-Nov-2024,2024-11-28,Standard Class,CUST-6675,Linda Gonzalez,Home Office,San Francisco,California,West,Clothing,Pants,Pants - Model I537,9,150.49,0.3,948.09,-68.94,29.48
ORD-2022-02828,01/29/2022,2022-02-03,Standard Class,CUST-9688,Charles Moore,Corporate,Hartford,Connecticut,East,Office Supplies,Paper,Paper - Model F602,11,16.05,0.0,176.55,41.68,10.84
ORD-2021-02829,01/14/2021,2021-01-19,Standard Class,CUST-1045,Karen Perez,Corporate,Rochester,Minnesota,Central,Office Supplies,Labels,Labels - Model P142,7,130.43,0.15,776.06,234.82,31.78
ORD-2024-02830,10/31/2024,2024-11-04,Second Class,CUST-7605,Barbara Martin,Corporate,Columbus,Ohio,Central,,Tables,Tables - Model K907,1,283.08,0.0,283.08,49.59,44.37
ORD-2023-02831,11/08/2023,2023-11-12,Standard Class,CUST-0371,Daniel Martin,Home Office,Seattle,Washington,West,Furniture,Tables,Tables - Model B654,10,375.5,0.15,3191.75,284.15,38.78
ORD-2023-02832,12/20/2023,2023-12-22,First Class,CUST-4672,William Thompson,Consumer,Hartford,Connecticut,East,Clothing,Accessories,Accessories - Model F369,8,413.98,0.0,3311.84,1515.45,45.42
ORD-2022-02833,01/28/2022,2022-02-04,Standard Class,CUST-9779,Isabella Thompson,Consumer,Reno,Nevada,West,Clothing,Pants,Pants - Model D534,1,126.93,0.15,107.89,18.48,35.06
ORD-2022-02834,11/28/2022,2022-12-01,Second Class,CUST-9544,Isabella Harris,Consumer,Rochester,New York,East,Technology,Accessories,Accessories - Model I896,11,1870.79,0.2,16462.95,3777.69,20.32
ORD-2023-02835,05/02/2023,2023-05-06,Second Class,CUST-9635,Mia Martinez,Corporate,Virginia Beach,Virginia,South,Office Supplies,Paper,Paper - Model A105,1,167.7,0.0,167.7,29.2,47.16
ORD-2023-02836,06/28/2023,2023-06-29,First Class,CUST-4275,Robert Martinez,Consumer,New York City,New York,East,Furniture,Tables,Tables - Model E432,12,1414.06,0.3,11878.1,-1026.15,38.99
ORD-2021-02837,12/03/2021,2021-12-07,Standard Class,CUST-0702,Matthew Martin,Home Office,Spokane,Washington,,Technology,Accessories,Accessories - Model P514,6,1181.46,0.2,5671.01,1416.27,22.98
ORD-2021-02838,03/28/2021,2021-03-30,First Class,CUST-5076,Sandra Moore,Consumer,Nashville,Tennessee,South,Furniture,Desks,Desks - Model P722,4,946.03,0.05,3594.91,691.2,26.39
ORD-2024-02839,11/29/2024,2024-12-05,Standard Class,CUST-5520,David Taylor,Consumer,Hartford,Connecticut,East,,Labels,Labels - Model B764,1,101.67,0.15,86.42,23.71,18.25
ORD-2022-02840,11/04/2022,2022-11-07,Second Class,CUST-5322,Susan Robinson,Consumer,Augusta,Georgia,South,Technology,Monitors,Monitors - Model I381,5,1001.0,0.15,4254.25,226.78,34.05
ORD-2024-02841,07/16/2024,2024-07-22,Standard Class,CUST-2808,Olivia Davis,Consumer,Columbus,Ohio,Central,Furniture,Tables,Tables - Model M857,5,1486.49,0.25,5574.34,157.58,40.88
ORD-2023-02842,07/09/2023,2023-07-13,Standard Class,CUST-4313,Emily Davis,Corporate,Reno,Nevada,West,Clothing,Shirts,Shirts - Model F584,10,124.15,0.0,1241.5,451.41,44.16
ORD-2021-02843,12/04/2021,2021-12-08,Second Class,CUST-3232,William Sanchez,Consumer,Springfield,Massachusetts,East,Technology,Tablets,Tablets - Model D617,7,1559.78,0.2,8734.77,455.41,48.54
ORD-2023-02844,02/26/2023,2023-03-01,Second Class,CUST-8591,Christopher Gonzalez,Consumer,Minneapolis,Minnesota,Central,Technology,Accessories,Accessories - Model K614,7,795.34,0.15,4732.27,768.61,13.4
ORD-2024-02845,04/13/2024,2024-04-13,Same Day,CUST-4860,Linda Davis,Home Office,Houston,Texas,Central,Clothing,Accessories,Accessories - Model D628,11,208.1,0.25,1716.82,-287.4,35.04
ORD-2022-02846,10/12/2022,2022-10-17,Standard Class,CUST-3533,Evelyn Hernandez,Home Office,Atlanta,Georgia,South,Furniture,Chairs,Chairs - Model A302,6,816.01,0.3,3427.24,-404.64,47.79
ORD-2022-02847,06/05/2022,2022-06-08,First Class,CUST-7493,Elizabeth Lee,Consumer,Tampa,Florida,South,Furniture,Chairs,Chairs - Model F551,12,1483.15,0.25,13348.35,2298.84,23.24
ORD-2022-02848,03/06/2022,2022-03-06,Same Day,CUST-4566,Mary Perez,Corporate,Dallas,Texas,Central,Clothing,Shoes,Shoes - Model C602,8,336.08,0.0,2688.64,410.57,39.14
ORD-2021-02849,12/24/2021,2021-12-30,Standard Class,CUST-7994,Sandra Lopez,Home Office,New Haven,Connecticut,East,Technology,Monitors,Monitors - Model I754,9,64.13,0.0,577.17,32.12,2.74
ORD-2021-02850,07/04/2021,2021-07-08,Standard Class,CUST-4964,Nancy Jackson,Home Office,Houston,Texas,Central,Technology,Phones,Phones - Model H954,11,1448.26,0.0,15930.86,1928.35,32.54
ORD-2021-02851,06/09/2021,2021-06-16,Standard Class,CUST-8263,Jessica Ramirez,Corporate,Virginia Beach,Virginia,south,Office Supplies,Pens,Pens - Model M177,9,146.82,0.1,1189.24,296.36,29.52
ORD-2021-02852,07/22/2021,2021-07-22,Same Day,CUST-3708,Sandra Perez,Corporate,Savannah,Georgia,South,Technology,Monitors,Monitors - Model D398,9,1180.4,0.0,10623.6,1812.93,88.68
ORD-2024-02853,06/01/2024,2024-06-03,First Class,CUST-3131,Mary Brown,Corporate,Phoenix,Arizona,West,Technology,Monitors,Monitors - Model P647,11,2018.04,0.2,17758.75,2818.14,5.38
ORD-2023-02854,02/12/2023,2023-02-15,First Class,CUST-5233,Sandra Wilson,Corporate,Mesa,Arizona,West,Technology,Monitors,Monitors - Model N812,7,919.96,0.1,5795.75,1363.53,37.2
ORD-2023-02855,01/31/2023,2023-02-07,Standard Class,CUST-1597,Nancy Lewis,Consumer,Memphis,Tennessee,South,Technology,Phones,Phones - Model O425,1,1844.3,0.2,1475.44,228.54,11.22
ORD-2022-02856,05/24/2022,2022-05-30,Standard Class,CUST-3779,John Thompson,Home Office,Spokane,Washington,West,Furniture,Bookcases,Bookcases - Model P675,9,624.38,0.15,4776.51,481.39,23.44
ORD-2024-02857,08/13/2024,2024-08-20,Standard Class,CUST-0941,Christopher Robinson,Consumer,Newark,New Jersey,East,Technology,Laptops,Laptops - Model G103,11,864.06,0.25,7128.49,1326.53,40.35
ORD-2023-02858,11/07/2023,2023-11-11,Second Class,CUST-5322,Jennifer Miller,Home Office,Augusta,Georgia,South,Clothing,Accessories,Accessories - Model G156,9,266.09,0.05,2275.07,794.61,34.82
ORD-2023-02859,06/18/2023,2023-06-23,Standard Class,CUST-4919,Emily Sanchez,Corporate,Knoxville,Tennessee,South,Technology,Tablets,Tablets - Model J330,5,769.33,0.0,3846.65,625.43,25.62
ORD-2023-02860,12/20/2023,2023-12-25,Standard Class,CUST-7033,Lisa Martin,Corporate,Rochester,New York,East,Office Supplies,Labels,Labels - Model M345,5,42.0,0.15,178.5,69.73,48.75
ORD-2021-02861,04/07/2021,2021-04-11,Standard Class,CUST-8568,Isabella Jones,Consumer,Raleigh,North Carolina,South,Clothing,Pants,Pants - Model P158,2,446.3,0.05,847.97,175.59,6.85
ORD-2023-02862,03/27/2023,2023-03-31,Standard Class,CUST-7085,Richard Thompson,Consumer,Jacksonville,Florida,South,Office Supplies,Labels,Labels - Model F833,1,96.31,0.0,96.31,40.31,43.59
ORD-2024-02863,02/02/2024,2024-02-06,Standard Class,CUST-2225,Isabella Wilson,Consumer,Sacramento,California,,Clothing,Shirts,Shirts - Model C585,4,154.73,0.25,464.19,-85.54,21.57
ORD-2022-02864,12/09/2022,2022-12-09,Same Day,CUST-4469,Christopher Johnson,Consumer,Atlanta,Georgia,South,,Accessories,Accessories - Model J863,10,263.46,0.2,2107.68,276.6,7.82
ORD-2022-02865,02/07/2022,2022-02-11,Standard Class,CUST-0549,Joseph Smith,Consumer,Saint Paul,Minnesota,Central,Office Supplies,Binders,Binders - Model K283,6,169.75,0.0,1018.5,124.77,29.2
ORD-2023-02866,04/27/2023,2023-05-01,Second Class,CUST-9635,Mia Martinez,Consumer,Reno,Nevada,West,Technology,Laptops,Laptops - Model I166,5,2002.05,0.0,10010.25,1049.15,43.1
ORD-2024-02867,01/27/2024,2024-01-31,Standard Class,CUST-5383,Lisa Sanchez,Corporate,Portland,Oregon,West,Office Supplies,Binders,Binders - Model L852,2,167.03,0.1,,34.2,44.59
ORD-2022-02868,03/04/2022,2022-03-09,Standard Class,CUST-2883,Mary Johnson,Corporate,Grand Rapids,Michigan,Central,Technology,Phones,Phones - Model B406,10,1655.95,0.0,16559.5,3694.84,22.6
ORD-2022-02869,07/28/2022,2022-08-02,Second Class,CUST-3779,John Thompson,Home Office,Las Vegas,Nevada,West,Technology,Tablets,Tablets - Model B720,2,2484.86,0.05,4721.23,461.86,34.45
ORD-2021-02870,11/07/2021,2021-11-09,First Class,CUST-9779,Isabella Thompson,Consumer,Philadelphia,Pennsylvania,East,Technology,Phones,Phones - Model F825,5,2447.59,0.0,12237.95,954.56,38.93
ORD-2022-02871,11/10/2022,2022-11-15,Standard Class,CUST-7358,David Lee,Consumer,Phoenix,Arizona,West,Technology,Accessories,Accessories - Model P684,2,1259.22,0.2,2014.75,150.04,36.33
ORD-2023-02872,11/14/2023,2023-11-20,Standard Class,CUST-3369,Christopher Clark,Consumer,Dallas,Texas,Central,Furniture,Tables,Tables - Model L311,2,1361.46,0.05,2586.77,215.74,10.04
ORD-2024-02873,01/18/2024,2024-01-23,Second Class,CUST-6833,,Corporate,Tampa,Florida,South,Technology,Tablets,Tablets - Model O781,8,270.64,0.2,1732.1,,27.53
ORD-2024-02874,06/03/2024,2024-06-07,Standard Class,CUST-4933,Nancy Lopez,Corporate,Eugene,Oregon,West,Clothing,Pants,Pants - Model P104,4,266.36,0.1,958.9,390.79,35.43
ORD-2024-02875,09/13/2024,2024-09-13,Same Day,CUST-1446,Elizabeth Moore,Home Office,Seattle,Washington,West,Clothing,Pants,Pants - Model O991,9,365.27,0.2,2629.94,933.57,14.43
ORD-2022-02876,11/29/2022,2022-11-29,Same Day,CUST-4945,Isabella Clark,Consumer,Tucson,Arizona,West,Technology,Tablets,Tablets - Model I576,5,1756.66,0.25,6587.48,-433.68,5.42
ORD-2023-02877,07/28/2023,2023-07-31,First Class,CUST-1809,Christopher Lewis,Corporate,Newark,New Jersey,East,Furniture,Tables,Tables - Model I406,5,1004.25,0.05,4770.19,333.9,19.96
ORD-2024-02878,03/27/2024,2024-03-31,Second Class,CUST-0941,Christopher Robinson,Consumer,Mesa,Arizona,West,Office Supplies,Envelopes,Envelopes - Model E834,9,157.27,0.15,1203.12,401.94,3.32
ORD-2023-02879,05/27/2023,2023-06-02,Standard Class,CUST-4229,Charlotte Davis,Corporate,Las Vegas,Nevada,West,Clothing,Shoes,Shoes - Model D365,10,434.29,0.3,3040.03,-1048.27,30.05
ORD-2021-02880,09/22/2021,2021-09-29,Standard Class,CUST-9456,,Consumer,Philadelphia,Pennsylvania,East,Technology,Monitors,Monitors - Model B620,3,102.26,0.25,230.09,41.02,30.51
ORD-2023-02881,11/20/2023,2023-11-24,Standard Class,CUST-4944,Olivia Martin,Home Office,Pittsburgh,Pennsylvania,East,Office Supplies,Binders,Binders - Model G750,6,136.39,0.25,613.75,-148.15,25.52
ORD-2024-02882,11/04/2024,2024-11-09,Standard Class,CUST-3952,Michael Ramirez,Consumer,Seattle,Washington,West,Furniture,Desks,Desks - Model I316,3,663.88,0.0,,123.02,42.36
ORD-2022-02883,11/06/2022,2022-11-10,Standard Class,CUST-3690,Emily Anderson,Consumer,Chicago,Illinois,Central,Office Supplies,Paper,Paper - Model M655,6,31.39,0.2,150.67,15.78,26.48
ORD-2024-02884,02/26/2024,2024-03-03,Standard Class,CUST-4414,John Smith,Corporate,San Diego,California,,Furniture,Storage,Storage - Model N492,1,61.66,0.25,46.24,-4.45,7.26
ORD-2023-02885,11/25/2023,2023-12-02,Standard Class,CUST-3779,John Thompson,Consumer,Knoxville,Tennessee,South,Office Supplies,Labels,Labels - Model A872,2,30.91,0.2,49.46,13.71,27.01
ORD-2022-02886,02/22/2022,2022-02-22,Same Day,CUST-5988,Amelia Moore,Corporate,Durham,North Carolina,South,Technology,Tablets,Tablets - Model J772,3,2033.16,0.15,5184.56,957.23,115.77
ORD-2024-02887,05/03/2024,2024-05-10,Standard Class,CUST-9644,,Corporate,Tucson,Arizona,West,Clothing,Shirts,Shirts - Model C859,11,355.33,0.0,3908.63,949.3,11.06
ORD-2023-02888,04/03/2023,2023-04-07,Standard Class,CUST-9456,Amelia Martin,Corporate,Las Vegas,Nevada,West,Technology,Tablets,Tablets - Model K645,12,2330.78,0.2,22375.49,3000.4,41.27
ORD-2021-02889,08/14/2021,2021-08-18,Standard Class,CUST-3690,Emily Anderson,Consumer,Las Vegas,Nevada,West,Furniture,Chairs,Chairs - Model D964,12,797.24,0.3,6696.82,-423.19,36.05
ORD-2021-02890,08/23/2021,2021-08-30,Standard Class,CUST-2517,Jessica Lopez,Consumer,Buffalo,New York,East,Clothing,Jackets,Jackets - Model D385,4,53.21,0.25,159.63,-68.06,2.03
ORD-2021-02891,07/10/2021,2021-07-15,Standard Class,CUST-8969,Evelyn Lewis,Home Office,Jacksonville,Florida,South,Office Supplies,Binders,Binders - Model F493,6,155.07,0.15,790.86,101.31,26.66
ORD-2024-02892,07/04/2024,2024-07-11,Standard Class,CUST-8252,Thomas White,Corporate,Jersey City,New Jersey,East,Office Supplies,Pens,Pens - Model H510,10,112.49,0.0,1124.9,463.88,45.11
ORD-2022-02893,07/07/2022,2022-07-12,Second Class,CUST-4919,Emily Sanchez,Corporate,Buffalo,New York,East,Technology,Phones,Phones - Model A526,10,848.39,0.3,5938.73,407.86,12.37
ORD-2022-02894,12/26/2022,2022-12-31,Standard Class,CUST-5577,Olivia Perez,Home Office,Reno,Nevada,West,CLOTHING,Jackets,Jackets - Model A444,10,411.15,0.0,4111.5,1694.73,22.67
ORD-2021-02895,02/12/2021,2021-02-19,Standard Class,CUST-4964,Nancy Jackson,Consumer,Phoenix,Arizona,West,Technology,Tablets,Tablets - Model F949,1,1373.75,0.15,1167.69,108.63,25.94
ORD-2024-02896,04/01/2024,2024-04-08,Standard Class,CUST-2984,Ava Hernandez,Corporate,Seattle,Washington,West,Office Supplies,Pens,Pens - Model H361,8,191.18,0.0,1529.44,577.47,38.91
ORD-2023-02897,04/21/2023,2023-04-21,Same Day,CUST-9611,Amelia Rodriguez,Corporate,Tucson,Arizona,West,Technology,Monitors,Monitors - Model O140,11,2047.9,0.0,22526.9,3336.37,98.18
ORD-2021-02898,09/05/2021,2021-09-09,Standard Class,CUST-0197,Sarah Johnson,Consumer,Savannah,Georgia,South,Technology,Laptops,Laptops - Model O574,7,291.33,0.15,1733.41,381.8,28.18
ORD-2023-02899,07/11/2023,2023-07-13,First Class,CUST-2332,Sandra Ramirez,Consumer,Reno,Nevada,West,Furniture,Desks,Desks - Model O521,6,760.52,0.0,4563.12,369.38,16.32
ORD-2022-02900,12/18/2022,2022-12-22,Second Class,CUST-6803,Robert Clark,Corporate,Richmond,Virginia,South,Technology,Phones,Phones - Model I128,12,2202.17,0.0,26426.04,3090.42,46.68
ORD-2022-02901,09/08/2022,2022-09-09,First Class,CUST-3851,Charles Miller,Consumer,Columbus,Ohio,Central,Clothing,Pants,Pants - Model B568,7,201.28,0.2,1127.17,388.23,35.68
ORD-2022-02902,06/10/2022,2022-06-17,Standard Class,CUST-0421,Christopher Thomas,Consumer,Tampa,Florida,South,Office Supplies,Labels,Labels - Model C204,3,56.94,0.0,170.82,64.65,23.01
ORD-2022-02903,04/24/2022,2022-04-28,Standard Class,CUST-4469,Christopher Johnson,Consumer,Ann Arbor,Michigan,Central,Furniture,Bookcases,Bookcases - Model D882,7,640.24,0.05,4257.6,741.58,31.15
ORD-2022-02904,04/14/2022,2022-04-17,First Class,CUST-5551,Patricia Williams,Consumer,Hartford,Connecticut,East,Technology,Laptops,Laptops - Model E911,7,291.54,0.15,1734.66,314.21,14.48
ORD-2021-02905,10/07/2021,2021-10-12,Standard Class,CUST-8914,Joseph Jones,Consumer,Nashville,Tennessee,South,Technology,Phones,Phones - Model F432,11,595.75,0.1,5897.93,1273.96,43.73
ORD-2023-02906,03/29/2023,2023-03-30,First Class,CUST-9484,Matthew Rodriguez,Consumer,Springfield,Massachusetts,,Technology,Tablets,Tablets - Model M402,12,1292.36,0.15,13182.07,2900.41,10.53
ORD-2024-02907,02/12/2024,2024-02-17,Standard Class,CUST-1814,Barbara Williams,Consumer,Tucson,Arizona,West,Office Supplies,Labels,Labels - Model E213,6,31.72,0.2,152.26,28.73,47.66
ORD-2023-02908,08/15/2023,2023-08-20,Standard Class,CUST-8197,Susan Taylor,Consumer,Houston,Texas,Central,Clothing,Accessories,Accessories - Model B577,1,56.87,0.0,56.87,28.31,6.02
ORD-2024-02909,12/06/2024,2024-12-06,Same Day,CUST-4574,Patricia Taylor,Consumer,San Francisco,California,West,Technology,Monitors,Monitors - Model G809,4,761.4,0.0,3045.6,438.06,90.6
ORD-2024-02910,04/29/2024,2024-05-02,First Class,CUST-2332,Sandra Ramirez,Home Office,Cleveland,Ohio,Central,Clothing,Pants,Pants - Model L306,7,231.14,0.0,1617.98,,7.9
ORD-2021-02911,12/07/2021,2021-12-11,Second Class,CUST-8774,Karen Anderson,Corporate,Newark,New Jersey,East,Office Supplies,Labels,Labels - Model F313,1,11.37,0.0,11.37,1.87,48.95
ORD-2021-02912,09/22/2021,2021-09-22,Same Day,CUST-1597,Nancy Lewis,Consumer,Richmond,Virginia,South,Office Supplies,Paper,Paper - Model O741,12,33.65,0.0,403.8,49.72,43.01
ORD-2024-02913,06/10/2024,2024-06-14,second class,CUST-5336,Isabella Williams,Home Office,Nashville,Tennessee,South,Office Supplies,Binders,Binders - Model B749,12,140.28,0.0,1683.36,597.08,6.48
ORD-2024-02914,11/21/2024,2024-11-27,Standard Class,CUST-2808,Olivia Davis,Consumer,Phoenix,Arizona,West,Technology,Tablets,Tablets - Model F763,1,812.78,0.15,690.86,148.96,45.13
ORD-2024-02915,01/01/2024,2024-01-06,Standard Class,CUST-4229,Charlotte Davis,Consumer,Tucson,Arizona,West,Furniture,Storage,Storage - Model F855,10,42.0,0.15,357.0,57.86,10.71
ORD-2022-02916,07/03/2022,2022-07-10,Standard Class,CUST-3937,Christopher Perez,Home Office,Reno,Nevada,West,Office Supplies,Binders,Binders - Model L710,3,111.72,0.0,335.16,63.58,13.33
ORD-2021-02917,05/30/2021,2021-06-03,Standard Class,CUST-7555,Sarah Harris,Corporate,Pittsburgh,Pennsylvania,East,Technology,Monitors,Monitors - Model I795,8,1383.12,0.0,11064.96,1788.13,8.96
ORD-2022-02918,03/14/2022,2022-03-20,Standard Class,CUST-2332,Sandra Ramirez,Corporate,Cleveland,Ohio,Central,Office Supplies,Envelopes,Envelopes - Model J408,6,17.91,0.1,96.71,15.67,32.21
ORD-2023-02919,11/08/2023,2023-11-12,Standard Class,CUST-4919,Emily Sanchez,Consumer,Detroit,Michigan,Central,Furniture,Bookcases,Bookcases - Model M904,5,1004.79,0.0,5023.95,952.18,8.35
ORD-2024-02920,05/16/2024,2024-05-19,Second Class,CUST-8993,Margaret Wilson,Consumer,Savannah,Georgia,South,Furniture,Chairs,Chairs - Model N913,8,678.86,0.05,5159.34,159.16,31.77
ORD-2024-02921,10/17/2024,2024-10-24,Standard Class,CUST-9611,Amelia Rodriguez,Consumer,Austin,Texas,Central,Clothing,Jackets,Jackets - Model G676,2,410.2,0.0,820.4,372.71,39.59
ORD-2024-02922,04/07/2024,2024-04-12,Standard Class,CUST-1045,,Home Office,Boston,Massachusetts,East,Technology,Accessories,Accessories - Model H737,9,793.31,0.15,6068.82,715.79,19.44
ORD-2023-02923,03/13/2023,2023-03-19,Standard Class,CUST-4229,Charlotte Davis,Consumer,Las Vegas,Nevada,West,Clothing,Pants,Pants - Model C580,12,379.23,0.0,4550.76,1911.16,44.03
ORD-2021-02924,12/29/2021,2021-12-30,First Class,CUST-4355,Sarah Lopez,Corporate,Virginia Beach,Virginia,South,Office Supplies,Labels,Labels - Model O451,4,130.74,0.0,522.96,106.48,20.48
ORD-2022-02925,03/12/2022,2022-03-17,Standard Class,CUST-6594,Michael Brown,Consumer,Los Angeles,California,West,Office Supplies,Labels,Labels - Model D309,2,27.37,0.0,54.74,23.86,44.05
ORD-2022-02926,11/17/2022,2022-11-22,Second Class,CUST-8490,Joseph Anderson,Home Office,Dallas,Texas,Central,Technology,Accessories,Accessories - Model N517,10,1124.74,0.2,8997.92,2016.96,11.66
ORD-2024-02927,01/27/2024,2024-02-01,Second Class,CUST-5015,Barbara Taylor,Consumer,Newark,New Jersey,East,Clothing,Shoes,Shoes - Model H435,12,427.65,0.2,4105.44,920.09,33.96
ORD-2024-02928,05/09/2024,2024-05-14,Standard Class,CUST-4580,Harper Smith,Corporate,Spokane,Washington,West,Furniture,Desks,Desks - Model H358,11,1493.93,0.2,13146.58,1987.69,20.66
ORD-2024-02929,04/05/2024,2024-04-10,Standard Class,CUST-7085,Richard Thompson,Consumer,Grand Rapids,Michigan,Central,Office Supplies,Labels,Labels - Model F287,2,16.66,0.1,,12.55,17.86
ORD-2024-02930,11/30/2024,2024-12-07,Standard Class,CUST-4580,Harper Smith,Home Office,Newark,New Jersey,East,Office Supplies,Pens,Pens - Model K100,3,78.73,0.1,212.57,80.66,2.66
ORD-2023-02931,12/07/2023,2023-12-12,Standard Class,CUST-9779,Isabella Thompson,Consumer,Mesa,Arizona,West,Clothing,Shoes,Shoes - Model A200,1,205.96,0.15,175.07,92.13,44.68
ORD-2022-02932,01/04/2022,2022-01-09,Standard Class,CUST-2939,Barbara Rodriguez,Home Office,Aurora,Illinois,Central,Technology,Tablets,Tablets - Model D542,4,1648.89,0.0,6595.56,937.23,9.77
ORD-2022-02933,06/18/2022,2022-06-24,Standard Class,CUST-4138,James Harris,Consumer,Richmond,Virginia,South,Furniture,Storage,Storage - Model O585,12,854.59,0.0,10255.08,292.14,14.6
ORD-2023-02934,01/27/2023,2023-02-02,Standard Class,CUST-9456,Amelia Martin,Corporate,Eugene,Oregon,West,Office Supplies,Paper,Paper - Model J207,5,100.89,0.0,504.45,96.4,34.63
ORD-2023-02935,11/28/2023,2023-12-03,Second Class,CUST-7963,Christopher Anderson,Corporate,Tampa,Florida,South,Furniture,Tables,Tables - Model D761,4,700.47,0.0,2801.88,373.04,21.1
ORD-2023-02936,12/09/2023,2023-12-13,Standard Class,CUST-5322,Jennifer Miller,Consumer,Stamford,Connecticut,East,Office Supplies,Envelopes,Envelopes - Model D412,2,180.95,0.0,361.9,133.36,44.73
ORD-2022-02937,12/11/2022,2022-12-18,Standard Class,CUST-7994,Sandra Lopez,Corporate,Buffalo,New York,East,Clothing,Shoes,Shoes - Model K947,7,110.93,0.25,582.38,-64.13,33.35
ORD-2024-02938,12/16/2024,2024-12-23,Standard Class,CUST-4456,Michael White,Corporate,Newark,New Jersey,East,Clothing,Jackets,Jackets - Model P660,3,164.11,0.05,467.71,121.21,37.5
ORD-2021-02939,12/21/2021,2021-12-21,Same Day,CUST-3453,Amelia Wilson,Consumer,Tacoma,Washington,West,Office Supplies,Labels,Labels - Model C376,2,12.54,0.0,25.08,9.02,10.45
ORD-2021-02940,06/17/2021,2021-06-20,Second Class,CUST-5049,,Consumer,Aurora,Illinois,Central,Office Supplies,Binders,Binders - Model G897,9,13.19,0.0,118.71,19.05,17.46
ORD-2024-02941,21-Nov-2024,2024-11-21,Same Day,CUST-0708,Margaret Lopez,Home Office,Rochester,New York,East,,Bookcases,Bookcases - Model L559,5,1106.41,0.2,4425.64,641.3,24.63
ORD-2022-02942,07/17/2022,2022-07-22,Second Class,CUST-9484,Matthew Rodriguez,Corporate,Spokane,Washington,West,Office Supplies,Envelopes,Envelopes - Model M546,10,125.92,0.0,1259.2,339.14,35.55
ORD-2024-02943,03/16/2024,2024-03-16,Same Day,CUST-3662,Patricia Ramirez,Corporate,Naperville,Illinois,,Clothing,Pants,Pants - Model G947,5,379.9,0.1,1709.55,496.05,74.86
ORD-2023-02944,01/08/2023,2023-01-14,Standard Class,CUST-9169,Thomas Sanchez,Corporate,Rochester,New York,East,Technology,Laptops,Laptops - Model J385,1,2336.74,0.0,2336.74,327.49,11.61
ORD-2024-02945,11/18/2024,2024-11-21,First Class,CUST-8197,Susan Taylor,Corporate,Norfolk,Virginia,South,Office Supplies,Envelopes,Envelopes - Model B370,5,92.23,0.0,461.15,101.99,44.99
ORD-2024-02946,07/20/2024,2024-07-23,First Class,CUST-1544,David Rodriguez,Home Office,Las Vegas,Nevada,West,Furniture,Chairs,Chairs - Model A114,11,965.63,0.25,7966.45,928.41,25.12
ORD-2024-02947,12/06/2024,2024-12-11,Standard Class,CUST-0197,Sarah Johnson,Consumer,San Francisco,California,West,Technology,Accessories,Accessories - Model A309,6,2058.01,0.05,11730.66,2401.47,45.45
ORD-2021-02948,11/03/2021,2021-11-10,Standard Class,CUST-5462,Joseph Davis,Consumer,Spokane,Washington,West,Furniture,Storage,Storage - Model C360,9,888.64,0.1,7197.98,846.12,34.13
ORD-2024-02949,10/05/2024,2024-10-08,First Class,CUST-0988,Charlotte Williams,Consumer,Jersey City,New Jersey,East,Clothing,Shirts,Shirts - Model B620,12,55.96,0.3,470.06,-137.13,7.32
ORD-2024-02950,08/10/2024,2024-08-12,First Class,CUST-7673,Sophia Jones,Corporate,Houston,Texas,Central,Office Supplies,Pens,Pens - Model O234,3,96.66,0.0,289.98,117.63,49.55
ORD-2024-02951,06/04/2024,2024-06-09,Standard Class,CUST-0472,Ava Moore,Corporate,Jersey City,New Jersey,East,Clothing,Pants,Pants - Model B323,8,134.0,0.15,911.2,372.77,27.18
ORD-2023-02952,06/16/2023,2023-06-19,Second Class,CUST-6127,Ava Anderson,Consumer,Sacramento,California,West,Clothing,Shoes,Shoes - Model H545,12,335.46,0.25,3019.14,1371.24,19.07
ORD-2023-02953,11/29/2023,2023-12-01,First Class,CUST-4313,Emily Davis,Home Office,Cleveland,Ohio,Central,Furniture,Storage,Storage - Model G610,10,1450.75,0.0,14507.5,934.23,36.72
ORD-2024-02954,04/27/2024,2024-05-01,Second Class,CUST-4078,Patricia Lee,Corporate,Reno,Nevada,West,Furniture,Bookcases,Bookcases - Model D257,12,1024.5,0.0,12294.0,1266.96,32.34
ORD-2021-02955,11/13/2021,2021-11-18,Standard Class,CUST-0706,Susan Harris,Home Office,Columbus,Ohio,Central,Clothing,Shirts,Shirts - Model O833,4,450.0,0.25,1350.0,-254.54,35.28
ORD-2021-02956,12/16/2021,2021-12-22,Standard Class,CUST-1902,Susan Johnson,Corporate,New Haven,Connecticut,East,Office Supplies,Paper,Paper - Model B528,8,143.66,0.1,1034.35,197.71,31.03
ORD-2024-02957,05/25/2024,2024-05-30,Second Class,CUST-7605,Barbara Martin,Home Office,Detroit,Michigan,Central,Technology,Laptops,Laptops - Model A929,3,2443.84,0.0,7331.52,687.86,34.47
ORD-2021-02958,01/04/2021,2021-01-07,First Class,CUST-5336,,Corporate,Sacramento,California,West,Office Supplies,Paper,Paper - Model G731,11,40.44,0.05,422.6,117.63,43.09
ORD-2021-02959,01/21/2021,2021-01-24,Second Class,CUST-4414,John Smith,Consumer,Spokane,Washington,West,Office Supplies,Paper,Paper - Model I664,9,126.14,0.3,794.68,109.6,25.93
ORD-2023-02960,01/18/2023,2023-01-23,Second Class,CUST-5389,Charlotte Martinez,Consumer,Tacoma,Washington,West,Furniture,Storage,Storage - Model H920,12,1004.34,0.3,8436.46,770.24,6.52
ORD-2021-02961,03/21/2021,2021-03-26,Standard Class,CUST-4672,William Thompson,Consumer,Stamford,Connecticut,East,Technology,Accessories,Accessories - Model C685,5,1386.05,0.25,5197.69,300.5,35.53
ORD-2024-02962,01/07/2024,2024-01-11,Standard Class,CUST-4919,Emily Sanchez,Consumer,Los Angeles,California,West,Office Supplies,Pens,Pens - Model F550,3,65.94,0.25,148.37,26.71,49.61
ORD-2021-02963,04/06/2021,2021-04-13,Standard Class,CUST-3232,William Sanchez,Consumer,Seattle,Washington,West,Office Supplies,Binders,Binders - Model D803,6,168.83,0.0,1012.98,274.01,48.07
ORD-2024-02964,11/27/2024,2024-12-02,Standard Class,CUST-8252,Thomas White,Corporate,Sacramento,California,West,Clothing,Shoes,Shoes - Model O875,6,399.37,0.25,1797.17,364.36,7.26
ORD-2024-02965,03/17/2024,2024-03-17,Same Day,CUST-5383,Lisa Sanchez,Consumer,Jersey City,New Jersey,East,Office Supplies,Paper,Paper - Model M911,9,47.99,0.3,302.34,131.23,76.46
ORD-2023-02966,12/30/2023,2024-01-01,First Class,CUST-1544,David Rodriguez,Corporate,Minneapolis,Minnesota,Central,Technology,Tablets,Tablets - Model H874,10,54.96,0.3,384.72,-27.58,3.53
ORD-2024-02967,12/10/2024,2024-12-14,Second Class,CUST-8858,Patricia Davis,Home Office,Phoenix,Arizona,West,Office Supplies,Paper,Paper - Model P795,12,11.44,0.0,137.28,22.66,4.71
ORD-2023-02968,11/22/2023,2023-11-22,Same Day,CUST-2093,John Harris,Consumer,San Antonio,Texas,Central,Office Supplies,Pens,Pens - Model L843,5,154.21,0.25,578.29,249.54,114.64
ORD-2024-02969,12/23/2024,2024-12-27,Standard Class,CUST-9501,Nancy Harris,Consumer,Detroit,Michigan,Central,,Shoes,Shoes - Model I228,1,343.71,0.2,274.97,54.51,24.67
ORD-2024-02970,06/01/2024,2024-06-06,Standard Class,CUST-5015,Barbara Taylor,Consumer,Boston,Massachusetts,East,Clothing,Accessories,Accessories - Model P677,1,304.05,0.0,304.05,106.45,5.68
ORD-2021-02971,06/18/2021,2021-06-25,Standard Class,CUST-4456,Michael White,Consumer,Minneapolis,Minnesota,Central,,Bookcases,Bookcases - Model F274,12,507.21,0.0,6086.52,787.66,11.22
ORD-2023-02972,12/09/2023,2023-12-12,First Class,CUST-1201,Mia Brown,Consumer,Minneapolis,Minnesota,Central,Technology,Laptops,Laptops - Model L813,3,193.01,0.1,521.13,51.65,4.24
ORD-2021-02973,05/23/2021,2021-05-23,Same Day,CUST-8021,Lisa Rodriguez,Corporate,Eugene,Oregon,West,Clothing,Shoes,Shoes - Model G126,4,486.05,0.25,1458.15,317.58,11.02
ORD-2024-02974,06/02/2024,2024-06-08,Standard Class,CUST-5383,Lisa Sanchez,Consumer,Reno,Nevada,West,Technology,Monitors,Monitors - Model M606,10,1556.02,0.0,,2510.21,41.03
ORD-2021-02975,05/20/2021,2021-05-25,Standard Class,CUST-9529,Sarah Davis,Consumer,Knoxville,Tennessee,South,Technology,Monitors,Monitors - Model I140,6,2343.51,0.3,9842.74,1063.08,32.42
ORD-2024-02976,04/06/2024,2024-04-11,Standard Class,CUST-7934,Charlotte Jackson,Consumer,Jacksonville,Florida,South,Clothing,Pants,Pants - Model E984,6,241.57,0.15,1232.01,208.12,45.64
ORD-2022-02977,11/20/2022,2022-11-26,Standard Class,CUST-6160,Mia Moore,Corporate,Savannah,Georgia,South,Office Supplies,Pens,Pens - Model A353,11,4.65,0.15,43.48,12.65,17.85
ORD-2023-02978,05/27/2023,2023-06-01,Standard Class,CUST-6803,Robert Clark,Consumer,Ann Arbor,Michigan,Central,Clothing,Jackets,Jackets - Model C516,4,276.3,0.2,884.16,283.36,21.41
ORD-2023-02979,09/16/2023,2023-09-21,Standard Class,CUST-5869,Anthony Thomas,Consumer,Aurora,Illinois,Central,Technology,Accessories,Accessories - Model M380,9,86.79,0.2,624.89,39.86,32.45
ORD-2022-02980,12/30/2022,2023-01-03,Standard Class,CUST-8490,Joseph Anderson,Corporate,San Diego,California,West,,Labels,Labels - Model J172,11,55.72,0.0,612.92,234.6,27.81
ORD-2022-02981,11/03/2022,2022-11-03,Same Day,CUST-8725,Sarah Jones,Corporate,Phoenix,Arizona,West,Clothing,Jackets,Jackets - Model M293,7,314.61,0.3,1541.59,-326.73,120.63
ORD-2023-02982,12/30/2023,2024-01-03,Second Class,CUST-5988,Amelia Moore,Consumer,Grand Rapids,Michigan,Central,Clothing,Shirts,Shirts - Model B654,11,413.72,0.15,3868.28,1194.59,46.37
ORD-2021-02983,06/06/2021,2021-06-07,First Class,CUST-8568,Isabella Jones,Consumer,Hartford,Connecticut,East,Clothing,Jackets,Jackets - Model K617,6,105.31,0.25,473.89,183.01,49.73
ORD-2023-02984,11/14/2023,2023-11-18,Standard Class,CUST-7358,David Lee,Corporate,Rochester,New York,East,Clothing,Jackets,Jackets - Model J822,8,105.13,0.0,841.04,154.25,32.74
ORD-2023-02985,11/09/2023,2023-11-13,Standard Class,CUST-4945,Isabella Clark,Consumer,Reno,Nevada,West,Office Supplies,Pens,Pens - Model G419,9,158.69,0.2,1142.57,227.66,47.32
ORD-2022-02986,04/20/2022,2022-04-25,Standard Class,CUST-8263,Jessica Ramirez,Corporate,San Diego,California,West,Technology,Phones,Phones - Model L936,7,446.55,0.2,2500.68,569.03,31.95
ORD-2024-02987,11/07/2024,2024-11-13,Standard Class,CUST-0941,Christopher Robinson,Consumer,Nashville,Tennessee,,Furniture,Chairs,Chairs - Model N836,5,1400.47,0.2,5601.88,151.43,48.82
ORD-2023-02988,04/03/2023,2023-04-08,Standard Class,CUST-7605,Barbara Martin,Corporate,Savannah,Georgia,South,Furniture,Tables,Tables - Model H769,2,417.23,0.05,792.74,108.73,19.17
ORD-2022-02989,08/08/2022,2022-08-15,Standard Class,CUST-7963,Christopher Anderson,Corporate,Allentown,Pennsylvania,East,Office Supplies,Binders,Binders - Model I611,10,90.79,0.0,907.9,101.9,3.02
ORD-2021-02990,11/07/2021,2021-11-14,Standard Class,CUST-2106,John Martin,Consumer,Tacoma,Washington,West,Technology,Monitors,Monitors - Model M915,5,805.68,0.0,4028.4,516.83,48.75
ORD-2023-02991,10/10/2023,2023-10-10,Same Day,CUST-9034,Lisa Miller,Consumer,Tucson,Arizona,,Technology,Laptops,Laptops - Model E932,10,335.26,0.05,3184.97,393.93,59.78
ORD-2024-02992,04/14/2024,2024-04-16,First Class,CUST-5694,Charles Wilson,Home Office,Tucson,Arizona,West,Furniture,Desks,Desks - Model E720,4,342.52,0.0,1370.08,54.38,34.11
ORD-2023-02993,08/30/2023,2023-09-04,Standard Class,CUST-0371,Daniel Martin,Consumer,Jersey City,New Jersey,East,Clothing,Jackets,Jackets - Model D599,12,168.48,0.25,1516.32,559.58,11.71
ORD-2021-02994,09/28/2021,2021-10-01,Second Class,CUST-6127,Ava Anderson,Consumer,Spokane,Washington,West,,Jackets,Jackets - Model C753,1,421.46,0.05,400.39,132.53,7.02
ORD-2021-02995,08/07/2021,2021-08-10,Second Class,CUST-8326,Matthew Perez,Corporate,Stamford,Connecticut,East,Clothing,Pants,Pants - Model E555,9,202.63,0.0,1823.67,866.04,15.91
ORD-2024-02996,07/02/2024,2024-07-05,Second Class,CUST-9034,Lisa Miller,Consumer,Trenton,New Jersey,East,Technology,Monitors,Monitors - Model C368,11,1500.6,0.15,14030.61,1064.05,11.18
ORD-2022-02997,11/21/2022,2022-11-28,Standard Class,CUST-8858,Patricia Davis,Home Office,Tucson,Arizona,West,,Pens,Pens - Model L794,11,118.31,0.0,1301.41,248.47,9.1
ORD-2021-02998,11/25/2021,2021-11-28,Second Class,CUST-5470,Harper Hernandez,Corporate,Hartford,Connecticut,East,Clothing,Shirts,Shirts - Model J234,2,79.18,0.0,158.36,74.71,2.3
ORD-2022-02999,08/10/2022,2022-08-12,First Class,CUST-0867,Robert Ramirez,Corporate,New York City,New York,East,Office Supplies,Pens,Pens - Model F455,11,188.45,0.2,1658.36,712.02,26.83
ORD-2021-03000,10/19/2021,2021-10-23,Standard Class,CUST-3761,James Lewis,Consumer,Cleveland,Ohio,Central,Technology,Tablets,Tablets - Model M609,4,1521.37,0.0,6085.48,1058.94,35.5
ORD-2024-03001,08/13/2024,2024-08-20,Standard Class,CUST-0017,Margaret Sanchez,Home Office,Buffalo,New York,East,Furniture,Desks,Desks - Model G675,11,1360.91,0.15,12724.51,443.73,44.07
ORD-2024-03002,12/25/2024,2024-12-29,Second Class,CUST-1388,Elizabeth Robinson,Consumer,Phoenix,Arizona,West,Clothing,Pants,Pants - Model F470,6,114.51,0.0,687.06,229.49,37.03
ORD-2022-03003,03/19/2022,2022-03-26,Standard Class,CUST-0995,Lisa Brown,Corporate,Philadelphia,Pennsylvania,East,Furniture,Bookcases,Bookcases - Model H864,11,1117.98,0.05,11682.89,2035.52,5.42
ORD-2023-03004,04/22/2023,2023-04-28,Standard Class,CUST-1630,Michael Gonzalez,Consumer,Chicago,Illinois,Central,Technology,Monitors,Monitors - Model K811,3,201.16,0.25,,-29.94,35.22
ORD-2021-03005,02/10/2021,2021-02-11,First Class,CUST-9006,Michael Johnson,Consumer,Los Angeles,California,West,Clothing,Shirts,Shirts - Model B846,9,462.31,0.2,3328.63,1170.11,34.01
ORD-2023-03006,03/15/2023,2023-03-18,First Class,CUST-6035,Daniel White,Corporate,Portland,Oregon,West,Office Supplies,Envelopes,Envelopes - Model K475,12,88.08,0.1,951.26,198.91,8.79
ORD-2021-03007,12/26/2021,2022-01-02,Standard Class,CUST-7302,Harper Williams,Consumer,Austin,Texas,Central,Office Supplies,Binders,Binders - Model F881,3,19.85,0.2,47.64,5.73,48.12
ORD-2022-03008,12/29/2022,2023-01-04,Standard Class,CUST-5543,Isabella Hernandez,Corporate,Knoxville,Tennessee,South,Technology,Laptops,Laptops - Model K567,8,1151.04,0.05,8747.9,647.71,14.17
ORD-2022-03009,08/17/2022,2022-08-19,First Class,CUST-0745,Robert Brown,Consumer,Charlotte,North Carolina,South,Office Supplies,Binders,Binders - Model G848,8,41.62,0.1,299.66,125.71,49.17
ORD-2024-03010,08/24/2024,2024-08-24,Same Day,CUST-7085,Richard Thompson,Home Office,Grand Rapids,Michigan,Central,Clothing,Shoes,Shoes - Model L407,11,399.53,0.0,4394.83,1266.24,81.41
ORD-2024-03011,02/10/2024,2024-02-10,SAME DAY,CUST-7257,Nancy Anderson,Corporate,Ann Arbor,Michigan,Central,Office Supplies,Binders,Binders - Model G518,9,94.56,0.0,851.04,270.99,60.2
ORD-2021-03012,02/18/2021,2021-02-20,First Class,CUST-9622,Susan Perez,Consumer,Cleveland,Ohio,Central,,Monitors,Monitors - Model M914,10,2188.74,0.0,21887.4,1472.56,28.63
ORD-2024-03013,12/30/2024,2025-01-03,Standard Class,CUST-1630,Michael Gonzalez,Corporate,Allentown,Pennsylvania,East,Furniture,Bookcases,Bookcases - Model G757,2,553.5,0.2,885.6,44.6,43.91
ORD-2022-03014,11/17/2022,2022-11-21,Second Class,CUST-2111,Charlotte Brown,Corporate,Jacksonville,Florida,South,Technology,Tablets,Tablets - Model I352,6,1921.38,0.2,9222.62,2077.52,39.79
ORD-2021-03015,05/18/2021,2021-05-22,Second Class,CUST-5792,Jessica Garcia,Corporate,San Francisco,California,West,Technology,Phones,Phones - Model P900,4,358.72,0.25,,132.46,7.78
ORD-2022-03016,01/06/2022,2022-01-10,Second Class,CUST-0706,Susan Harris,Corporate,Salem,Oregon,West,Office Supplies,Binders,Binders - Model C553,3,155.48,0.0,466.44,166.98,33.01
ORD-2022-03017,07/28/2022,2022-07-31,Second Class,CUST-2649,Ava Smith,Consumer,Naperville,Illinois,Central,Technology,Monitors,Monitors - Model P647,4,907.04,0.15,3083.94,339.79,16.17
ORD-2024-03018,06/22/2024,2024-06-29,Standard Class,CUST-4641,Karen Taylor,Consumer,Savannah,Georgia,South,Clothing,Pants,Pants - Model I942,2,125.62,0.0,251.24,131.39,15.36
ORD-2021-03019,01/13/2021,2021-01-16,Second Class,CUST-6484,Harper Miller,Consumer,Jacksonville,Florida,South,Technology,Laptops,Laptops - Model C402,6,2266.37,0.05,12918.31,2593.19,15.51
ORD-2024-03020,12/24/2024,2024-12-27,First Class,CUST-4992,Linda Jones,Corporate,Ann Arbor,Michigan,Central,Office Supplies,Pens,Pens - Model J155,3,28.17,0.25,63.38,22.3,34.92
ORD-2021-03021,11/23/2021,2021-11-28,Standard Class,CUST-0197,Sarah Johnson,Corporate,Savannah,Georgia,South,Office Supplies,Pens,Pens - Model I459,2,143.01,0.0,286.02,69.2,25.46
ORD-2024-03022,11/05/2024,2024-11-12,Standard Class,CUST-0710,David Miller,Consumer,Jersey City,New Jersey,East,Office Supplies,Binders,Binders - Model K555,12,199.47,0.1,2154.28,355.14,13.0
ORD-2022-03023,05/04/2022,2022-05-09,Standard Class,CUST-8742,Anthony Miller,Corporate,Trenton,New Jersey,East,Office Supplies,Binders,Binders - Model K126,3,191.51,0.0,574.53,147.39,23.41
ORD-2024-03024,08/26/2024,2024-08-27,First Class,CUST-8549,Mark Anderson,Consumer,Eugene,Oregon,West,Office Supplies,Labels,Labels - Model P803,12,99.23,0.15,1012.15,150.95,10.76
ORD-2021-03025,06/18/2021,2021-06-23,Second Class,CUST-6127,Ava Anderson,Corporate,Miami,Florida,South,Furniture,Desks,Desks - Model E148,4,362.36,0.3,1014.61,-55.05,46.13
ORD-2022-03026,03/07/2022,2022-03-12,Second Class,CUST-4874,Margaret Hernandez,Corporate,Salem,Oregon,West,Clothing,Shoes,Shoes - Model N679,5,323.56,0.05,1536.91,480.81,18.26
ORD-2023-03027,02/08/2023,2023-02-13,Second Class,CUST-0041,Betty Lewis,Corporate,Ann Arbor,Michigan,Central,Furniture,Desks,Desks - Model J920,6,1096.85,0.05,6252.04,908.59,30.63
ORD-2023-03028,10/17/2023,2023-10-24,Standard Class,CUST-7994,Sandra Lopez,Home Office,Allentown,Pennsylvania,East,Clothing,Shoes,Shoes - Model H349,5,100.54,0.3,351.89,166.86,6.68
ORD-2022-03029,06/16/2022,2022-06-22,Standard Class,CUST-8884,Thomas Jones,Consumer,Reno,Nevada,West,Technology,Phones,Phones - Model I132,7,959.55,0.1,6045.16,1496.13,21.04
ORD-2021-03030,07/15/2021,2021-07-16,First Class,CUST-8904,James Hernandez,Consumer,Cincinnati,Ohio,Central,Office Supplies,Paper,Paper - Model G625,4,53.62,0.15,182.31,44.6,41.43
ORD-2022-03031,03/19/2022,2022-03-24,Standard Class,CUST-1809,Christopher Lewis,Corporate,Newark,New Jersey,East,Furniture,Chairs,Chairs - Model J598,7,83.43,0.2,467.21,,49.06
ORD-2023-03032,01/16/2023,2023-01-22,Standard Class,CUST-4997,Margaret Moore,Consumer,Mesa,Arizona,West,Office Supplies,Envelopes,Envelopes - Model P917,10,168.98,0.05,1605.31,446.66,9.19
ORD-2024-03033,10/08/2024,2024-10-08,Same Day,CUST-4522,Betty Davis,Consumer,Phoenix,Arizona,West,Furniture,Storage,Storage - Model B631,4,153.55,0.0,614.2,89.87,87.61
ORD-2023-03034,11/21/2023,2023-11-22,First Class,CUST-8993,Margaret Wilson,Home Office,Reno,Nevada,West,Technology,Accessories,Accessories - Model C644,2,2440.38,0.2,3904.61,677.17,14.05
ORD-2021-03035,08/23/2021,2021-08-28,Second Class,CUST-2971,Sandra Taylor,Consumer,Naperville,Illinois,Central,Technology,Tablets,Tablets - Model H837,10,1412.45,0.25,,,18.84
ORD-2022-03036,11/11/2022,2022-11-16,Second Class,CUST-4919,Emily Sanchez,Corporate,Saint Paul,Minnesota,,Technology,Accessories,Accessories - Model J272,7,245.75,0.0,1720.25,134.82,23.31
ORD-2021-03037,02/28/2021,2021-03-05,Standard Class,CUST-1910,Sarah Thompson,Home Office,Knoxville,Tennessee,South,Technology,Monitors,Monitors - Model D150,12,627.95,0.25,5651.55,-381.04,29.19
ORD-2021-03038,12/27/2021,2021-12-31,Standard Class,CUST-6836,,Home Office,Virginia Beach,Virginia,South,Office Supplies,Pens,Pens - Model O282,7,155.38,0.05,1033.28,139.57,18.08
ORD-2023-03039,11/15/2023,2023-11-15,Same Day,CUST-6258,Betty Thompson,Consumer,Buffalo,New York,East,Office Supplies,Envelopes,Envelopes - Model A318,6,57.18,0.0,343.08,134.0,51.48
ORD-2021-03040,11/03/2021,2021-11-10,Standard Class,CUST-6157,Charlotte Miller,Consumer,Knoxville,Tennessee,South,Technology,Monitors,Monitors - Model N389,9,1750.21,0.1,14176.7,923.94,10.43
ORD-2021-03041,11/01/2021,2021-11-08,Standard Class,CUST-1941,James Martinez,Consumer,Pittsburgh,Pennsylvania,East,Furniture,Tables,Tables - Model K242,7,427.43,0.05,2842.41,252.06,7.32
ORD-2023-03042,11/28/2023,2023-12-01,First Class,CUST-6994,Ava Robinson,Consumer,Detroit,Michigan,Central,Office Supplies,Envelopes,Envelopes - Model L409,9,99.59,0.0,896.31,321.29,4.53
ORD-2023-03043,06/01/2023,2023-06-07,Standard Class,CUST-6160,Mia Moore,Consumer,Trenton,New Jersey,East,Technology,Phones,Phones - Model N925,7,1282.5,0.3,6284.25,1467.99,49.02
ORD-2023-03044,06/20/2023,2023-06-21,First Class,CUST-9986,Ava Garcia,Consumer,Tucson,Arizona,West,Technology,Laptops,Laptops - Model M177,10,1448.12,0.05,13757.14,1034.23,37.11
ORD-2022-03045,05/23/2022,2022-05-26,First Class,CUST-9635,Mia Martinez,Home Office,Ann Arbor,Michigan,Central,Furniture,Bookcases,Bookcases - Model G560,12,800.99,0.05,9131.29,925.74,24.43
ORD-2024-03046,02/01/2024,2024-02-03,First Class,CUST-2508,Richard Lopez,Home Office,Eugene,Oregon,West,Clothing,Jackets,Jackets - Model J434,7,165.58,0.2,927.25,221.09,20.5
ORD-2022-03047,03/06/2022,2022-03-07,First Class,CUST-2232,Anthony Hernandez,Corporate,Phoenix,Arizona,West,Technology,Tablets,Tablets - Model F199,1,615.72,0.3,431.0,91.81,16.51
ORD-2024-03048,01/06/2024,2024-01-12,Standard Class,CUST-7085,Richard Thompson,Consumer,San Francisco,California,West,Furniture,Bookcases,Bookcases - Model P825,12,540.13,0.0,6481.56,223.91,30.82
ORD-2024-03049,04/22/2024,2024-04-29,Standard Class,CUST-0245,Michael Harris,Consumer,Los Angeles,California,West,Office Supplies,Pens,Pens - Model P373,12,3.39,0.3,28.48,-9.45,24.68
ORD-2022-03050,08/31/2022,2022-09-05,Standard Class,CUST-9622,Susan Perez,Home Office,Tacoma,Washington,West,Clothing,Jackets,Jackets - Model H659,3,388.84,0.3,816.56,-60.62,2.93
ORD-2024-03051,11/04/2024,2024-11-09,Standard Class,CUST-6776,Sophia Miller,Corporate,Durham,North Carolina,South,Technology,Tablets,Tablets - Model B390,8,1699.39,0.0,13595.12,2327.02,44.49
ORD-2023-03052,12/12/2023,2023-12-18,Standard Class,CUST-5783,Isabella Perez,Consumer,Los Angeles,California,West,Furniture,Tables,Tables - Model H165,12,942.03,0.3,7913.05,983.56,18.46
ORD-2024-03053,10/17/2024,2024-10-17,Same Day,CUST-8197,Susan Taylor,Consumer,Chicago,Illinois,Central,Technology,Phones,Phones - Model P262,4,412.4,0.0,1649.6,298.21,110.83
ORD-2024-03054,10/09/2024,2024-10-11,First Class,CUST-4566,Mary Perez,Consumer,Minneapolis,Minnesota,,Office Supplies,Paper,Paper - Model A621,9,42.28,0.1,342.47,64.26,18.29
ORD-2023-03055,09/22/2023,2023-09-29,Standard Class,CUST-2332,Sandra Ramirez,Corporate,Reno,Nevada,West,Technology,Laptops,Laptops - Model G697,3,1291.89,0.05,3681.89,244.18,30.94
ORD-2023-03056,02/06/2023,2023-02-13,Standard Class,CUST-6754,Joseph Ramirez,Corporate,Salem,Oregon,West,Furniture,Tables,Tables - Model J192,1,1014.18,0.0,1014.18,199.75,16.44
ORD-2022-03057,12/15/2022,2022-12-17,First Class,CUST-2233,John Anderson,Corporate,Sacramento,California,West,Office Supplies,Paper,Paper - Model O912,8,157.94,0.3,884.46,,22.53
ORD-2023-03058,12/29/2023,2024-01-05,Standard Class,CUST-1597,Nancy Lewis,Corporate,Buffalo,New York,East,  Technology  ,Phones,Phones - Model C805,5,205.24,0.0,1026.2,159.49,47.5
ORD-2022-03059,12/06/2022,2022-12-13,Standard Class,CUST-3708,Sandra Perez,Consumer,Portland,Oregon,West,Office Supplies,Paper,Paper - Model K255,9,103.73,0.0,933.57,194.65,45.65
ORD-2021-03060,02/20/2021,2021-02-25,Second Class,CUST-5383,Lisa Sanchez,Consumer,San Diego,California,West,Clothing,Shirts,Shirts - Model I228,1,382.25,0.25,286.69,-44.77,23.12
ORD-2024-03061,01/18/2024,2024-01-19,First Class,CUST-5948,Emily Taylor,Home Office,Philadelphia,Pennsylvania,East,Furniture,Tables,Tables - Model G429,9,988.61,0.0,8897.49,1272.33,5.55
ORD-2022-03062,03/18/2022,2022-03-23,Standard Class,CUST-1384,Anthony Sanchez,Consumer,Spokane,Washington,,Clothing,Pants,Pants - Model O417,11,50.51,0.15,472.27,160.26,4.56
ORD-2023-03063,11/07/2023,2023-11-14,Standard Class,CUST-0454,Thomas Johnson,Consumer,Hartford,Connecticut,East,Furniture,Desks,Desks - Model I325,12,477.49,0.0,5729.88,852.22,33.1
ORD-2023-03064,10/28/2023,2023-11-04,Standard Class,CUST-2131,Matthew Smith,Corporate,Ann Arbor,Michigan,Central,Furniture,Tables,Tables - Model H157,5,1230.47,0.05,5844.73,1064.18,4.12
ORD-2024-03065,09/24/2024,2024-09-27,Second Class,CUST-1814,Barbara Williams,Corporate,San Diego,California,West,Technology,Accessories,Accessories - Model E716,3,933.65,0.3,1960.66,358.24,30.63
ORD-2024-03066,05/07/2024,2024-05-12,Standard Class,CUST-1661,John Johnson,Home Office,Columbus,Ohio,Central,Technology,Laptops,Laptops - Model G813,9,983.52,0.15,7523.93,,39.24
ORD-2022-03067,11/30/2022,2022-12-06,Standard Class,CUST-4964,Nancy Jackson,Home Office,Miami,Florida,South,Furniture,Bookcases,Bookcases - Model L166,4,1291.91,0.1,4650.88,424.7,5.65
ORD-2022-03068,01/22/2022,2022-01-28,Standard Class,CUST-9753,Jessica Perez,Consumer,Philadelphia,Pennsylvania,East,Clothing,Accessories,Accessories - Model H381,1,12.71,0.25,9.53,4.43,33.3
ORD-2024-03069,11/16/2024,2024-11-19,First Class,CUST-8326,Matthew Perez,Corporate,Aurora,Illinois,Central,Clothing,Pants,Pants - Model F197,6,186.11,0.05,1060.83,519.72,39.74
ORD-2022-03070,10/19/2022,2022-10-24,Standard Class,CUST-5462,Joseph Davis,Home Office,Tucson,Arizona,West,Office Supplies,Paper,Paper - Model B133,3,63.93,0.05,182.2,49.72,36.02
ORD-2024-03071,11/11/2024,2024-11-17,Standard Class,CUST-0015,,Consumer,Tacoma,Washington,West,Clothing,Jackets,Jackets - Model P820,9,364.03,0.0,3276.27,1690.92,18.63
ORD-2024-03072,07/10/2024,2024-07-16,Standard Class,CUST-7479,Joseph Gonzalez,Consumer,Raleigh,North Carolina,South,Office Supplies,Paper,Paper - Model M839,4,188.13,0.1,677.27,275.22,25.58
ORD-2024-03073,08/24/2024,2024-08-26,First Class,CUST-1597,Nancy Lewis,Consumer,Rochester,Minnesota,Central,Office Supplies,Paper,Paper - Model L858,11,94.13,0.1,931.89,358.33,43.64
ORD-2022-03074,01/22/2022,2022-01-27,Second Class,CUST-4248,Joseph Jackson,Consumer,Tucson,Arizona,West,Furniture,Bookcases,Bookcases - Model P399,5,354.12,0.25,1327.95,-238.94,32.27
ORD-2021-03075,11/24/2021,2021-11-28,Standard Class,CUST-4835,Lisa Smith,Home Office,Los Angeles,California,West,Office Supplies,Paper,Paper - Model P452,6,194.92,0.25,877.14,,5.45
ORD-2023-03076,05/03/2023,2023-05-03,Same Day,CUST-7934,Charlotte Jackson,Consumer,Columbus,Ohio,Central,Office Supplies,Envelopes,Envelopes - Model K463,1,158.97,0.0,158.97,65.72,71.55
ORD-2023-03077,12/18/2023,2023-12-23,Second Class,CUST-0710,David Miller,Consumer,Pittsburgh,Pennsylvania,East,Technology,Accessories,Accessories - Model H910,3,2278.31,0.0,,762.19,12.72
ORD-2022-03078,12/04/2022,2022-12-05,First Class,CUST-6994,Ava Robinson,Consumer,Detroit,Michigan,Central,Furniture,Tables,Tables - Model G637,4,1153.55,0.0,4614.2,492.16,16.98
ORD-2022-03079,06/20/2022,2022-06-26,Standard Class,CUST-8671,John Gonzalez,Consumer,Chicago,Illinois,Central,Furniture,Desks,Desks - Model L673,1,273.28,0.05,259.62,10.83,26.37
ORD-2023-03080,10/30/2023,2023-11-03,Second Class,CUST-5088,Isabella Anderson,Corporate,Cincinnati,Ohio,Central,Furniture,Bookcases,Bookcases - Model H599,11,1168.02,0.1,11563.4,2111.89,4.21
ORD-2024-03081,03/19/2024,2024-03-20,First Class,CUST-5088,Isabella Anderson,Consumer,San Francisco,California,West,Clothing,Pants,Pants - Model C839,5,485.1,0.0,2425.5,589.26,18.85
ORD-2023-03082,06/16/2023,2023-06-23,Standard Class,CUST-4039,Sarah Perez,Consumer,Eugene,Oregon,West,Technology,Tablets,Tablets - Model D975,11,916.07,0.25,7557.58,1381.76,4.71
ORD-2023-03083,07/11/2023,2023-07-16,Standard Class,CUST-5389,Charlotte Martinez,Consumer,San Antonio,Texas,Central,Office Supplies,Paper,Paper - Model I208,10,2.02,0.0,20.2,7.45,23.49
ORD-2022-03084,10/12/2022,2022-10-13,First Class,CUST-5383,Lisa Sanchez,Consumer,Springfield,Massachusetts,East,Clothing,Shoes,Shoes - Model G332,8,417.54,0.05,3173.3,1003.37,42.65
ORD-2022-03085,02/17/2022,2022-02-24,Standard Class,CUST-4248,Joseph Jackson,Consumer,Eugene,Oregon,West,Technology,Monitors,Monitors - Model K643,4,2024.12,0.1,7286.83,614.59,38.05
ORD-2024-03086,01/10/2024,2024-01-16,Standard Class,CUST-9779,Isabella Thompson,Consumer,San Francisco,California,West,Clothing,Jackets,Jackets - Model J717,4,203.95,0.25,611.85,147.54,6.77
ORD-2021-03087,02/02/2021,2021-02-08,Standard Class,CUST-5792,Jessica Garcia,Consumer,Knoxville,Tennessee,South,Furniture,Storage,Storage - Model G372,10,1045.97,0.2,8367.76,588.53,40.65
ORD-2024-03088,05/12/2024,2024-05-16,Standard Class,CUST-3042,David Perez,Consumer,Cleveland,Ohio,Central,Office Supplies,Binders,Binders - Model N236,7,92.0,0.0,644.0,279.61,27.85
ORD-2024-03089,08/09/2024,2024-08-13,Standard Class,CUST-6384,Sarah Martinez,Corporate,Spokane,Washington,West,Clothing,Pants,Pants - Model F911,3,68.97,0.25,155.18,63.58,49.42
ORD-2024-03090,04/22/2024,2024-04-23,First Class,CUST-6235,Charles Williams,Consumer,Philadelphia,Pennsylvania,East,Clothing,Shoes,Shoes - Model O712,2,351.03,0.0,702.06,234.54,9.22
ORD-2022-03091,07/14/2022,2022-07-21,Standard Class,CUST-6384,Sarah Martinez,Corporate,Las Vegas,Nevada,West,Furniture,Tables,Tables - Model G754,12,846.67,0.0,10160.04,1069.85,25.55
ORD-2022-03092,02/23/2022,2022-03-02,Standard Class,CUST-3042,David Perez,Home Office,Seattle,Washington,West,Clothing,Pants,Pants - Model M758,10,267.72,0.25,2007.9,477.78,7.62
ORD-2021-03093,04/09/2021,2021-04-13,Standard Class,CUST-0472,Ava Moore,Corporate,Eugene,Oregon,West,Office Supplies,Envelopes,Envelopes - Model I567,11,153.07,0.0,1683.77,513.37,42.94
ORD-2023-03094,03/28/2023,2023-04-02,Second Class,CUST-3195,Thomas Harris,Consumer,Augusta,Georgia,South,Furniture,Storage,Storage - Model M652,7,371.52,0.2,2080.51,315.87,25.52
ORD-2023-03095,05/26/2023,2023-05-30,Standard Class,CUST-4965,John Moore,Consumer,Savannah,Georgia,South,Office Supplies,Pens,Pens - Model A362,1,130.92,0.1,117.83,16.49,11.4
ORD-2023-03096,11/12/2023,2023-11-12,Same Day,CUST-8021,Lisa Rodriguez,Corporate,Reno,Nevada,West,Clothing,Accessories,Accessories - Model A609,8,427.73,0.3,2395.29,1055.2,53.24
ORD-2023-03097,11/24/2023,2023-11-27,First Class,CUST-6941,Thomas Taylor,Corporate,Newark,New Jersey,East,Technology,Laptops,Laptops - Model F283,11,787.2,0.2,6927.36,946.45,48.68
ORD-2023-03098,04/27/2023,2023-05-02,Standard Class,CUST-0435,Barbara White,Corporate,New Haven,Connecticut,East,Clothing,Shirts,Shirts - Model J323,9,408.11,0.05,3489.34,798.54,29.4
ORD-2022-03099,02/09/2022,2022-02-13,Second Class,CUST-7479,Joseph Gonzalez,Corporate,Mesa,Arizona,West,Technology,Accessories,Accessories - Model M884,5,1461.22,0.15,6210.19,866.68,48.82
ORD-2022-03100,08/31/2022,2022-09-03,Second Class,CUST-0827,Harper Wilson,Home Office,Newark,New Jersey,East,Office Supplies,Pens,Pens - Model O258,1,151.04,0.0,151.04,38.01,42.71
ORD-2023-03101,03/07/2023,2023-03-07,Same Day,CUST-0702,Matthew Martin,Corporate,Worcester,Massachusetts,East,Technology,Accessories,Accessories - Model N653,1,1250.79,0.0,1250.79,244.19,10.52
ORD-2021-03102,06/12/2021,2021-06-16,Standard Class,CUST-1941,James Martinez,Consumer,New York City,New York,East,Furniture,Bookcases,Bookcases - Model J891,3,349.25,0.0,1047.75,46.7,18.5
ORD-2022-03103,12/06/2022,2022-12-11,Second Class,CUST-8591,Christopher Gonzalez,Consumer,Salem,Oregon,West,Technology,Laptops,Laptops - Model A273,6,681.67,0.0,4090.02,676.51,7.08
ORD-2022-03104,01/23/2022,2022-01-30,Standard Class,CUST-2741,Linda Lewis,Consumer,Trenton,New Jersey,East,Clothing,Accessories,Accessories - Model H531,5,425.57,0.15,1808.67,290.2,30.77
ORD-2021-03105,12/28/2021,2021-12-28,Same Day,CUST-3131,Mary Brown,Home Office,Cincinnati,Ohio,Central,Furniture,Chairs,Chairs - Model J809,4,1287.11,0.2,4118.75,157.37,33.36
ORD-2021-03106,12/30/2021,2022-01-03,Standard Class,CUST-8774,Karen Anderson,Home Office,Jersey City,New Jersey,East,Technology,Monitors,Monitors - Model E328,8,225.08,0.1,,179.33,4.82
ORD-2021-03107,07/16/2021,2021-07-23,Standard Class,CUST-4860,Linda Davis,Corporate,Mesa,Arizona,West,,Accessories,Accessories - Model K651,1,102.8,0.0,102.8,21.27,40.51
ORD-2023-03108,09/19/2023,2023-09-23,Standard Class,CUST-0995,Lisa Brown,Consumer,Knoxville,Tennessee,South,Office Supplies,Binders,Binders - Model I284,10,91.4,0.0,914.0,164.94,37.71
ORD-2023-03109,08/06/2023,2023-08-10,Standard Class,CUST-3655,Karen Clark,Consumer,Miami,Florida,South,Furniture,Tables,Tables - Model N846,11,978.19,0.1,9684.08,1301.74,7.91
ORD-2021-03110,01/17/2021,2021-01-20,First Class,CUST-4992,Linda Jones,Home Office,Chicago,Illinois,Central,Clothing,Pants,Pants - Model G328,5,285.29,0.3,998.51,-159.09,45.07
ORD-2021-03111,05/11/2021,2021-05-17,Standard Class,CUST-1446,Elizabeth Moore,Corporate,Jersey City,New Jersey,East,Office Supplies,Paper,Paper - Model K529,2,92.37,0.05,175.5,70.65,10.52
ORD-2022-03112,12/09/2022,2022-12-09,Same Day,CUST-0017,Margaret Sanchez,Home Office,Reno,Nevada,West,Furniture,Desks,Desks - Model G824,1,87.46,0.15,74.34,13.66,67.49
ORD-2022-03113,12/09/2022,2022-12-10,First Class,CUST-0995,Lisa Brown,Consumer,Reno,Nevada,West,Furniture,Bookcases,Bookcases - Model G835,12,38.21,0.0,458.52,75.52,42.0
ORD-2021-03114,04/23/2021,2021-04-26,Second Class,CUST-2232,Anthony Hernandez,Home Office,Dallas,Texas,Central,Furniture,Tables,Tables - Model C883,4,334.11,0.25,1002.33,25.56,39.82
ORD-2021-03115,03/27/2021,2021-03-31,Standard Class,CUST-9611,Amelia Rodriguez,Consumer,Tacoma,Washington,West,Clothing,Pants,Pants - Model I443,2,77.73,0.15,132.14,63.49,31.51
ORD-2024-03116,10/12/2024,2024-10-17,Standard Class,CUST-3664,Thomas Moore,Corporate,Worcester,Massachusetts,East,Technology,Laptops,Laptops - Model P625,7,530.71,0.1,3343.47,524.79,23.18
ORD-2023-03117,05/09/2023,2023-05-13,Standard Class,CUST-7137,Thomas Gonzalez,Corporate,Orlando,Florida,South,Office Supplies,Pens,Pens - Model F227,2,9.05,0.15,15.39,2.68,21.09
ORD-2021-03118,08/14/2021,2021-08-18,Standard Class,CUST-9779,Isabella Thompson,Consumer,Trenton,New Jersey,East,Technology,Phones,Phones - Model E722,3,1598.13,0.3,3356.07,-190.67,28.45
ORD-2024-03119,10/04/2024,2024-10-05,First Class,CUST-0968,James Martin,Consumer,Cincinnati,Ohio,Central,Office Supplies,Pens,Pens - Model I653,9,177.36,0.3,1117.37,446.42,47.3
ORD-2024-03120,11/23/2024,2024-11-29,Standard Class,CUST-4159,Charles Garcia,Corporate,Mesa,Arizona,West,Office Supplies,Pens,Pens - Model A505,1,30.92,0.2,24.74,7.49,46.69
ORD-2024-03121,03/15/2024,2024-03-15,Same Day,CUST-1816,Karen Davis,Consumer,Philadelphia,Pennsylvania,East,Clothing,Shoes,Shoes - Model P298,1,271.24,0.3,189.87,-29.9,121.37
ORD-2022-03122,03/28/2022,2022-04-04,Standard Class,CUST-4159,Charles Garcia,Corporate,Buffalo,New York,East,Office Supplies,Binders,Binders - Model J203,12,156.1,0.25,1404.9,-196.34,19.94
ORD-2022-03123,12/25/2022,2022-12-26,First Class,CUST-6035,Daniel White,Corporate,Trenton,New Jersey,East,Clothing,Pants,Pants - Model P381,3,77.2,0.0,231.6,96.97,7.38
ORD-2022-03124,10/30/2022,2022-11-05,Standard Class,CUST-2361,Betty White,Consumer,Richmond,Virginia,South,Technology,Phones,Phones - Model C498,9,279.35,0.0,2514.15,374.49,13.85
ORD-2023-03125,09/15/2023,2023-09-18,Second Class,CUST-8197,Susan Taylor,Home Office,Rochester,New York,East,Office Supplies,Envelopes,Envelopes - Model A557,4,173.32,0.0,693.28,83.16,3.91
ORD-2024-03126,07/24/2024,2024-07-28,Standard Class,CUST-9924,Elizabeth Thompson,Corporate,Portland,Oregon,West,Office Supplies,Envelopes,Envelopes - Model G771,5,41.6,0.0,208.0,40.74,19.5
ORD-2021-03127,11/08/2021,2021-11-15,Standard Class,CUST-8568,Isabella Jones,Consumer,Memphis,Tennessee,South,Clothing,Jackets,Jackets - Model M400,7,448.7,0.3,2198.63,-473.37,38.65
ORD-2021-03128,11/05/2021,2021-11-09,Standard Class,CUST-1780,David Wilson,Corporate,Tucson,Arizona,West,Clothing,Shirts,Shirts - Model C874,5,196.4,0.3,687.4,232.24,39.63
ORD-2024-03129,12/15/2024,2024-12-20,Standard Class,CUST-4835,Lisa Smith,Home Office,Reno,Nevada,West,Clothing,Jackets,Jackets - Model F441,1,259.0,0.3,181.3,-67.69,32.35
ORD-2024-03130,07/02/2024,2024-07-05,Second Class,CUST-3851,Charles Miller,Consumer,Cincinnati,Ohio,Central,Furniture,Bookcases,Bookcases - Model F361,10,1078.65,0.0,10786.5,1389.32,33.16
ORD-2022-03131,05/21/2022,2022-05-25,Second Class,CUST-5049,Patricia Garcia,Home Office,Jacksonville,Florida,South,Office Supplies,Envelopes,Envelopes - Model E558,5,184.73,0.0,923.65,391.06,36.63
ORD-2023-03132,04/13/2023,2023-04-17,Second Class,CUST-1809,Christopher Lewis,Corporate,Stamford,Connecticut,,Technology,Laptops,Laptops - Model K673,1,504.24,0.2,403.39,33.82,30.78
ORD-2022-03133,07/08/2022,2022-07-14,Standard Class,CUST-3359,Robert White,Consumer,Portland,Oregon,West,Clothing,Jackets,Jackets - Model M258,7,44.46,0.2,248.98,42.81,21.39
ORD-2022-03134,11/20/2022,2022-11-20,Same Day,CUST-1446,Elizabeth Moore,Consumer,New Haven,Connecticut,East,Furniture,Chairs,Chairs - Model G731,12,736.57,0.3,6187.19,-201.33,100.19
ORD-2024-03135,05/20/2024,2024-05-21,First Class,CUST-3655,Karen Clark,Consumer,Pittsburgh,Pennsylvania,East,Clothing,Accessories,Accessories - Model J901,12,45.34,0.3,380.86,158.76,38.98
ORD-2021-03136,11/06/2021,2021-11-09,First Class,CUST-7358,David Lee,Home Office,Mesa,Arizona,West,Office Supplies,Labels,Labels - Model C696,5,139.22,0.0,696.1,168.78,28.47
ORD-2021-03137,12/30/2021,2021-12-30,Same Day,CUST-4229,Charlotte Davis,Consumer,San Diego,California,West,Furniture,Desks,Desks - Model M615,5,795.33,0.0,3976.65,350.41,24.17
ORD-2023-03138,12/01/2023,2023-12-07,Standard Class,CUST-4229,Charlotte Davis,Home Office,Rochester,Minnesota,Central,Technology,Tablets,Tablets - Model I213,6,1989.25,0.3,8354.85,461.75,22.21
ORD-2022-03139,09/06/2022,2022-09-06,Same Day,CUST-1630,Michael Gonzalez,Consumer,Worcester,Massachusetts,East,Furniture,Tables,Tables - Model M228,8,1488.67,0.2,9527.49,827.1,34.29
ORD-2024-03140,12/21/2024,2024-12-26,Standard Class,CUST-0230,Margaret Williams,Corporate,Atlanta,Georgia,South,Technology,Laptops,Laptops - Model A418,6,1385.12,0.2,6648.58,623.71,28.46
ORD-2024-03141,05/20/2024,2024-05-26,Standard Class,CUST-6833,Margaret Martin,Consumer,Richmond,Virginia,South,Technology,Accessories,Accessories - Model M882,7,81.07,0.3,397.24,60.66,29.3
ORD-2024-03142,08/06/2024,2024-08-06,Same Day,CUST-8549,Mark Anderson,Corporate,Aurora,Illinois,Central,Office Supplies,Envelopes,Envelopes - Model B272,2,23.25,0.3,32.55,,84.72
ORD-2021-03143,03/30/2021,2021-04-02,First Class,CUST-2508,Richard Lopez,Corporate,Augusta,Georgia,South,Clothing,Jackets,Jackets - Model N980,11,298.84,0.0,3287.24,1580.01,25.15
ORD-2021-03144,08/15/2021,2021-08-22,Standard Class,CUST-8774,Karen Anderson,Home Office,Rochester,Minnesota,Central,Technology,Tablets,Tablets - Model H671,4,595.27,0.2,1904.86,243.3,32.69
ORD-2022-03145,09/18/2022,2022-09-23,Standard Class,CUST-6156,Sophia Clark,Consumer,Houston,Texas,Central,Office Supplies,Pens,Pens - Model M544,12,193.64,0.0,2323.68,320.96,17.8
ORD-2022-03146,12/19/2022,2022-12-19,Same Day,CUST-6836,Mia Anderson,Consumer,Rochester,New York,East,Office Supplies,Envelopes,Envelopes - Model P969,7,84.67,0.0,592.69,,70.39
ORD-2024-03147,10/16/2024,2024-10-19,Second Class,CUST-0697,Daniel Lewis,Home Office,Norfolk,Virginia,South,Office Supplies,Labels,Labels - Model A253,8,120.52,0.0,964.16,415.26,45.32
ORD-2022-03148,12/19/2022,2022-12-21,First Class,CUST-6884,Barbara Sanchez,Corporate,New Haven,Connecticut,East,Office Supplies,Pens,Pens - Model M421,9,117.24,0.3,738.61,-145.88,28.98
ORD-2022-03149,09/14/2022,2022-09-20,Standard Class,CUST-0710,David Miller,Consumer,Worcester,Massachusetts,East,Office Supplies,Pens,Pens - Model O301,9,173.21,0.15,1325.06,426.19,36.42
ORD-2024-03150,03/29/2024,2024-04-02,Standard Class,CUST-1968,Barbara Lewis,Corporate,Jersey City,New Jersey,East,Furniture,Tables,Tables - Model P993,7,346.95,0.0,2428.65,220.94,32.32
ORD-2024-03151,06/22/2024,2024-06-29,Standard Class,CUST-0551,,Consumer,Memphis,Tennessee,South,Clothing,Jackets,Jackets - Model N402,8,63.59,0.0,508.72,213.51,25.15
ORD-2022-03152,04/10/2022,2022-04-13,Second Class,CUST-8197,Susan Taylor,Consumer,Knoxville,Tennessee,South,Clothing,Jackets,Jackets - Model N323,5,412.31,0.0,2061.55,649.35,9.31
ORD-2021-03153,03/13/2021,2021-03-20,Standard Class,CUST-2448,John Lewis,Corporate,Durham,North Carolina,South,Clothing,Accessories,Accessories - Model H319,3,406.72,0.0,1220.16,368.14,11.98
ORD-2023-03154,10/05/2023,2023-10-09,Standard Class,CUST-5389,Charlotte Martinez,Consumer,Newark,New Jersey,East,Technology,Accessories,Accessories - Model P669,12,1557.13,0.0,18685.56,2511.72,7.79
ORD-2023-03155,01/29/2023,2023-02-03,Standard Class,CUST-9219,William Perez,Consumer,Las Vegas,Nevada,West,Office Supplies,Pens,Pens - Model J180,7,56.59,0.0,396.13,107.2,7.16
ORD-2021-03156,12/28/2021,2022-01-03,Standard Class,CUST-4229,Charlotte Davis,Home Office,Philadelphia,Pennsylvania,East,Clothing,Accessories,Accessories - Model K733,3,83.52,0.0,250.56,124.35,48.87
ORD-2021-03157,02/07/2021,2021-02-11,Standard Class,CUST-4229,Charlotte Davis,Corporate,Ann Arbor,Michigan,Central,,Chairs,Chairs - Model C619,11,1412.52,0.05,14760.83,2739.19,47.38
ORD-2021-03158,01/03/2021,2021-01-10,Standard Class,CUST-1045,Karen Perez,Consumer,Jacksonville,Florida,South,Clothing,Shirts,Shirts - Model D918,8,309.19,0.0,2473.52,494.09,47.87
ORD-2023-03159,11/18/2023,2023-11-18,Same Day,CUST-2652,Jennifer Gonzalez,Consumer,Minneapolis,Minnesota,Central,Technology,Phones,Phones - Model N786,7,927.02,0.0,6489.14,1403.86,55.63
ORD-2023-03160,04/15/2023,2023-04-16,First Class,CUST-3952,Michael Ramirez,Corporate,Sacramento,California,West,Furniture,Chairs,Chairs - Model L125,10,1392.14,0.05,13225.33,1698.27,14.49
ORD-2024-03161,02/02/2024,2024-02-07,Standard Class,CUST-4945,Isabella Clark,Corporate,Eugene,Oregon,West,Clothing,Jackets,Jackets - Model A858,8,287.54,0.1,2070.29,,16.92
ORD-2022-03162,08/07/2022,2022-08-09,First Class,CUST-6974,David Jones,Home Office,Raleigh,North Carolina,South,Furniture,Chairs,Chairs - Model H274,4,888.03,0.0,3552.12,467.81,2.47
ORD-2024-03163,10/15/2024,2024-10-19,Standard Class,CUST-5163,Jennifer Martinez,Consumer,New York City,New York,East,Technology,Monitors,Monitors - Model O253,7,1688.84,0.0,11821.88,2654.4,17.94
ORD-2021-03164,06/05/2021,2021-06-09,Standard Class,CUST-0245,Michael Harris,Consumer,Allentown,Pennsylvania,East,Technology,Accessories,Accessories - Model P957,3,1522.4,0.0,4567.2,777.1,13.67
ORD-2022-03165,11/10/2022,2022-11-15,Standard Class,CUST-5792,Jessica Garcia,Home Office,Buffalo,New York,East,Clothing,Shoes,Shoes - Model L989,7,250.73,0.0,1755.11,393.68,7.16
ORD-2023-03166,11/12/2023,2023-11-16,Standard Class,CUST-4574,Patricia Taylor,Corporate,Saint Paul,Minnesota,,Office Supplies,Labels,Labels - Model F263,3,54.39,0.0,163.17,55.76,15.02
ORD-2022-03167,12/24/2022,2022-12-27,Second Class,CUST-4997,Margaret Moore,Home Office,Norfolk,Virginia,South,Clothing,Shoes,Shoes - Model I938,9,199.46,0.3,1256.6,283.05,10.06
ORD-2022-03168,11/23/2022,2022-11-27,Second Class,CUST-6160,Mia Moore,Consumer,Los Angeles,California,West,Clothing,Shirts,Shirts - Model L178,9,95.69,0.3,602.85,244.39,7.47
ORD-2023-03169,07/15/2023,2023-07-21,Standard Class,CUST-9529,Sarah Davis,Corporate,Savannah,Georgia,South,,Desks,Desks - Model E160,12,1488.58,0.25,13397.22,-227.78,38.79
ORD-2024-03170,04/03/2024,2024-04-08,Second Class,CUST-1384,Anthony Sanchez,Consumer,Ann Arbor,Michigan,Central,Office Supplies,Envelopes,Envelopes - Model C951,2,146.24,0.0,292.48,122.83,33.17
ORD-2022-03171,04/12/2022,2022-04-19,Standard Class,CUST-0968,James Martin,Corporate,Grand Rapids,Michigan,Central,Technology,Laptops,Laptops - Model E848,5,244.19,0.0,1220.95,163.08,6.68
ORD-2023-03172,12/31/2023,2024-01-05,Standard Class,CUST-1045,Karen Perez,Consumer,Phoenix,Arizona,West,Furniture,Storage,Storage - Model I963,2,1179.61,0.05,2241.26,443.93,34.51
ORD-2024-03173,12/18/2024,2024-12-25,Standard Class,CUST-9753,Jessica Perez,Consumer,Seattle,Washington,West,Clothing,Pants,Pants - Model O572,2,113.09,0.0,226.18,61.31,42.96
ORD-2023-03174,11/06/2023,2023-11-13,Standard Class,CUST-5447,Michael Lewis,Consumer,Phoenix,Arizona,West,Clothing,Accessories,Accessories - Model N388,3,361.83,0.25,814.12,362.16,24.2
ORD-2023-03175,11/25/2023,2023-11-26,First Class,CUST-5163,Jennifer Martinez,Corporate,Tucson,Arizona,West,Clothing,Jackets,Jackets - Model I650,11,325.62,0.0,3581.82,1676.51,19.21
ORD-2022-03176,07/30/2022,2022-08-05,Standard Class,CUST-6974,David Jones,Consumer,San Francisco,California,West,Technology,Monitors,Monitors - Model E748,2,1137.13,0.0,2274.26,519.46,33.89
ORD-2022-03177,07/15/2022,2022-07-22,Standard Class,CUST-1344,Lisa Williams,Consumer,Saint Paul,Minnesota,Central,,Pants,Pants - Model K356,8,433.43,0.25,2600.58,733.98,38.41
ORD-2024-03178,12/26/2024,2024-12-30,Standard Class,CUST-6789,James Brown,Corporate,Pittsburgh,Pennsylvania,East,Technology,Phones,Phones - Model N254,2,2437.53,0.3,3412.54,559.07,14.26
ORD-2022-03179,08/07/2022,2022-08-11,Standard Class,CUST-6974,,Consumer,Rochester,New York,East,Technology,Monitors,Monitors - Model A605,1,1599.18,0.1,1439.26,170.18,30.77
ORD-2023-03180,02/11/2023,2023-02-14,Second Class,CUST-9456,Amelia Martin,Home Office,Sacramento,California,West,Technology,Phones,Phones - Model P768,5,1965.33,0.1,8843.99,732.19,17.36
ORD-2022-03181,07/05/2022,2022-07-08,First Class,CUST-1388,Elizabeth Robinson,Consumer,Reno,Nevada,West,Technology,Monitors,Monitors - Model P461,4,883.45,0.3,2473.66,224.5,48.26
ORD-2022-03182,11/06/2022,2022-11-10,Standard Class,CUST-8783,Christopher Davis,Home Office,Orlando,Florida,South,Office Supplies,Pens,Pens - Model G236,4,38.31,0.2,122.59,36.59,18.84
ORD-2021-03183,09/10/2021,2021-09-15,Standard Class,CUST-4566,Mary Perez,Corporate,Grand Rapids,Michigan,Central,Furniture,Storage,Storage - Model P976,2,768.0,0.3,1075.2,-136.41,37.39
ORD-2024-03184,07/03/2024,2024-07-05,First Class,CUST-4967,Sophia Rodriguez,Consumer,Allentown,Pennsylvania,East,Technology,Laptops,Laptops - Model I598,7,2342.01,0.2,13115.26,1442.11,19.81
ORD-2022-03185,06/30/2022,2022-07-04,Second Class,CUST-5049,Patricia Garcia,Consumer,Springfield,Massachusetts,East,Furniture,Storage,Storage - Model G506,10,371.35,0.3,2599.45,-50.74,27.96
ORD-2021-03186,12/25/2021,2021-12-29,Standard Class,CUST-8858,Patricia Davis,Corporate,Chicago,Illinois,Central,Office Supplies,Envelopes,Envelopes - Model F781,4,108.31,0.0,433.24,105.19,4.29
ORD-2024-03187,01/22/2024,2024-01-22,Same Day,CUST-6754,Joseph Ramirez,Corporate,Augusta,Georgia,South,Technology,Accessories,Accessories - Model K653,1,1965.85,0.15,1670.97,332.55,14.04
ORD-2022-03188,12/28/2022,2022-12-31,Second Class,CUST-4313,Emily Davis,Consumer,San Diego,California,West,Furniture,Tables,Tables - Model F639,6,551.31,0.05,3142.47,527.54,13.05
ORD-2023-03189,04/15/2023,2023-04-19,Standard Class,CUST-1673,Charles Davis,Consumer,Dallas,Texas,Central,furniture,Chairs,Chairs - Model D973,9,286.25,0.3,1803.37,-193.21,17.48
ORD-2021-03190,02/11/2021,2021-02-18,Standard Class,CUST-3211,William Moore,Corporate,Boston,Massachusetts,East,Office Supplies,Envelopes,Envelopes - Model E349,4,8.97,0.1,32.29,8.41,37.56
ORD-2024-03191,12/20/2024,2024-12-27,Standard Class,CUST-2741,Linda Lewis,Home Office,Newark,New Jersey,East,Furniture,Storage,Storage - Model K364,7,1264.07,0.25,6636.37,-116.9,12.69
ORD-2021-03192,01/15/2021,2021-01-20,Standard Class,CUST-1032,,Consumer,Philadelphia,Pennsylvania,East,Technology,Phones,Phones - Model E748,9,2028.26,0.0,18254.34,3077.59,2.57
ORD-2021-03193,11/08/2021,2021-11-14,Standard Class,CUST-5163,Jennifer Martinez,Consumer,Phoenix,Arizona,West,Clothing,Jackets,Jackets - Model N946,7,329.15,0.25,1728.04,-139.89,35.13
ORD-2024-03194,08/04/2024,2024-08-10,Standard Class,CUST-8899,Jennifer White,Corporate,Newark,New Jersey,East,Office Supplies,Pens,Pens - Model N858,3,26.95,0.3,56.59,-19.33,21.42
ORD-2021-03195,12/14/2021,2021-12-19,Second Class,CUST-2131,Matthew Smith,Corporate,Nashville,Tennessee,South,Clothing,Shirts,Shirts - Model H482,9,58.1,0.0,522.9,140.67,28.12
ORD-2023-03196,01/30/2023,2023-01-31,First Class,CUST-5792,Jessica Garcia,Consumer,Mesa,Arizona,West,Office Supplies,Envelopes,Envelopes - Model L377,11,55.88,0.15,522.48,217.94,37.73
ORD-2024-03197,03/05/2024,2024-03-09,Standard Class,CUST-6019,Anthony Martin,Consumer,New York City,New York,East,Office Supplies,Binders,Binders - Model F727,1,176.7,0.0,176.7,56.56,19.15
ORD-2023-03198,09/16/2023,2023-09-20,Standard Class,CUST-2808,Jennifer Clark,Corporate,Los Angeles,California,West,Furniture,Chairs,Chairs - Model J327,5,285.87,0.0,1429.35,161.81,8.6
ORD-2021-03199,06/23/2021,2021-06-27,Standard Class,CUST-4641,Karen Taylor,Corporate,Worcester,Massachusetts,East,Furniture,Bookcases,Bookcases - Model E312,1,1084.74,0.25,813.56,,32.6
ORD-2023-03200,03/11/2023,2023-03-17,Standard Class,CUST-8021,Lisa Rodriguez,Consumer,Reno,Nevada,West,  Office Supplies  ,Binders,Binders - Model K431,11,147.9,0.15,1382.87,196.33,14.97
ORD-2022-03201,08/21/2022,2022-08-27,Standard Class,CUST-2488,Matthew Williams,Consumer,Pittsburgh,Pennsylvania,East,Technology,Accessories,Accessories - Model I765,2,2324.75,0.1,,460.51,9.4
ORD-2024-03202,11/14/2024,2024-11-17,Second Class,CUST-6971,Susan Williams,Consumer,Reno,Nevada,West,Office Supplies,Paper,Paper - Model A988,7,42.01,0.15,249.96,,17.95
ORD-2022-03203,13-Dec-2022,2022-12-20,Standard Class,CUST-1902,Susan Johnson,Home Office,San Antonio,Texas,Central,Clothing,Shoes,Shoes - Model B722,9,183.51,0.2,1321.27,488.01,45.67
ORD-2021-03204,04/22/2021,2021-04-28,Standard Class,CUST-6675,Linda Gonzalez,Consumer,San Francisco,California,West,Clothing,Shirts,Shirts - Model D382,3,443.82,0.15,1131.74,179.07,32.23
ORD-2023-03205,05/27/2023,2023-06-02,Standard Class,CUST-8884,Thomas Jones,Corporate,Seattle,Washington,,Technology,Tablets,Tablets - Model M126,7,930.74,0.1,5863.66,1037.51,12.22
ORD-2024-03206,06/24/2024,2024-06-28,Standard Class,CUST-2448,John Lewis,Home Office,Phoenix,Arizona,West,Office Supplies,Envelopes,Envelopes - Model O294,12,115.85,0.1,1251.18,282.24,32.61
ORD-2022-03207,01/29/2022,2022-01-29,Same Day,CUST-1597,,Corporate,Mesa,Arizona,West,Furniture,Chairs,Chairs - Model B668,2,202.79,0.0,405.58,23.95,63.69
ORD-2022-03208,01/27/2022,2022-01-30,First Class,CUST-4641,Karen Taylor,Consumer,Reno,Nevada,West,Clothing,Accessories,Accessories - Model O111,12,463.3,0.2,4447.68,2342.06,26.45
ORD-2023-03209,11/05/2023,2023-11-10,Standard Class,CUST-9544,Isabella Harris,Corporate,Raleigh,North Carolina,South,Technology,Laptops,Laptops - Model P243,5,1535.59,0.0,7677.95,549.87,45.81
ORD-2021-03210,04/22/2021,2021-04-27,Standard Class,CUST-9544,Isabella Harris,Home Office,Reno,Nevada,West,Furniture,Storage,Storage - Model K935,4,1290.32,0.0,5161.28,1013.31,36.64
ORD-2021-03211,12/26/2021,2021-12-30,Standard Class,CUST-4248,Joseph Jackson,Corporate,Trenton,New Jersey,East,  Furniture  ,Tables,Tables - Model B266,1,194.13,0.0,194.13,17.15,27.72
ORD-2023-03212,11/28/2023,2023-12-04,Standard Class,CUST-7994,Sandra Lopez,Consumer,Jersey City,New Jersey,East,Technology,Accessories,Accessories - Model M991,2,787.12,0.2,1259.39,262.29,8.65
ORD-2022-03213,09/19/2022,2022-09-20,First Class,CUST-5462,Joseph Davis,Consumer,Cincinnati,Ohio,Central,Technology,Phones,Phones - Model F759,7,2239.16,0.0,15674.12,1419.75,17.44
ORD-2024-03214,21-Apr-2024,2024-04-28,Standard Class,CUST-6675,Linda Gonzalez,Corporate,Richmond,Virginia,South,Furniture,Chairs,Chairs - Model O600,10,1404.25,0.0,14042.5,1197.73,13.08
ORD-2021-03215,12/25/2021,2021-12-31,Standard Class,CUST-6384,Sarah Martinez,Consumer,Spokane,Washington,West,Technology,Monitors,Monitors - Model B125,1,2314.32,0.0,2314.32,231.78,3.06
ORD-2021-03216,05/28/2021,2021-05-28,Same Day,CUST-1597,Nancy Lewis,Consumer,Grand Rapids,Michigan,Central,Office Supplies,Envelopes,Envelopes - Model P402,5,24.01,0.0,120.05,42.76,42.28
ORD-2022-03217,08/11/2022,2022-08-14,First Class,CUST-1630,Michael Gonzalez,Home Office,Reno,Nevada,West,Office Supplies,Paper,Paper - Model J980,8,112.29,0.0,898.32,153.53,25.03
ORD-2023-03218,12/14/2023,2023-12-19,Second Class,CUST-7596,,Home Office,Rochester,Minnesota,Central,Clothing,Pants,Pants - Model E562,10,161.18,0.1,1450.62,420.91,45.94
ORD-2022-03219,12/06/2022,2022-12-09,Second Class,CUST-8263,Jessica Ramirez,Consumer,Houston,Texas,Central,Furniture,Desks,Desks - Model F706,9,559.61,0.0,5036.49,550.58,16.02
ORD-2023-03220,07/03/2023,2023-07-05,First Class,CUST-4248,Joseph Jackson,Consumer,Charlotte,North Carolina,South,Clothing,Jackets,Jackets - Model N971,6,288.15,0.05,1642.45,311.14,2.69
ORD-2023-03221,11/02/2023,2023-11-05,First Class,CUST-8552,Sarah Anderson,Home Office,Aurora,Illinois,Central,Technology,Laptops,Laptops - Model G535,12,1424.2,0.2,13672.32,1734.21,26.39
ORD-2024-03222,02/06/2024,2024-02-12,Standard Class,CUST-4248,Joseph Jackson,Consumer,Miami,Florida,South,Furniture,Desks,Desks - Model I689,11,1199.66,0.15,11216.82,1132.07,12.03
ORD-2023-03223,08/20/2023,2023-08-25,Standard Class,CUST-0811,Jessica Rodriguez,Consumer,Naperville,Illinois,Central,Technology,Accessories,Accessories - Model G158,9,292.35,0.0,2631.15,277.53,47.53
ORD-2023-03224,06/18/2023,2023-06-25,Standard Class,CUST-3215,Michael Davis,Corporate,Cincinnati,Ohio,Central,Furniture,Chairs,Chairs - Model C516,6,1055.9,0.1,5701.86,977.21,23.87
ORD-2023-03225,01/26/2023,2023-02-01,Standard Class,CUST-8341,Sarah Robinson,Home Office,Boston,Massachusetts,East,Technology,Accessories,Accessories - Model E901,9,997.88,0.0,8980.92,586.53,12.4
ORD-2021-03226,04/19/2021,2021-04-20,First Class,CUST-0811,Jessica Rodriguez,Home Office,Las Vegas,Nevada,West,Office Supplies,Pens,Pens - Model G201,10,82.28,0.15,699.38,89.85,15.54
ORD-2022-03227,08/19/2022,2022-08-21,First Class,CUST-1032,Robert Sanchez,Corporate,Eugene,Oregon,West,Furniture,Storage,Storage - Model A780,11,919.93,0.0,10119.23,237.01,49.18
ORD-2023-03228,08/13/2023,2023-08-16,First Class,CUST-9635,Mia Martinez,Corporate,Minneapolis,Minnesota,Central,Clothing,Jackets,Jackets - Model C331,2,61.6,0.25,92.4,14.67,46.31
ORD-2023-03229,07/30/2023,2023-08-06,Standard Class,CUST-4933,Nancy Lopez,Consumer,Knoxville,Tennessee,,Office Supplies,Envelopes,Envelopes - Model P150,11,115.91,0.2,1020.01,255.66,40.98
ORD-2024-03230,01/25/2024,2024-01-25,Same Day,CUST-6160,Mia Moore,Corporate,New York City,New York,East,Office Supplies,Envelopes,Envelopes - Model J927,1,15.07,0.15,12.81,5.53,39.61
ORD-2024-03231,12/03/2024,2024-12-07,Standard Class,CUST-0941,Christopher Robinson,Home Office,Springfield,Massachusetts,East,Technology,Phones,Phones - Model M794,8,2461.23,0.3,13782.89,-2022.96,28.86
ORD-2022-03232,12/19/2022,2022-12-23,Standard Class,CUST-4522,Betty Davis,Home Office,Raleigh,North Carolina,South,Office Supplies,Pens,Pens - Model A243,4,20.58,0.05,78.2,28.64,15.79
ORD-2022-03233,01/13/2022,2022-01-16,Second Class,CUST-8156,Anthony Perez,Consumer,Ann Arbor,Michigan,Central,Office Supplies,Envelopes,Envelopes - Model A146,2,85.64,0.1,154.15,34.17,32.03
ORD-2021-03234,12/11/2021,2021-12-12,First Class,CUST-5619,Jessica Robinson,Home Office,Tucson,Arizona,West,Technology,Tablets,Tablets - Model O501,1,723.63,0.2,578.9,130.18,44.08
ORD-2023-03235,11/16/2023,2023-11-21,Standard Class,CUST-9544,Isabella Harris,Consumer,Richmond,Virginia,South,Office Supplies,Binders,Binders - Model F832,8,27.62,0.0,220.96,83.76,3.93
ORD-2023-03236,03/24/2023,2023-03-28,Standard Class,CUST-5383,Lisa Sanchez,Home Office,Cincinnati,Ohio,Central,Office Supplies,Binders,Binders - Model P893,5,76.15,0.0,380.75,164.43,38.86
ORD-2023-03237,11/24/2023,2023-12-01,Standard Class,CUST-1544,David Rodriguez,Corporate,Salem,Oregon,West,Clothing,Shoes,Shoes - Model E697,5,76.46,0.0,382.3,196.52,46.97
ORD-2023-03238,05/29/2023,2023-06-05,Standard Class,CUST-5322,Susan Robinson,Consumer,Chicago,Illinois,Central,Furniture,Storage,Storage - Model F318,10,680.76,0.25,5105.7,104.6,44.04
ORD-2023-03239,11/03/2023,2023-11-09,Standard Class,CUST-0669,Mia Perez,Corporate,Norfolk,Virginia,South,Technology,Phones,Phones - Model E735,10,581.97,0.0,5819.7,401.14,44.98
ORD-2023-03240,04/08/2023,2023-04-14,Standard Class,CUST-8993,Margaret Wilson,Corporate,Tacoma,Washington,,Technology,Monitors,Monitors - Model G210,12,2163.43,0.0,25961.16,6199.79,4.91
ORD-2022-03241,25-Jul-2022,2022-07-29,Standard Class,CUST-9753,Jessica Perez,Consumer,Knoxville,Tennessee,South,Office Supplies,Pens,Pens - Model A908,9,28.14,0.25,189.94,61.34,30.75
ORD-2024-03242,12/24/2024,2024-12-30,Standard Class,CUST-0941,Christopher Robinson,Home Office,Reno,Nevada,West,Clothing,Jackets,Jackets - Model E274,4,93.78,0.3,262.58,81.25,9.92
ORD-2022-03243,11/17/2022,2022-11-23,Standard Class,CUST-8511,Mia Jones,Consumer,New Haven,Connecticut,East,Office Supplies,Paper,Paper - Model N545,2,182.64,0.1,328.75,72.57,6.0
ORD-2023-03244,06/06/2023,2023-06-13,Standard Class,CUST-8591,Christopher Gonzalez,Consumer,Naperville,Illinois,Central,Clothing,Pants,Pants - Model D123,10,469.51,0.2,3756.08,1480.52,45.81
ORD-2021-03245,11/30/2021,2021-12-03,Second Class,CUST-0968,James Martin,Consumer,Hartford,Connecticut,East,Furniture,Chairs,Chairs - Model J169,1,1379.43,0.0,1379.43,97.42,12.29
ORD-2024-03246,04/13/2024,2024-04-16,Second Class,CUST-5792,Jessica Garcia,Consumer,Stamford,Connecticut,East,Clothing,Shirts,Shirts - Model P277,5,397.75,0.25,1491.56,-493.1,12.02
ORD-2023-03247,12/11/2023,2023-12-16,Standard Class,CUST-1941,James Martinez,Consumer,Buffalo,New York,East,Clothing,Jackets,Jackets - Model J849,6,243.01,0.0,1458.06,607.72,34.63
ORD-2022-03248,02/14/2022,2022-02-18,Standard Class,CUST-0561,James Perez,Home Office,Seattle,Washington,West,Technology,Laptops,Laptops - Model N779,7,2062.26,0.0,14435.82,3106.26,2.48
ORD-2021-03249,04/28/2021,2021-04-30,First Class,CUST-6127,Ava Anderson,Home Office,Las Vegas,Nevada,West,Furniture,Desks,Desks - Model P158,7,1011.14,0.1,6370.18,890.46,29.31
ORD-2021-03250,09/20/2021,2021-09-23,Second Class,CUST-0669,Mia Perez,Corporate,Aurora,Illinois,Central,Office Supplies,Labels,Labels - Model L942,3,54.19,0.1,146.31,26.0,15.48
ORD-2024-03251,12/11/2024,2024-12-16,Second Class,CUST-3042,David Perez,Consumer,Hartford,Connecticut,East,Technology,Laptops,Laptops - Model B494,4,640.46,0.25,1921.38,233.14,36.2
ORD-2024-03252,06/22/2024,2024-06-29,Standard Class,CUST-3232,William Sanchez,Consumer,Jersey City,New Jersey,East,Clothing,Shoes,Shoes - Model I688,12,55.46,0.1,598.97,,6.95
ORD-2024-03253,04/11/2024,2024-04-18,Standard Class,CUST-3673,Richard Miller,Home Office,Portland,Oregon,West,,Binders,Binders - Model E993,11,58.17,0.1,575.88,196.9,8.39
ORD-2022-03254,09/20/2022,2022-09-20,Same Day,CUST-2018,Robert Smith,Consumer,Pittsburgh,Pennsylvania,East,Technology,Monitors,Monitors - Model G532,6,235.09,0.1,1269.49,165.12,11.88
ORD-2024-03255,05/04/2024,2024-05-07,Second Class,CUST-5783,Isabella Perez,Home Office,Newark,New Jersey,East,Clothing,Accessories,Accessories - Model G883,5,54.71,0.3,191.48,-31.79,30.34
ORD-2021-03256,05/01/2021,2021-05-08,Standard Class,CUST-5322,Susan Robinson,Home Office,Portland,Oregon,West,Furniture,Storage,Storage - Model J279,12,249.43,0.0,2993.16,,28.93
ORD-2024-03257,04/14/2024,2024-04-20,Standard Class,CUST-8858,Patricia Davis,Home Office,San Diego,California,West,Office Supplies,Labels,Labels - Model F374,2,122.3,0.25,183.45,-13.4,40.48
ORD-2023-03258,02/16/2023,2023-02-20,Standard Class,CUST-6160,Mia Moore,Corporate,Las Vegas,Nevada,West,Furniture,Desks,Desks - Model G650,4,613.46,0.1,2208.46,150.51,41.67
ORD-2024-03259,12/22/2024,2024-12-26,Standard Class,CUST-1968,Barbara Lewis,Corporate,Raleigh,North Carolina,South,Office Supplies,Envelopes,Envelopes - Model P282,7,24.87,0.25,130.57,-9.17,12.03
ORD-2022-03260,06/12/2022,2022-06-12,Same Day,CUST-4217,Emily Moore,Consumer,Saint Paul,Minnesota,Central,Technology,Laptops,Laptops - Model D307,2,2427.13,0.0,4854.26,543.98,35.62
ORD-2024-03261,09/26/2024,2024-09-26,Same Day,CUST-4159,Charles Garcia,Consumer,San Antonio,Texas,Central,Office Supplies,Pens,Pens - Model A881,7,2.44,0.1,15.37,3.79,18.54
ORD-2021-03262,12/26/2021,2021-12-31,Standard Class,CUST-1816,Karen Davis,Corporate,Reno,Nevada,West,Technology,Accessories,Accessories - Model J628,2,2307.49,0.05,4384.23,543.18,12.13
ORD-2024-03263,11/22/2024,2024-11-26,Standard Class,CUST-2380,Thomas Garcia,Home Office,Reno,Nevada,West,Clothing,Jackets,Jackets - Model M476,9,79.56,0.15,608.63,154.81,37.42
ORD-2023-03264,03-Nov-2023,2023-11-07,Standard Class,CUST-4965,John Moore,Consumer,Salem,Oregon,West,Clothing,Pants,Pants - Model B819,12,302.23,0.25,2720.07,1349.95,47.87
ORD-2024-03265,10/09/2024,2024-10-13,Standard Class,CUST-2517,Jessica Lopez,Home Office,Reno,Nevada,West,Clothing,Pants,Pants - Model M352,4,276.96,0.25,830.88,235.65,7.66
ORD-2021-03266,06/12/2021,2021-06-17,Standard Class,CUST-2233,John Anderson,Consumer,Rochester,Minnesota,Central,Furniture,Bookcases,Bookcases - Model F624,12,1165.18,0.3,9787.51,-959.73,22.0
ORD-2024-03267,07/03/2024,2024-07-09,Standard Class,CUST-0697,Daniel Lewis,Consumer,Mesa,Arizona,West,Technology,Accessories,Accessories - Model I655,2,553.81,0.15,941.48,141.14,48.83
ORD-2021-03268,11/21/2021,2021-11-27,Standard Class,CUST-5577,Olivia Perez,Corporate,Portland,Oregon,West,Office Supplies,Binders,Binders - Model H704,4,133.95,0.2,428.64,46.84,35.59
ORD-2023-03269,05/15/2023,2023-05-22,Standard Class,CUST-0561,James Perez,Consumer,Tacoma,Washington,West,Office Supplies,Pens,Pens - Model N833,11,142.53,0.0,1567.83,628.67,33.86
ORD-2024-03270,08/22/2024,2024-08-27,Second Class,CUST-7033,Lisa Martin,Consumer,Raleigh,North Carolina,South,Office Supplies,Labels,Labels - Model D939,11,36.96,0.2,325.25,66.09,48.61
ORD-2022-03271,08/06/2022,2022-08-10,Standard Class,CUST-4248,Sophia Williams,Consumer,Salem,Oregon,West,,Paper,Paper - Model H508,5,63.42,0.25,237.83,62.97,7.73
ORD-2023-03272,10/27/2023,2023-10-28,First Class,CUST-9484,Matthew Rodriguez,Consumer,Cleveland,Ohio,Central,Furniture,Chairs,Chairs - Model M212,8,984.33,0.15,6693.44,750.74,28.21
ORD-2024-03273,10/30/2024,2024-10-30,Same Day,CUST-8742,Anthony Miller,Corporate,Savannah,Georgia,South,Office Supplies,Labels,Labels - Model C279,9,173.67,0.15,1328.58,186.75,18.1
ORD-2024-03274,10/12/2024,2024-10-12,Same Day,CUST-5049,Patricia Garcia,Corporate,Cleveland,Ohio,Central,Furniture,Bookcases,Bookcases - Model K227,9,350.01,0.25,2362.57,57.29,90.09
ORD-2022-03275,01/30/2022,2022-02-02,First Class,CUST-5908,Amelia Gonzalez,Corporate,Sacramento,California,West,Furniture,Chairs,Chairs - Model H977,6,786.14,0.05,4481.0,874.68,46.51
ORD-2024-03276,07/13/2024,2024-07-16,Second Class,CUST-0245,Michael Harris,Corporate,Las Vegas,Nevada,West,Technology,Tablets,Tablets - Model L618,10,1191.46,0.05,11318.87,2423.53,19.44
ORD-2021-03277,05/10/2021,2021-05-11,First Class,CUST-8312,Betty Moore,Home Office,Saint Paul,Minnesota,Central,Furniture,Storage,Storage - Model O594,1,297.6,0.3,208.32,14.8,17.34
ORD-2022-03278,10/06/2022,2022-10-06,Same Day,CUST-3232,William Sanchez,Consumer,Salem,Oregon,West,Technology,Laptops,Laptops - Model M558,4,658.75,0.15,2239.75,414.87,87.42
ORD-2023-03279,12/23/2023,2023-12-29,Standard Class,CUST-7085,Richard Thompson,Consumer,Sacramento,California,West,Clothing,Pants,Pants - Model E709,6,328.07,0.0,1968.42,604.69,21.87
ORD-2021-03280,05/25/2021,2021-05-29,Second Class,CUST-0197,Sarah Johnson,Corporate,Norfolk,Virginia,South,Clothing,Shirts,Shirts - Model H758,1,114.17,0.2,91.34,22.59,43.21
ORD-2023-03281,05/26/2023,2023-05-31,Second Class,CUST-2488,Matthew Williams,Consumer,Detroit,Michigan,Central,Technology,Tablets,Tablets - Model H883,2,1352.0,0.3,1892.8,248.55,10.76
ORD-2023-03282,11/05/2023,2023-11-12,  Standard Class  ,CUST-1968,Barbara Lewis,Consumer,Spokane,Washington,West,Furniture,Desks,Desks - Model C100,6,1302.47,0.3,5470.37,,3.35
ORD-2022-03283,04/28/2022,2022-05-02,Standard Class,CUST-1384,Anthony Sanchez,Consumer,Worcester,Massachusetts,East,Clothing,Shirts,Shirts - Model N373,11,498.53,0.0,5483.83,2581.45,35.22
ORD-2024-03284,09/13/2024,2024-09-19,Standard Class,CUST-5470,Harper Hernandez,Consumer,Jersey City,New Jersey,East,Office Supplies,Binders,Binders - Model I744,1,158.63,0.25,118.97,35.22,10.86
ORD-2021-03285,08/21/2021,2021-08-22,First Class,CUST-1661,John Johnson,Consumer,Knoxville,Tennessee,South,Technology,Accessories,Accessories - Model K750,11,2105.8,0.0,23163.8,2790.61,8.12
ORD-2022-03286,02/25/2022,2022-02-28,Second Class,CUST-9635,Mia Martinez,Home Office,Hartford,Connecticut,East,Furniture,Bookcases,Bookcases - Model M492,8,47.79,0.3,267.62,-14.58,4.54
ORD-2022-03287,12/05/2022,2022-12-10,Standard Class,CUST-4964,Nancy Jackson,Corporate,Portland,Oregon,West,Office Supplies,Paper,Paper - Model D775,5,145.58,0.0,727.9,188.54,2.97
ORD-2022-03288,02/18/2022,2022-02-23,Standard Class,CUST-5389,Charlotte Martinez,Home Office,Columbus,Ohio,Central,Office Supplies,Envelopes,Envelopes - Model D459,11,72.94,0.0,802.34,161.76,36.05
ORD-2021-03289,05/17/2021,2021-05-22,Standard Class,CUST-6594,Michael Brown,Consumer,Orlando,Florida,,Furniture,Desks,Desks - Model F583,4,819.08,0.2,2621.06,424.13,28.22
ORD-2023-03290,12/16/2023,2023-12-19,First Class,CUST-6157,Charlotte Miller,Consumer,Rochester,Minnesota,Central,Furniture,Chairs,Chairs - Model L603,10,1008.85,0.2,8070.8,641.4,6.98
ORD-2024-03291,07/18/2024,2024-07-22,Second Class,CUST-7934,Charlotte Jackson,Home Office,Saint Paul,Minnesota,Central,Office Supplies,Pens,Pens - Model O978,9,53.92,0.0,485.28,173.39,10.09
ORD-2022-03292,12/24/2022,2022-12-24,Same Day,CUST-8884,Thomas Jones,Home Office,Grand Rapids,Michigan,Central,Furniture,Storage,Storage - Model N113,2,1497.85,0.3,2096.99,136.28,78.94
ORD-2021-03293,11/18/2021,2021-11-22,Standard Class,CUST-6437,Linda White,Corporate,Pittsburgh,Pennsylvania,East,Office Supplies,Envelopes,Envelopes - Model A620,11,129.39,0.1,1280.96,441.02,14.14
ORD-2022-03294,10/10/2022,2022-10-15,Standard Class,CUST-5988,Amelia Moore,Corporate,Savannah,Georgia,South,Technology,Monitors,Monitors - Model K177,2,68.55,0.1,,15.11,34.94
ORD-2021-03295,09/28/2021,2021-10-04,Standard Class,CUST-7596,Harper Taylor,Corporate,Reno,Nevada,West,Technology,Phones,Phones - Model A645,9,1378.3,0.3,8683.29,,32.82
ORD-2022-03296,09/04/2022,2022-09-10,Standard Class,CUST-1039,Charlotte Lewis,Consumer,Hartford,Connecticut,East,Furniture,Chairs,Chairs - Model I677,4,551.87,0.3,1545.24,186.26,36.61
ORD-2023-03297,10/06/2023,2023-10-13,Standard Class,CUST-1388,Elizabeth Robinson,Consumer,Miami,Florida,South,Technology,Phones,Phones - Model A912,3,2054.36,0.15,5238.62,985.23,11.27
ORD-2023-03298,07/21/2023,2023-07-21,Same Day,CUST-7060,Richard Martinez,Home Office,Pittsburgh,Pennsylvania,East,Office Supplies,Paper,Paper - Model J688,5,9.79,0.0,48.95,13.37,115.73
ORD-2023-03299,06/03/2023,2023-06-07,Standard Class,CUST-0435,Barbara White,Consumer,Springfield,Massachusetts,East,Furniture,Chairs,Chairs - Model B549,7,1287.23,0.0,,705.97,49.02
ORD-2024-03300,03/29/2024,2024-04-04,Standard Class,CUST-7673,,Corporate,Detroit,Michigan,Central,Clothing,Shoes,Shoes - Model N707,12,498.98,0.25,4490.82,-1099.23,15.02
ORD-2023-03301,03/15/2023,2023-03-15,Same Day,CUST-0867,Robert Ramirez,Corporate,Las Vegas,Nevada,West,Technology,Tablets,Tablets - Model O219,3,333.88,0.2,801.31,68.89,51.13
ORD-2023-03302,03/02/2023,2023-03-04,First Class,CUST-0968,James Martin,Consumer,Mesa,Arizona,West,Office Supplies,Pens,Pens - Model J503,1,126.84,0.2,101.47,45.57,27.3
ORD-2022-03303,11/11/2022,2022-11-14,Second Class,CUST-7176,Evelyn Ramirez,Corporate,Atlanta,Georgia,South,Technology,Tablets,Tablets - Model J229,2,1222.0,0.15,2077.4,517.53,16.38
ORD-2024-03304,11/16/2024,2024-11-21,Standard Class,CUST-4229,Charlotte Davis,Consumer,Tampa,Florida,South,Office Supplies,Pens,Pens - Model D514,4,20.16,0.2,64.51,23.79,15.82
ORD-2021-03305,07/15/2021,2021-07-22,Standard Class,CUST-2488,Matthew Williams,Consumer,Phoenix,Arizona,West,Technology,Laptops,Laptops - Model B535,11,1016.91,0.15,9508.11,2133.87,38.34
ORD-2021-03306,02/23/2021,2021-02-28,Second Class,CUST-5783,Isabella Perez,Corporate,New York City,New York,East,Technology,Monitors,Monitors - Model A549,3,724.99,0.0,2174.97,316.4,13.28
ORD-2024-03307,02/24/2024,2024-02-25,First Class,CUST-8511,Mia Jones,Home Office,Reno,Nevada,West,Office Supplies,Labels,Labels - Model K981,9,139.89,0.2,1007.21,444.0,6.29
ORD-2022-03308,10/28/2022,2022-11-02,Second Class,CUST-0371,,Corporate,Cleveland,Ohio,Central,Office Supplies,Paper,Paper - Model N608,10,35.37,0.0,353.7,53.07,5.13
ORD-2024-03309,05/19/2024,2024-05-26,Standard Class,CUST-7060,Richard Martinez,Consumer,Sacramento,California,West,Clothing,Pants,Pants - Model A169,7,135.08,0.15,803.73,423.04,24.2
ORD-2022-03310,05/20/2022,2022-05-26,Standard Class,CUST-4016,Sarah Hernandez,Consumer,Mesa,Arizona,West,Furniture,Chairs,Chairs - Model B410,11,1453.45,0.05,15188.55,2720.3,44.17
ORD-2023-03311,02/01/2023,2023-02-05,Standard Class,CUST-9779,Isabella Thompson,Corporate,Dallas,Texas,Central,Clothing,Pants,Pants - Model J103,5,462.02,0.2,1848.08,345.48,42.29
ORD-2021-03312,03/13/2021,2021-03-18,Standard Class,CUST-4418,Joseph Harris,Corporate,Aurora,Illinois,Central,Clothing,Jackets,Jackets - Model G538,7,389.05,0.1,2451.01,717.29,34.16
ORD-2024-03313,12/08/2024,2024-12-13,Standard Class,CUST-8156,Anthony Perez,Consumer,Spokane,Washington,West,Technology,Laptops,Laptops - Model K167,5,456.85,0.2,1827.4,,48.28
ORD-2023-03314,12/13/2023,2023-12-18,Standard Class,CUST-6971,Susan Williams,Consumer,Salem,Oregon,West,Furniture,Tables,Tables - Model O311,1,96.32,0.2,77.06,2.08,13.28
ORD-2021-03315,11/24/2021,2021-12-01,Standard Class,CUST-4355,Sarah Lopez,Corporate,Cleveland,Ohio,Central,Office Supplies,Paper,Paper - Model A663,10,171.76,0.15,1459.96,216.46,24.98
ORD-2022-03316,11/23/2022,2022-11-26,Second Class,CUST-2361,Betty White,Corporate,Reno,Nevada,West,Technology,Monitors,Monitors - Model I849,6,934.5,0.0,5607.0,1203.06,17.54
ORD-2024-03317,06/27/2024,2024-07-02,Standard Class,CUST-2086,Nancy Davis,Consumer,Buffalo,New York,,Furniture,Tables,Tables - Model L422,9,1168.07,0.0,10512.63,655.3,37.26
ORD-2024-03318,08/29/2024,2024-09-03,Standard Class,CUST-9456,Amelia Martin,Consumer,Houston,Texas,Central,Furniture,Bookcases,Bookcases - Model P834,12,942.08,0.3,7913.47,415.25,47.37
ORD-2023-03319,01/29/2023,2023-02-02,Standard Class,CUST-3211,William Moore,Corporate,Los Angeles,California,West,Furniture,Chairs,Chairs - Model P698,10,343.49,0.05,3263.15,186.62,30.85
ORD-2021-03320,05/10/2021,2021-05-10,Same Day,CUST-3690,Emily Anderson,Corporate,Rochester,Minnesota,,Technology,Monitors,Monitors - Model E675,10,1047.18,0.3,7330.26,1298.68,36.92
ORD-2022-03321,02/22/2022,2022-02-22,Same Day,CUST-8467,,Corporate,Charlotte,North Carolina,South,Technology,Tablets,Tablets - Model O597,11,2380.47,0.2,20948.14,3143.25,59.87
ORD-2024-03322,02/14/2024,2024-02-19,Standard Class,CUST-2763,Linda Robinson,Consumer,Eugene,Oregon,West,Clothing,Jackets,Jackets - Model I128,12,365.53,0.0,4386.36,,24.65
ORD-2021-03323,10/25/2021,2021-10-25,Same Day,CUST-0867,Robert Ramirez,Home Office,Seattle,Washington,West,Technology,Phones,Phones - Model J574,7,1375.16,0.3,6738.28,1381.98,103.98
ORD-2022-03324,01/25/2022,2022-02-01,Standard Class,CUST-2233,John Anderson,Corporate,Worcester,Massachusetts,East,Technology,Tablets,Tablets - Model B898,4,2095.5,0.3,5867.4,1291.19,48.23
ORD-2022-03325,10/27/2022,2022-10-28,First Class,CUST-5607,Daniel Miller,Corporate,Augusta,Georgia,South,Office Supplies,Pens,Pens - Model O159,9,134.57,0.0,1211.13,511.71,19.25
ORD-2024-03326,04/29/2024,2024-05-05,Standard Class,CUST-5792,Jessica Garcia,Home Office,Reno,Nevada,West,Office Supplies,Envelopes,Envelopes - Model D150,8,10.56,0.0,84.48,11.28,43.7
ORD-2021-03327,12/27/2021,2022-01-02,Standard Class,CUST-9544,Isabella Harris,Corporate,Worcester,Massachusetts,East,Office Supplies,Binders,Binders - Model F878,10,156.76,0.15,1332.46,143.92,34.24
ORD-2022-03328,08/15/2022,2022-08-22,Standard Class,CUST-4580,Harper Smith,Corporate,Tucson,Arizona,West,Technology,Accessories,Accessories - Model J430,8,1882.52,0.25,11295.12,1474.36,22.75
ORD-2022-03329,03/14/2022,2022-03-14,Same Day,CUST-1564,Richard Jones,Corporate,Sacramento,California,West,Furniture,Bookcases,Bookcases - Model L730,12,1294.99,0.0,15539.88,1611.92,38.0
ORD-2023-03330,06/16/2023,2023-06-22,Standard Class,CUST-8568,Isabella Jones,Consumer,Sacramento,California,West,Technology,Laptops,Laptops - Model G299,5,2167.4,0.05,10295.15,2051.49,49.12
ORD-2023-03331,08/21/2023,2023-08-27,Standard Class,CUST-4313,Emily Davis,Corporate,Ann Arbor,Michigan,Central,Office Supplies,Paper,Paper - Model E500,2,165.59,0.0,331.18,47.3,37.78
ORD-2022-03332,10/18/2022,2022-10-24,Standard Class,CUST-9544,Isabella Harris,Consumer,Atlanta,Georgia,South,Office Supplies,Envelopes,Envelopes - Model E132,6,168.13,0.0,1008.78,107.41,35.46
ORD-2021-03333,07/04/2021,2021-07-10,Standard Class,CUST-9779,,Home Office,Spokane,Washington,West,Technology,Tablets,Tablets - Model O929,12,1127.56,0.1,12177.65,872.1,45.73
ORD-2023-03334,28-Oct-2023,2023-10-29,First Class,CUST-2086,Nancy Davis,Consumer,Chicago,Illinois,Central,Furniture,Bookcases,Bookcases - Model N815,4,427.04,0.1,1537.34,150.34,19.81
ORD-2021-03335,08/02/2021,2021-08-02,Same Day,CUST-6157,Charlotte Miller,Consumer,Pittsburgh,Pennsylvania,East,Office Supplies,Pens,Pens - Model O213,5,167.13,0.25,626.74,-79.72,59.64
ORD-2022-03336,11/18/2022,2022-11-23,Standard Class,CUST-4964,Nancy Jackson,Consumer,Reno,Nevada,West,Office Supplies,Pens,Pens - Model I916,3,166.49,0.25,374.6,69.61,23.69
ORD-2024-03337,09/21/2024,2024-09-28,Standard Class,CUST-8217,Mia Miller,Consumer,Salem,Oregon,West,Clothing,Jackets,Jackets - Model G254,4,190.26,0.0,761.04,235.46,8.12
ORD-2023-03338,11/02/2023,2023-11-06,Standard Class,CUST-1902,Susan Johnson,Corporate,Memphis,Tennessee,South,Technology,Phones,Phones - Model P704,12,1323.54,0.15,13500.11,1914.61,36.08
ORD-2021-03339,05/22/2021,2021-05-27,Standard Class,CUST-4456,Michael White,Corporate,Durham,North Carolina,South,Furniture,Bookcases,Bookcases - Model G497,11,1080.61,0.25,8915.03,1111.55,36.3
ORD-2024-03340,03/07/2024,2024-03-12,Standard Class,CUST-1060,Lisa Moore,Home Office,Atlanta,Georgia,South,Technology,Phones,Phones - Model D875,4,1039.35,0.0,4157.4,441.08,26.34
ORD-2022-03341,12/27/2022,2022-12-29,First Class,CUST-1060,Lisa Moore,Consumer,Raleigh,North Carolina,South,Office Supplies,Envelopes,Envelopes - Model G844,12,168.25,0.0,2019.0,863.08,45.93
ORD-2022-03342,11/05/2022,2022-11-08,First Class,CUST-5049,Patricia Garcia,Corporate,Springfield,Massachusetts,East,Technology,Tablets,Tablets - Model K368,8,752.76,0.0,6022.08,335.37,27.59
ORD-2024-03343,03/13/2024,2024-03-13,Same Day,CUST-4860,Linda Davis,Consumer,Charlotte,North Carolina,South,Furniture,Storage,Storage - Model B907,2,391.5,0.25,587.25,-50.69,23.83
ORD-2024-03344,02/05/2024,2024-02-06,First Class,CUST-4874,Margaret Hernandez,Corporate,Ann Arbor,Michigan,Central,Office Supplies,Binders,Binders - Model O422,2,36.81,0.0,73.62,7.67,8.58
ORD-2022-03345,10/13/2022,2022-10-18,Standard Class,CUST-0994,Anthony Wilson,Corporate,Virginia Beach,Virginia,South,,Shirts,Shirts - Model H272,11,461.55,0.0,5077.05,1242.47,42.57
ORD-2022-03346,01/26/2022,2022-01-29,Second Class,CUST-9300,Joseph Taylor,Consumer,Rochester,New York,East,Furniture,Storage,Storage - Model L434,6,87.79,0.05,500.4,25.79,49.93
ORD-2021-03347,11/16/2021,2021-11-17,First Class,CUST-5684,Ava Thomas,Consumer,Norfolk,Virginia,South,Clothing,Shirts,Shirts - Model A624,6,165.7,0.25,745.65,-55.35,14.22
ORD-2023-03348,02/22/2023,2023-02-28,Standard Class,CUST-1032,Robert Sanchez,Consumer,San Francisco,California,West,Furniture,Storage,Storage - Model L163,2,67.5,0.05,128.25,6.69,44.15
ORD-2021-03349,11/20/2021,2021-11-24,Standard Class,CUST-8252,Thomas White,Consumer,Allentown,Pennsylvania,East,Clothing,Pants,Pants - Model K137,3,77.38,0.1,,96.66,40.79
ORD-2021-03350,06/23/2021,2021-06-28,Standard Class,CUST-0064,Mia Davis,Consumer,Rochester,Minnesota,Central,Office Supplies,Labels,Labels - Model P614,11,60.84,0.0,669.24,257.37,43.09
ORD-2024-03351,09/17/2024,2024-09-22,Second Class,CUST-4945,Isabella Clark,Home Office,Richmond,Virginia,South,Technology,Monitors,Monitors - Model O720,9,2178.62,0.25,14705.68,-722.74,41.12
ORD-2021-03352,12/30/2021,2022-01-05,Standard Class,CUST-0827,Harper Wilson,Corporate,Detroit,Michigan,Central,Office Supplies,Labels,Labels - Model E934,1,82.47,0.15,70.1,16.34,8.99
ORD-2024-03353,11/05/2024,2024-11-11,Standard Class,CUST-7493,Elizabeth Lee,Corporate,Detroit,Michigan,Central,Furniture,Storage,Storage - Model O233,6,1479.68,0.0,8878.08,259.66,49.94
ORD-2022-03354,10/08/2022,2022-10-12,Standard Class,CUST-6484,Harper Miller,Corporate,Buffalo,New York,East,,Pens,Pens - Model A199,4,6.3,0.25,18.9,2.75,13.91
ORD-2021-03355,12/05/2021,2021-12-12,Standard Class,CUST-5619,Jessica Robinson,Corporate,Ann Arbor,Michigan,Central,Clothing,Accessories,Accessories - Model N947,2,291.44,0.0,582.88,253.35,47.75
ORD-2021-03356,10/07/2021,2021-10-14,Standard Class,CUST-0702,Matthew Martin,Corporate,Buffalo,New York,,Clothing,Accessories,Accessories - Model I427,11,39.76,0.15,371.76,174.23,37.93
ORD-2021-03357,09/24/2021,2021-09-30,Standard Class,CUST-0230,Margaret Williams,Consumer,Sacramento,California,,Furniture,Bookcases,Bookcases - Model C389,-8,1464.67,0.15,9959.76,1389.12,22.86
ORD-2024-03358,06/08/2024,2024-06-12,Standard Class,CUST-6971,Susan Williams,Consumer,Boston,Massachusetts,East,Furniture,Desks,Desks - Model L330,4,830.31,0.05,3155.18,74.98,32.57
ORD-2023-03359,05/06/2023,2023-05-06,Same Day,CUST-4355,Sarah Lopez,Consumer,Los Angeles,California,West,Office Supplies,Binders,Binders - Model B758,6,81.22,0.15,414.22,130.49,6.17
ORD-2022-03360,01/23/2022,2022-01-26,Second Class,CUST-2763,Linda Robinson,Consumer,Grand Rapids,Michigan,Central,Clothing,Jackets,Jackets - Model H894,10,387.56,0.0,3875.6,970.59,44.03
ORD-2024-03361,12/20/2024,2024-12-21,First Class,CUST-3708,Sandra Perez,Corporate,Knoxville,Tennessee,South,Office Supplies,Pens,Pens - Model K474,5,188.24,0.0,941.2,154.26,27.26
ORD-2021-03362,05/29/2021,2021-06-04,Standard Class,CUST-8945,Robert Lewis,Home Office,Trenton,New Jersey,East,Furniture,Tables,Tables - Model K783,9,1338.55,0.1,10842.25,,47.62
ORD-2024-03363,05/13/2024,2024-05-16,First Class,CUST-6484,Harper Miller,Corporate,Salem,Oregon,West,Office Supplies,Envelopes,Envelopes - Model M827,5,15.3,0.2,61.2,10.34,28.55
ORD-2021-03364,12/12/2021,2021-12-13,First Class,CUST-1661,John Johnson,Consumer,Cincinnati,Ohio,Central,Furniture,Chairs,Chairs - Model D991,9,898.87,0.1,7280.85,645.12,13.74
ORD-2021-03365,08/04/2021,2021-08-11,Standard Class,CUST-6789,James Brown,Home Office,Jersey City,New Jersey,East,Technology,Tablets,Tablets - Model G307,6,1473.36,0.0,8840.16,581.4,21.03
ORD-2022-03366,12/28/2022,2022-12-28,Same Day,CUST-5322,Patricia Jackson,Corporate,Buffalo,New York,East,Furniture,Storage,Storage - Model G839,11,1256.02,0.2,11052.98,1836.53,49.23
ORD-2023-03367,08/30/2023,2023-08-30,Same Day,CUST-0708,Margaret Lopez,Corporate,Aurora,Illinois,Central,Clothing,Jackets,Jackets - Model O511,5,16.68,0.05,79.23,19.61,47.91
ORD-2023-03368,11/08/2023,2023-11-15,Standard Class,CUST-4275,Robert Martinez,Consumer,Tucson,Arizona,West,Furniture,Desks,Desks - Model N258,4,487.46,0.05,1852.35,178.12,46.04
ORD-2023-03369,10/28/2023,2023-10-28,Same Day,CUST-2106,John Martin,Consumer,Phoenix,Arizona,West,Office Supplies,Paper,Paper - Model P854,4,46.23,0.05,175.67,43.07,117.89
ORD-2021-03370,12/26/2021,2022-01-01,Standard Class,CUST-2508,Richard Lopez,Home Office,Buffalo,New York,East,Office Supplies,Labels,Labels - Model D538,11,148.44,0.15,1387.91,586.0,31.33
ORD-2024-03371,01/12/2024,2024-01-15,First Class,CUST-0472,Ava Moore,Consumer,Naperville,Illinois,Central,Clothing,Shoes,Shoes - Model A635,11,478.95,0.25,3951.34,,3.23
ORD-2023-03372,02/09/2023,2023-02-10,First Class,CUST-6974,David Jones,Corporate,Augusta,Georgia,South,Clothing,Shirts,Shirts - Model E189,8,119.62,0.2,765.57,343.83,18.16
ORD-2023-03373,06/11/2023,2023-06-11,Same Day,CUST-4248,Joseph Jackson,Home Office,Sacramento,California,West,Furniture,Tables,Tables - Model N482,12,686.04,0.0,8232.48,1561.39,60.14
ORD-2023-03374,06/05/2023,2023-06-09,Standard Class,CUST-1968,Barbara Lewis,Corporate,New York City,New York,East,Furniture,Tables,Tables - Model I981,10,1067.13,0.15,9070.61,1368.4,10.37
ORD-2024-03375,11/12/2024,2024-11-16,Standard Class,CUST-5792,Jessica Garcia,Consumer,Spokane,Washington,,Office Supplies,Envelopes,Envelopes - Model C675,4,42.32,0.0,169.28,46.03,2.6
ORD-2024-03376,07/18/2024,2024-07-23,Standard Class,CUST-9297,Jessica White,Consumer,Detroit,Michigan,Central,Technology,Monitors,Monitors - Model K188,10,1362.13,0.3,9534.91,-1233.79,35.11
ORD-2022-03377,09/22/2022,2022-09-27,Standard Class,CUST-4641,,Home Office,Boston,Massachusetts,East,Clothing,Jackets,Jackets - Model M318,9,349.42,0.0,3144.78,1645.65,4.64
ORD-2022-03378,08/31/2022,2022-09-04,Standard Class,CUST-1032,Robert Sanchez,Home Office,Las Vegas,Nevada,West,Office Supplies,Pens,Pens - Model L298,10,187.25,0.0,1872.5,599.76,38.1
ORD-2021-03379,01/27/2021,2021-01-30,First Class,CUST-9611,Amelia Rodriguez,Corporate,Buffalo,New York,East,Clothing,Jackets,Jackets - Model I900,12,426.3,0.0,5115.6,1381.43,30.31
ORD-2023-03380,10/25/2023,2023-10-29,Second Class,CUST-7085,Richard Thompson,Corporate,Pittsburgh,Pennsylvania,East,Office Supplies,Pens,Pens - Model I444,9,181.28,0.0,1631.52,358.4,37.26
ORD-2022-03381,02/19/2022,2022-02-25,Standard Class,CUST-5908,Amelia Gonzalez,Corporate,San Antonio,Texas,Central,Clothing,Accessories,Accessories - Model F949,5,190.2,0.2,760.8,243.33,22.86
ORD-2021-03382,04/07/2021,2021-04-10,Second Class,CUST-6833,Margaret Martin,Consumer,Spokane,Washington,West,Clothing,Pants,Pants - Model G872,4,497.0,0.3,1391.6,-498.56,20.93
ORD-2024-03383,07/23/2024,2024-07-27,Standard Class,CUST-2652,Jennifer Gonzalez,Corporate,Chicago,Illinois,Central,Office Supplies,Binders,Binders - Model D969,7,32.41,0.0,226.87,38.66,17.44
ORD-2022-03384,11/13/2022,2022-11-15,First Class,CUST-0708,Margaret Lopez,Corporate,Las Vegas,Nevada,West,,Jackets,Jackets - Model E939,2,117.41,0.3,164.37,,31.34
ORD-2021-03385,09/30/2021,2021-10-06,Standard Class,CUST-1673,Charles Davis,Consumer,Eugene,Oregon,West,Technology,Accessories,Accessories - Model M754,10,1769.41,0.25,13270.58,742.37,34.33
ORD-2023-03386,12/01/2023,2023-12-04,  First Class  ,CUST-8263,Jessica Ramirez,Consumer,Salem,Oregon,West,Clothing,Shirts,Shirts - Model N817,11,65.37,0.15,611.21,306.5,32.87
ORD-2023-03387,05/22/2023,2023-05-25,First Class,CUST-3326,Mark Clark,Consumer,Chicago,Illinois,Central,Furniture,Tables,Tables - Model C284,4,61.65,0.2,197.28,21.59,22.51
ORD-2022-03388,08/03/2022,2022-08-08,Standard Class,CUST-2652,Jennifer Gonzalez,Corporate,New York City,New York,East,Office Supplies,Binders,Binders - Model B509,3,102.51,0.15,261.4,92.96,37.8
ORD-2022-03389,12/17/2022,2022-12-22,Second Class,CUST-8591,Christopher Gonzalez,Corporate,Rochester,Minnesota,Central,Technology,Phones,Phones - Model J908,4,1601.18,0.25,4803.54,768.96,13.22
ORD-2024-03390,10/27/2024,2024-10-27,Same Day,CUST-2517,Jessica Lopez,Consumer,Raleigh,North Carolina,South,Furniture,Chairs,Chairs - Model A857,8,336.89,0.0,2695.12,170.36,65.61
ORD-2023-03391,07/17/2023,2023-07-23,Standard Class,CUST-1201,Mia Brown,Home Office,Richmond,Virginia,South,Furniture,Desks,Desks - Model O131,5,420.51,0.15,1787.17,286.91,14.18
ORD-2024-03392,02/17/2024,2024-02-23,Standard Class,CUST-2585,David Sanchez,Consumer,Richmond,Virginia,South,Technology,Tablets,Tablets - Model J802,8,2112.79,0.1,15212.09,3026.97,30.32
ORD-2022-03393,11/21/2022,2022-11-28,Standard Class,CUST-6035,Daniel White,Corporate,Rochester,New York,East,Furniture,Storage,Storage - Model H775,12,1098.35,0.3,9226.14,1630.58,23.67
ORD-2023-03394,05/18/2023,2023-05-23,Standard Class,CUST-4138,,Home Office,San Antonio,Texas,Central,,Pens,Pens - Model J747,4,137.01,0.05,520.64,194.61,26.67
ORD-2021-03395,01/17/2021,2021-01-21,Standard Class,CUST-8774,Karen Anderson,Consumer,Savannah,Georgia,South,Clothing,Accessories,Accessories - Model B363,8,329.44,0.3,1844.86,322.35,40.53
ORD-2022-03396,09/27/2022,2022-10-02,Second Class,CUST-3662,Patricia Ramirez,Corporate,Pittsburgh,Pennsylvania,East,Clothing,Jackets,Jackets - Model K685,3,57.39,0.3,120.52,-36.5,18.64
ORD-2023-03397,09/12/2023,2023-09-18,Standard Class,CUST-6035,Daniel White,Consumer,Cleveland,Ohio,Central,Office Supplies,Envelopes,Envelopes - Model C366,2,133.06,0.3,186.28,62.68,48.31
ORD-2024-03398,10/05/2024,2024-10-05,Same Day,CUST-4672,William Thompson,Consumer,Pittsburgh,Pennsylvania,East,Technology,Laptops,Laptops - Model K871,12,1723.98,0.25,15515.82,2460.3,106.69
ORD-2022-03399,11/18/2022,2022-11-19,First Class,CUST-2448,John Lewis,Consumer,Pittsburgh,Pennsylvania,East,Technology,Phones,Phones - Model F383,6,1426.22,0.0,8557.32,1040.47,15.19
ORD-2024-03400,06/05/2024,2024-06-08,Second Class,CUST-2377,Olivia Gonzalez,Home Office,Salem,Oregon,West,Clothing,Accessories,Accessories - Model G807,3,245.62,0.2,589.49,310.48,39.9
ORD-2023-03401,12/28/2023,2024-01-04,Standard Class,CUST-8969,Evelyn Lewis,Consumer,Charlotte,North Carolina,South,Furniture,Tables,Tables - Model A383,8,1070.91,0.05,8138.92,385.96,25.56
ORD-2022-03402,11/11/2022,2022-11-17,Standard Class,CUST-1363,Richard Clark,Home Office,Miami,Florida,South,Clothing,Shirts,Shirts - Model L172,2,141.52,0.25,212.28,69.34,20.42
ORD-2021-03403,08/27/2021,2021-09-03,Standard Class,CUST-7493,Elizabeth Lee,Home Office,Worcester,Massachusetts,East,,Phones,Phones - Model C679,3,1418.45,0.1,3829.82,783.47,47.16
ORD-2024-03404,11/02/2024,2024-11-07,Standard Class,CUST-4248,Sophia Williams,Consumer,Naperville,Illinois,Central,Clothing,Jackets,Jackets - Model G483,11,159.64,0.3,1229.23,574.88,28.33
ORD-2021-03405,11/22/2021,2021-11-29,Standard Class,CUST-5869,Anthony Thomas,Corporate,Trenton,New Jersey,East,Office Supplies,Envelopes,Envelopes - Model O423,4,150.51,0.2,481.63,117.11,26.82
ORD-2022-03406,10/01/2022,2022-10-05,Standard Class,CUST-6836,Mia Anderson,Consumer,Allentown,Pennsylvania,East,Furniture,Bookcases,Bookcases - Model G292,3,1446.61,0.1,3905.85,668.27,26.98
ORD-2024-03407,05/15/2024,2024-05-21,Standard Class,CUST-9484,Matthew Rodriguez,Consumer,New York City,New York,East,Furniture,Desks,Desks - Model D685,3,166.81,0.25,375.32,74.35,41.22
ORD-2022-03408,06/11/2022,2022-06-12,First Class,CUST-0454,Thomas Johnson,Corporate,Las Vegas,Nevada,West,Clothing,Shirts,Shirts - Model B223,10,33.36,0.0,333.6,182.07,22.48
ORD-2023-03409,02/03/2023,2023-02-09,Standard Class,CUST-4418,Joseph Harris,Corporate,Austin,Texas,Central,Clothing,Shoes,Shoes - Model E958,10,476.74,0.0,4767.4,1523.36,46.33
ORD-2022-03410,06/18/2022,2022-06-23,Standard Class,CUST-6941,Thomas Taylor,Home Office,Raleigh,North Carolina,South,Clothing,Shirts,Shirts - Model C944,1,287.33,0.15,244.23,131.56,44.21
ORD-2023-03411,09/18/2023,2023-09-24,Standard Class,CUST-4920,Jennifer Wilson,Consumer,Springfield,Massachusetts,East,Office Supplies,Binders,Binders - Model O195,2,96.16,0.0,192.32,75.95,35.06
ORD-2024-03412,02/14/2024,2024-02-17,First Class,CUST-8733,Mark Martin,Consumer,Sacramento,California,West,Clothing,Jackets,Jackets - Model C468,9,298.9,0.0,2690.1,972.18,45.35
ORD-2021-03413,10/12/2021,2021-10-18,Standard Class,CUST-9788,William Rodriguez,Consumer,Mesa,Arizona,West,Office Supplies,Envelopes,Envelopes - Model F879,2,3.89,0.0,7.78,3.03,14.4
ORD-2023-03414,09/25/2023,2023-09-30,Second Class,CUST-6754,Joseph Ramirez,Corporate,Aurora,Illinois,,Technology,Phones,Phones - Model G554,1,2227.47,0.2,1781.98,443.41,44.04
ORD-2022-03415,09/12/2022,2022-09-19,Standard Class,CUST-9788,William Rodriguez,Corporate,Reno,Nevada,,Clothing,Shoes,Shoes - Model E342,2,364.61,0.1,656.3,222.28,49.98
ORD-2021-03416,10/26/2021,2021-11-02,Standard Class,CUST-4580,Harper Smith,Corporate,Augusta,Georgia,South,Furniture,Bookcases,Bookcases - Model E153,2,1487.94,0.05,2827.09,203.66,43.69
ORD-2022-03417,05/31/2022,2022-06-05,Standard Class,CUST-1463,Richard Gonzalez,Consumer,Mesa,Arizona,West,Technology,Monitors,Monitors - Model A306,2,1490.8,0.3,2087.12,-236.06,11.21
ORD-2022-03418,12/17/2022,2022-12-22,Standard Class,CUST-1597,Nancy Lewis,Corporate,Eugene,Oregon,West,Technology,Monitors,Monitors - Model P646,2,1823.25,0.05,3464.17,566.78,39.83
ORD-2021-03419,11/01/2021,2021-11-08,Standard Class,CUST-4248,Sophia Williams,Corporate,Tacoma,Washington,West,Technology,Laptops,Laptops - Model P150,6,2310.73,0.1,12477.94,2634.82,3.29
ORD-2022-03420,11/19/2022,2022-11-19,Same Day,CUST-0867,Robert Ramirez,Consumer,Portland,Oregon,West,Clothing,Shirts,Shirts - Model F842,11,156.69,0.0,1723.59,449.8,17.62
ORD-2024-03421,11/14/2024,2024-11-20,Standard Class,CUST-1032,Robert Sanchez,Consumer,Springfield,Massachusetts,East,Clothing,Shirts,Shirts - Model A382,6,377.92,0.1,2040.77,585.16,31.12
ORD-2021-03422,10/14/2021,2021-10-14,Same Day,CUST-4414,John Smith,Consumer,Seattle,Washington,,,Desks,Desks - Model J380,10,1425.55,0.0,14255.5,704.46,24.08
ORD-2024-03423,04/26/2024,2024-04-29,Second Class,CUST-8552,Sarah Anderson,Consumer,Savannah,Georgia,South,Technology,Laptops,Laptops - Model L835,9,965.67,0.1,7821.93,1555.73,4.45
ORD-2024-03424,05/16/2024,2024-05-16,Same Day,CUST-9300,Joseph Taylor,Consumer,Allentown,Pennsylvania,East,Office Supplies,Paper,Paper - Model C310,8,55.36,0.2,354.3,138.76,71.81
ORD-2021-03425,09/24/2021,2021-09-28,Standard Class,CUST-6127,Ava Anderson,Home Office,Pittsburgh,Pennsylvania,East,Furniture,Chairs,Chairs - Model A401,11,471.17,0.25,3887.15,503.94,17.72
ORD-2024-03426,11/12/2024,2024-11-14,First Class,CUST-1300,Sarah Williams,Consumer,Sacramento,California,West,Furniture,Bookcases,Bookcases - Model A494,2,56.07,0.15,95.32,2.59,49.45
ORD-2024-03427,11/12/2024,2024-11-15,First Class,CUST-0245,Michael Harris,Corporate,Tacoma,Washington,West,Office Supplies,Paper,Paper - Model J584,10,89.4,0.05,849.3,107.2,34.67
ORD-2021-03428,08/29/2021,2021-09-03,Standard Class,CUST-1201,Mia Brown,Consumer,Jacksonville,Florida,South,,Storage,Storage - Model H495,8,1451.17,0.0,11609.36,1471.61,14.1
ORD-2021-03429,08/04/2021,2021-08-09,Second Class,CUST-2232,Anthony Hernandez,Corporate,Allentown,Pennsylvania,East,Clothing,Shirts,Shirts - Model O942,3,320.6,0.05,913.71,156.06,23.08
ORD-2024-03430,11/21/2024,2024-11-27,Standard Class,CUST-0435,Barbara White,Corporate,Buffalo,New York,East,Furniture,Chairs,Chairs - Model B849,10,330.37,0.0,3303.7,163.66,21.57
ORD-2023-03431,04/03/2023,2023-04-07,Standard Class,CUST-0011,Margaret Clark,Corporate,Springfield,Massachusetts,East,Office Supplies,Paper,Paper - Model A285,9,140.89,0.0,,391.63,11.66
ORD-2023-03432,11/13/2023,2023-11-19,Standard Class,CUST-3211,William Moore,Consumer,Houston,Texas,Central,Furniture,Tables,Tables - Model N422,11,1181.26,0.0,,1897.47,23.2
ORD-2021-03433,12/24/2021,2021-12-31,Standard Class,CUST-6836,Mia Anderson,Corporate,Boston,Massachusetts,East,Furniture,Tables,Tables - Model A433,12,353.67,0.15,3607.43,162.01,4.33
ORD-2021-03434,05/21/2021,2021-05-25,Standard Class,CUST-0230,Margaret Williams,Corporate,Atlanta,Georgia,South,Furniture,Tables,Tables - Model C239,5,949.55,0.2,3798.2,315.37,8.13
ORD-2021-03435,11/14/2021,2021-11-17,Second Class,CUST-4964,Nancy Jackson,Corporate,Seattle,Washington,West,Technology,Phones,Phones - Model O219,6,1285.9,0.3,5400.78,1137.94,6.0
ORD-2024-03436,11/21/2024,2024-11-22,First Class,CUST-9644,Amelia White,Consumer,Chicago,Illinois,Central,Technology,Laptops,Laptops - Model O896,6,196.93,0.3,827.11,71.41,3.99
ORD-2024-03437,12/05/2024,2024-12-10,Standard Class,CUST-4039,Sarah Perez,Corporate,Boston,Massachusetts,East,Technology,Phones,Phones - Model I478,2,792.33,0.1,1426.19,180.11,27.83
ORD-2021-03438,09/05/2021,2021-09-10,Second Class,CUST-7673,Sophia Jones,Corporate,Tucson,Arizona,West,Furniture,Desks,Desks - Model C936,3,717.33,0.05,2044.39,394.36,37.76
ORD-2022-03439,09/09/2022,2022-09-14,Standard Class,CUST-0435,,Corporate,Aurora,Illinois,Central,Office Supplies,Envelopes,Envelopes - Model K113,10,170.42,0.25,1278.15,-222.69,46.1
ORD-2023-03440,02/12/2023,2023-02-12,Same Day,CUST-9006,Michael Johnson,Home Office,Norfolk,Virginia,South,Office Supplies,Pens,Pens - Model O586,2,95.24,0.0,190.48,48.55,59.16
ORD-2023-03441,08/26/2023,2023-09-02,Standard Class,CUST-4997,Margaret Moore,Home Office,Charlotte,North Carolina,South,Office Supplies,Binders,Binders - Model B355,1,95.61,0.15,81.27,14.78,20.75
ORD-2021-03442,10/22/2021,2021-10-29,Standard Class,CUST-4418,Joseph Harris,Consumer,Durham,North Carolina,South,Clothing,Shirts,Shirts - Model N719,1,40.43,0.3,28.3,-4.91,17.1
ORD-2023-03443,06/18/2023,2023-06-20,First Class,CUST-7596,Harper Taylor,Consumer,Portland,Oregon,West,Furniture,Bookcases,Bookcases - Model M278,7,1163.96,0.15,6925.56,257.9,48.3
ORD-2023-03444,12/06/2023,2023-12-06,Same Day,CUST-4835,Lisa Smith,Corporate,Savannah,Georgia,South,Office Supplies,Binders,Binders - Model F573,8,95.26,0.25,571.56,-54.89,120.67
ORD-2024-03445,08/18/2024,2024-08-25,Standard Class,CUST-9779,Isabella Thompson,Consumer,Los Angeles,California,West,Technology,Monitors,Monitors - Model P774,10,1974.21,0.3,13819.47,2462.79,29.44
ORD-2022-03446,11/10/2022,2022-11-14,Standard Class,CUST-1597,Nancy Lewis,Home Office,Salem,Oregon,West,Technology,Accessories,Accessories - Model F748,6,113.58,0.1,,80.75,20.44
ORD-2023-03447,11/20/2023,2023-11-25,Second Class,CUST-4967,Sophia Rodriguez,Consumer,Spokane,Washington,West,Clothing,Pants,Pants - Model O753,9,139.03,0.25,938.45,-147.69,3.29
ORD-2022-03448,07/04/2022,2022-07-09,Standard Class,CUST-6484,Harper Miller,Home Office,Aurora,Illinois,Central,Clothing,Pants,Pants - Model B681,1,171.04,0.05,162.49,77.01,11.35
ORD-2021-03449,11/25/2021,2021-12-01,Standard Class,CUST-5322,Patricia Jackson,Consumer,Raleigh,North Carolina,South,Office Supplies,Paper,Paper - Model F309,2,51.19,0.25,76.78,33.75,37.04
ORD-2024-03450,12/23/2024,2024-12-30,Standard Class,CUST-1363,Richard Clark,Consumer,New Haven,Connecticut,East,Technology,Phones,Phones - Model P362,9,1311.55,0.3,8262.76,659.31,41.67
ORD-2021-03451,11/17/2021,2021-11-24,Standard Class,CUST-9286,Christopher Miller,Home Office,Detroit,Michigan,Central,Office Supplies,Envelopes,Envelopes - Model K795,8,22.59,0.3,126.5,31.83,49.46
ORD-2021-03452,10/16/2021,2021-10-23,Standard Class,CUST-9611,Amelia Rodriguez,Consumer,Pittsburgh,Pennsylvania,East,Office Supplies,Labels,Labels - Model E972,11,43.69,0.15,408.5,56.35,2.38
ORD-2024-03453,07/20/2024,2024-07-21,First Class,CUST-3655,,Consumer,Spokane,Washington,West,Furniture,Bookcases,Bookcases - Model N836,2,741.4,0.2,1186.24,100.7,48.91
ORD-2021-03454,06/25/2021,2021-06-25,Same Day,CUST-3131,Mary Brown,Home Office,Grand Rapids,Michigan,Central,Clothing,Shirts,Shirts - Model E463,6,347.57,0.25,1564.07,-196.63,19.0
ORD-2024-03455,10/04/2024,2024-10-04,Same Day,CUST-5783,Isabella Perez,Consumer,Raleigh,North Carolina,South,Office Supplies,Pens,Pens - Model G381,1,38.25,0.3,26.77,7.57,107.1
ORD-2024-03456,04/30/2024,2024-05-07,Standard Class,CUST-3211,William Moore,Consumer,Buffalo,New York,East,Furniture,Desks,Desks - Model P695,1,1268.81,0.3,888.17,28.72,26.95
ORD-2021-03457,11/27/2021,2021-11-28,First Class,CUST-3232,William Sanchez,Home Office,Reno,Nevada,West,Technology,Phones,Phones - Model E503,10,1483.53,0.3,10384.71,1784.52,8.4
ORD-2024-03458,17-Mar-2024,2024-03-20,First Class,CUST-8511,Mia Jones,Consumer,Austin,Texas,Central,Clothing,Shirts,Shirts - Model D327,2,20.91,0.3,29.27,-8.42,5.81
ORD-2021-03459,09/10/2021,2021-09-17,Standard Class,CUST-3655,,Consumer,Raleigh,North Carolina,South,Technology,Accessories,Accessories - Model I519,7,2112.14,0.2,11827.98,1436.72,22.04
ORD-2024-03460,01/15/2024,2024-01-19,Second Class,CUST-2939,Barbara Rodriguez,Consumer,Minneapolis,Minnesota,Central,Clothing,Pants,Pants - Model N406,6,213.35,0.0,1280.1,273.73,5.78
ORD-2021-03461,11/28/2021,2021-12-05,Standard Class,CUST-2232,Anthony Hernandez,Corporate,Newark,New Jersey,East,Furniture,Chairs,Chairs - Model H166,12,1467.93,0.0,17615.16,1137.23,49.14
ORD-2023-03462,12/13/2023,2023-12-20,Standard Class,CUST-3533,Evelyn Hernandez,Home Office,Augusta,Georgia,South,Furniture,Tables,Tables - Model A607,2,1162.07,0.0,2324.14,136.58,19.57
ORD-2024-03463,08/07/2024,2024-08-08,First Class,CUST-1816,,Consumer,Worcester,Massachusetts,East,Clothing,Accessories,Accessories - Model G536,8,245.83,0.1,1769.98,612.66,10.12
ORD-2022-03464,08/17/2022,2022-08-24,Standard Class,CUST-8884,Thomas Jones,Home Office,Jersey City,New Jersey,East,Clothing,Pants,Pants - Model O803,7,30.81,0.0,215.67,111.7,10.35
ORD-2024-03465,12/18/2024,2024-12-18,Same Day,CUST-1132,Sophia Gonzalez,Consumer,Springfield,Massachusetts,East,Furniture,Storage,Storage - Model G696,7,343.39,0.0,2403.73,165.8,9.81
ORD-2021-03466,01/23/2021,2021-01-26,Second Class,CUST-9219,William Perez,Corporate,Norfolk,Virginia,South,Technology,Phones,Phones - Model O337,2,988.03,0.0,1976.06,310.94,20.27
ORD-2024-03467,02/23/2024,2024-03-01,Standard Class,CUST-0702,Matthew Martin,Consumer,Ann Arbor,Michigan,Central,Furniture,Storage,Storage - Model H691,2,839.94,0.15,1427.9,184.63,4.46
ORD-2023-03468,10/26/2023,2023-11-02,Standard Class,CUST-9297,Jessica White,Corporate,Cincinnati,Ohio,Central,Technology,Phones,Phones - Model A961,4,1827.22,0.2,5847.1,820.73,35.7
ORD-2023-03469,12/16/2023,2023-12-20,Standard Class,CUST-0551,Jessica Thomas,Consumer,Detroit,Michigan,Central,Furniture,Bookcases,Bookcases - Model A801,8,277.05,0.3,1551.48,134.94,8.57
ORD-2021-03470,05/13/2021,2021-05-19,Standard Class,CUST-2131,Matthew Smith,Consumer,Salem,Oregon,West,Technology,Accessories,Accessories - Model L274,5,200.01,0.0,1000.05,64.44,19.57
ORD-2021-03471,02/20/2021,2021-02-27,Standard Class,CUST-4016,Sarah Hernandez,Consumer,Buffalo,New York,East,Technology,Tablets,Tablets - Model H298,9,1262.49,0.0,11362.41,2072.23,13.46
ORD-2024-03472,04/15/2024,2024-04-19,Standard Class,CUST-5908,Amelia Gonzalez,Home Office,Knoxville,Tennessee,South,Clothing,Jackets,Jackets - Model B156,8,133.49,0.0,1067.92,325.36,27.76
ORD-2024-03473,07/14/2024,2024-07-14,Same Day,CUST-3952,Michael Ramirez,Home Office,Detroit,Michigan,Central,Clothing,Pants,Pants - Model I380,3,150.01,0.25,337.52,-68.85,39.39
ORD-2023-03474,11/08/2023,2023-11-13,Second Class,CUST-8733,Mark Martin,Consumer,Seattle,Washington,West,  Furniture  ,Tables,Tables - Model E253,11,684.89,0.2,,229.36,33.22
ORD-2022-03475,12/26/2022,2022-12-30,Standard Class,CUST-5049,Patricia Garcia,Corporate,Aurora,Illinois,Central,Technology,Monitors,Monitors - Model E395,12,2279.73,0.0,27356.76,2899.65,41.0
ORD-2021-03476,12/16/2021,2021-12-21,Standard Class,CUST-5359,Joseph Williams,Consumer,Columbus,Ohio,Central,Furniture,Storage,Storage - Model P886,5,938.19,0.0,4690.95,784.22,41.42
ORD-2024-03477,05/26/2024,2024-06-01,Standard Class,CUST-4248,Joseph Jackson,Consumer,Newark,New Jersey,East,Office Supplies,Pens,Pens - Model I850,5,29.9,0.25,112.12,47.37,22.56
ORD-2022-03478,01/21/2022,2022-01-27,Standard Class,CUST-4248,Joseph Jackson,Consumer,Minneapolis,Minnesota,Central,Clothing,Pants,Pants - Model P654,6,55.26,0.05,314.98,170.51,5.66
ORD-2023-03479,03/09/2023,2023-03-09,Same Day,CUST-8884,Thomas Jones,Consumer,Virginia Beach,Virginia,South,Clothing,Shirts,Shirts - Model L589,2,412.33,0.25,618.5,115.93,15.42
ORD-2024-03480,01/11/2024,2024-01-17,Standard Class,CUST-5988,Amelia Moore,Corporate,Eugene,Oregon,West,Technology,Laptops,Laptops - Model K880,9,797.46,0.0,7177.14,1373.7,13.65
ORD-2022-03481,11/18/2022,2022-11-21,Second Class,CUST-6803,Robert Clark,Consumer,Naperville,Illinois,Central,Technology,Accessories,Accessories - Model H938,9,2496.05,0.0,,3957.04,39.18
ORD-2021-03482,03/22/2021,2021-03-26,Second Class,CUST-9635,Mia Martinez,Corporate,Rochester,Minnesota,Central,Technology,Accessories,Accessories - Model A739,10,2430.57,0.1,21875.13,3473.49,27.91
ORD-2022-03483,04/13/2022,2022-04-13,Same Day,CUST-6157,Charlotte Miller,Consumer,Stamford,Connecticut,East,Office Supplies,Labels,Labels - Model C188,1,27.48,0.3,19.24,3.98,68.12
ORD-2022-03484,01/25/2022,2022-02-01,Standard Class,CUST-1941,James Martinez,Consumer,Richmond,Virginia,South,CLOTHING,Pants,Pants - Model E156,-12,463.7,0.05,5286.18,2327.47,38.28
ORD-2023-03485,03/23/2023,2023-03-25,First Class,CUST-6156,Sophia Clark,Consumer,Las Vegas,Nevada,West,Technology,Phones,Phones - Model K195,12,994.1,0.1,10736.28,2521.68,40.26
ORD-2024-03486,05/24/2024,2024-05-29,Second Class,CUST-0988,Charlotte Williams,Corporate,Saint Paul,Minnesota,Central,Technology,Monitors,Monitors - Model A103,5,1165.54,0.05,5536.31,484.23,21.98
ORD-2021-03487,01/27/2021,2021-02-02,Standard Class,CUST-4355,Sarah Lopez,Corporate,Allentown,Pennsylvania,East,Furniture,Chairs,Chairs - Model A473,4,856.41,0.3,2397.95,326.52,6.84
ORD-2021-03488,11/26/2021,2021-12-01,Standard Class,CUST-5336,Isabella Williams,Consumer,Richmond,Virginia,South,Clothing,Shirts,Shirts - Model N134,2,20.22,0.25,30.33,6.35,28.82
ORD-2024-03489,07/16/2024,2024-07-22,Standard Class,CUST-3900,Margaret Smith,Consumer,Los Angeles,California,West,Clothing,Shirts,Shirts - Model P927,9,158.22,0.25,1067.99,-346.65,9.41
ORD-2021-03490,03/10/2021,2021-03-13,Second Class,CUST-7479,Joseph Gonzalez,Home Office,New Haven,Connecticut,East,Technology,Monitors,Monitors - Model J442,4,237.97,0.1,856.69,66.76,45.91
ORD-2023-03491,02/25/2023,2023-02-28,Second Class,CUST-2448,John Lewis,Consumer,Las Vegas,Nevada,West,Clothing,Pants,Pants - Model G333,3,488.21,0.25,1098.47,-399.28,15.12
ORD-2022-03492,09/25/2022,2022-09-29,Second Class,CUST-8742,,Consumer,Salem,Oregon,West,Technology,Accessories,Accessories - Model C546,12,1305.52,0.2,12532.99,1186.86,3.49
ORD-2023-03493,09/21/2023,2023-09-27,Standard Class,CUST-6941,Thomas Taylor,Consumer,Virginia Beach,Virginia,,Clothing,Pants,Pants - Model D554,1,60.1,0.05,57.09,26.55,31.5
ORD-2024-03494,11/22/2024,2024-11-27,Standard Class,CUST-1941,James Martinez,Consumer,Boston,Massachusetts,East,Office Supplies,Labels,Labels - Model N239,4,56.17,0.0,224.68,74.1,12.93
ORD-2022-03495,08/21/2022,2022-08-27,Standard Class,CUST-3662,Patricia Ramirez,Consumer,Los Angeles,California,West,Technology,Tablets,Tablets - Model M942,7,1971.04,0.25,10347.96,-1213.77,7.19
ORD-2024-03496,07/30/2024,2024-08-05,Standard Class,CUST-5908,Amelia Gonzalez,Consumer,Seattle,Washington,West,Furniture,Storage,Storage - Model A354,12,177.41,0.2,1703.14,114.16,22.73
ORD-2023-03497,11/25/2023,2023-12-01,Standard Class,CUST-6131,Linda Perez,Corporate,Worcester,Massachusetts,East,Technology,Accessories,Accessories - Model N779,12,1767.42,0.0,21209.04,1685.56,25.6
ORD-2024-03498,11/02/2024,2024-11-08,Standard Class,CUST-8733,Mark Martin,Home Office,Worcester,Massachusetts,East,Furniture,Bookcases,Bookcases - Model L712,11,1340.47,0.0,14745.17,780.56,47.79
ORD-2023-03499,08/27/2023,2023-09-02,Standard Class,CUST-5607,Daniel Miller,Corporate,Trenton,New Jersey,East,Office Supplies,Envelopes,Envelopes - Model M349,5,60.39,0.25,226.46,75.59,3.96
ORD-2021-03500,08/12/2021,2021-08-15,Second Class,CUST-1673,Charles Davis,Consumer,Tacoma,Washington,West,Furniture,Desks,Desks - Model F998,1,1424.31,0.2,,176.16,12.91
ORD-2022-03501,10/04/2022,2022-10-11,Standard Class,CUST-7555,Sarah Harris,Consumer,Eugene,Oregon,West,Furniture,Chairs,Chairs - Model B248,12,1127.85,0.05,,346.27,11.16
ORD-2021-03502,04/10/2021,2021-04-14,Standard Class,CUST-0867,Robert Ramirez,Consumer,Miami,Florida,South,Furniture,Tables,Tables - Model J163,10,929.52,0.15,7900.92,639.46,46.58
ORD-2023-03503,05/30/2023,2023-06-05,Standard Class,CUST-0867,,Consumer,Las Vegas,Nevada,West,,Accessories,Accessories - Model M560,12,984.38,0.2,9450.05,737.46,31.38
ORD-2024-03504,11/01/2024,2024-11-07,Standard Class,CUST-4016,Sarah Hernandez,Home Office,Grand Rapids,Michigan,Central,Clothing,Jackets,Jackets - Model I587,4,246.41,0.1,887.08,191.36,33.21
ORD-2022-03505,11/14/2022,2022-11-17,First Class,CUST-3779,John Thompson,Corporate,Worcester,Massachusetts,East,Office Supplies,Pens,Pens - Model L157,7,128.15,0.05,852.2,325.53,32.02
ORD-2023-03506,03/28/2023,2023-03-29,First Class,CUST-9788,William Rodriguez,Consumer,Dallas,Texas,Central,Furniture,Bookcases,Bookcases - Model B502,3,38.39,0.25,86.38,-12.63,3.87
ORD-2023-03507,11/18/2023,2023-11-25,Standard Class,CUST-1968,Barbara Lewis,Consumer,Boston,Massachusetts,East,Clothing,Shoes,Shoes - Model A559,12,307.06,0.1,3316.25,1686.67,32.91
ORD-2021-03508,12/14/2021,2021-12-19,Standard Class,CUST-3533,Evelyn Hernandez,Corporate,Rochester,Minnesota,Central,Technology,Accessories,Accessories - Model C472,10,156.94,0.3,1098.58,151.32,44.32
ORD-2023-03509,05/04/2023,2023-05-06,First Class,CUST-8671,John Gonzalez,Home Office,Jersey City,New Jersey,East,Office Supplies,Paper,Paper - Model B544,7,6.96,0.2,38.98,7.08,2.63
ORD-2024-03510,12/14/2024,2024-12-14,Same Day,CUST-9622,Susan Perez,Home Office,New York City,New York,East,Furniture,Desks,Desks - Model K912,3,815.11,0.1,2200.8,307.82,27.66
ORD-2023-03511,03/03/2023,2023-03-09,Standard Class,CUST-2332,Sandra Ramirez,Corporate,Aurora,Illinois,Central,Office Supplies,Binders,Binders - Model N664,2,66.92,0.0,133.84,30.32,24.38
ORD-2024-03512,08/27/2024,2024-08-31,Standard Class,CUST-5619,Jessica Robinson,Consumer,Norfolk,Virginia,South,Technology,Laptops,Laptops - Model L550,1,1012.64,0.0,1012.64,191.61,27.49
ORD-2021-03513,12/06/2021,2021-12-10,Standard Class,CUST-8993,Margaret Wilson,Home Office,Hartford,Connecticut,East,Office Supplies,Labels,Labels - Model M935,6,8.52,0.0,51.12,18.98,33.61
ORD-2022-03514,01/09/2022,2022-01-16,Standard Class,CUST-0994,Anthony Wilson,Corporate,Stamford,Connecticut,East,Office Supplies,Labels,Labels - Model N778,1,18.25,0.15,15.51,3.71,8.8
ORD-2023-03515,06/13/2023,2023-06-14,First Class,CUST-9986,Ava Garcia,Consumer,New York City,New York,East,Technology,Laptops,Laptops - Model M211,5,488.66,0.0,2443.3,519.45,46.22
ORD-2024-03516,09/19/2024,2024-09-23,Standard Class,CUST-7955,Sandra Davis,Consumer,Newark,New Jersey,East,,Tablets,Tablets - Model I851,7,618.3,0.15,3678.88,688.51,48.14
ORD-2021-03517,03/29/2021,2021-04-04,Standard Class,CUST-3690,Emily Anderson,Consumer,Houston,Texas,Central,Furniture,Chairs,Chairs - Model F724,1,1467.67,0.15,1247.52,142.18,46.93
ORD-2023-03518,10/28/2023,2023-10-31,Second Class,CUST-4919,Emily Sanchez,Home Office,Savannah,Georgia,South,,Labels,Labels - Model I534,1,94.3,0.0,94.3,33.18,9.69
ORD-2022-03519,11/23/2022,2022-11-23,Same Day,CUST-5520,David Taylor,Consumer,Allentown,Pennsylvania,East,Furniture,Chairs,Chairs - Model C418,3,1277.28,0.0,3831.84,131.34,109.69
ORD-2022-03520,09/29/2022,2022-10-02,First Class,CUST-8197,Susan Taylor,Corporate,Aurora,Illinois,Central,Furniture,Chairs,Chairs - Model M776,1,491.79,0.05,467.2,58.33,43.86
ORD-2022-03521,09/27/2022,2022-09-29,First Class,CUST-3952,Michael Ramirez,Home Office,San Francisco,California,West,Office Supplies,Binders,Binders - Model C103,8,59.94,0.0,479.52,92.05,49.59
ORD-2023-03522,07/13/2023,2023-07-17,Standard Class,CUST-5088,Isabella Anderson,Consumer,San Francisco,California,West,Clothing,Shirts,Shirts - Model N752,10,375.42,0.3,2627.94,601.38,9.09
ORD-2022-03523,11/11/2022,2022-11-12,First Class,CUST-8197,Susan Taylor,Consumer,New York City,New York,East,Furniture,Storage,Storage - Model D934,10,711.7,0.15,6049.45,802.53,32.78
ORD-2021-03524,03/07/2021,2021-03-07,Same Day,CUST-6131,Linda Perez,Consumer,Knoxville,Tennessee,South,Technology,Tablets,Tablets - Model N470,6,621.68,0.0,3730.08,223.94,23.01
ORD-2024-03525,10/30/2024,2024-11-05,Standard Class,CUST-2106,John Martin,Consumer,New Haven,Connecticut,East,Technology,Accessories,Accessories - Model D956,2,1372.69,0.3,1921.77,-111.01,10.26
ORD-2021-03526,08/25/2021,2021-08-26,First Class,CUST-7963,Christopher Anderson,Consumer,Miami,Florida,South,Furniture,Storage,Storage - Model I522,9,948.66,0.2,6830.35,910.16,21.57
ORD-2023-03527,04/22/2023,2023-04-24,First Class,CUST-9297,Jessica White,Corporate,New York City,New York,East,Furniture,Bookcases,Bookcases - Model N511,6,557.76,0.25,2509.92,452.87,49.29
ORD-2022-03528,11/10/2022,2022-11-16,Standard Class,CUST-8312,Betty Moore,Consumer,Tacoma,Washington,West,Clothing,Shoes,Shoes - Model H764,8,82.83,0.25,496.98,108.4,40.33
ORD-2021-03529,02/28/2021,2021-03-03,First Class,CUST-8858,Patricia Davis,Consumer,Chicago,Illinois,Central,Technology,Phones,Phones - Model D278,10,2160.63,0.3,15124.41,1305.96,15.12
ORD-2023-03530,11/05/2023,2023-11-09,Standard Class,CUST-8858,Patricia Davis,Consumer,Nashville,Tennessee,South,Technology,Laptops,Laptops - Model B802,5,1808.96,0.05,8592.56,1308.45,31.17
ORD-2024-03531,06/01/2024,2024-06-07,Standard Class,CUST-4965,John Moore,Consumer,Columbus,Ohio,Central,Technology,Monitors,Monitors - Model N493,3,2076.51,0.0,6229.53,322.75,43.63
ORD-2022-03532,04/23/2022,2022-04-23,Same Day,CUST-8263,,Corporate,Cleveland,Ohio,Central,Office Supplies,Paper,Paper - Model A848,8,100.01,0.3,560.06,100.37,68.17
ORD-2023-03533,12/21/2023,2023-12-26,Standard Class,CUST-9635,Mia Martinez,Consumer,Cleveland,Ohio,Central,Technology,Laptops,Laptops - Model N986,7,2389.41,0.25,12544.4,1404.51,24.77
ORD-2023-03534,06/30/2023,2023-07-04,Standard Class,CUST-2361,Betty White,Corporate,Savannah,Georgia,South,Office Supplies,Binders,Binders - Model P681,5,56.57,0.1,254.57,26.32,34.01
ORD-2022-03535,11/15/2022,2022-11-17,First Class,CUST-9034,Lisa Miller,Corporate,Trenton,New Jersey,East,Office Supplies,Pens,Pens - Model F992,9,39.48,0.0,355.32,69.65,41.03
ORD-2021-03536,10/11/2021,2021-10-17,Standard Class,CUST-6035,Daniel White,Corporate,Orlando,Florida,South,Clothing,Shirts,Shirts - Model K137,2,33.39,0.05,63.44,24.02,7.57
ORD-2024-03537,11/19/2024,2024-11-22,First Class,CUST-7085,Richard Thompson,Home Office,Sacramento,California,West,,Monitors,Monitors - Model F621,4,394.19,0.15,1340.25,286.33,7.37
ORD-2024-03538,04/24/2024,2024-05-01,Standard Class,CUST-8945,Robert Lewis,Consumer,Cincinnati,Ohio,Central,,Desks,Desks - Model O759,9,1158.17,0.25,7817.65,739.23,24.66
ORD-2023-03539,03/09/2023,2023-03-16,Standard Class,CUST-6261,Ava Ramirez,Home Office,Detroit,Michigan,Central,Technology,Monitors,Monitors - Model E595,10,1974.47,0.0,19744.7,2584.09,26.62
ORD-2022-03540,06/03/2022,2022-06-10,Standard Class,CUST-0957,Karen Martin,Consumer,Pittsburgh,Pennsylvania,East,Office Supplies,Labels,Labels - Model O297,2,19.28,0.05,36.63,8.35,36.96
ORD-2022-03541,01/05/2022,2022-01-05,Same Day,CUST-0697,Daniel Lewis,Consumer,Eugene,Oregon,West,Technology,Tablets,Tablets - Model M179,4,1078.86,0.0,4315.44,405.04,33.27
ORD-2024-03542,09/16/2024,2024-09-19,First Class,CUST-8355,Margaret Davis,Corporate,Detroit,Michigan,Central,Clothing,Jackets,Jackets - Model B581,3,151.01,0.3,,165.5,38.39
ORD-2021-03543,08/11/2021,2021-08-11,Same Day,CUST-6884,Barbara Sanchez,Corporate,Stamford,Connecticut,East,Office Supplies,Binders,Binders - Model P562,12,22.98,0.15,234.4,83.73,24.45
ORD-2022-03544,10/21/2022,2022-10-22,First Class,CUST-8263,Jessica Ramirez,Corporate,Charlotte,North Carolina,South,Office Supplies,Paper,Paper - Model M961,4,155.4,0.0,621.6,104.36,10.25
ORD-2023-03545,11/04/2023,2023-11-07,Second Class,CUST-8733,Mark Martin,Home Office,Saint Paul,Minnesota,Central,Furniture,Chairs,Chairs - Model P334,7,599.68,0.2,3358.21,343.75,7.26
ORD-2023-03546,06/20/2023,2023-06-27,Standard Class,CUST-8330,Mark Moore,Corporate,Boston,Massachusetts,East,Technology,Tablets,Tablets - Model C543,9,475.63,0.15,3638.57,604.42,3.97
ORD-2023-03547,07/01/2023,2023-07-06,Standard Class,CUST-0675,James White,Home Office,Savannah,Georgia,South,Technology,Monitors,Monitors - Model O766,1,1536.5,0.2,1229.2,246.97,24.02
ORD-2021-03548,08/12/2021,2021-08-18,Standard Class,CUST-5383,Lisa Sanchez,Consumer,Mesa,Arizona,West,Clothing,Accessories,Accessories - Model N852,2,414.04,0.3,579.66,-144.21,18.73
ORD-2024-03549,11/24/2024,2024-11-25,First Class,CUST-8511,Mia Jones,Consumer,Saint Paul,Minnesota,Central,Office Supplies,Pens,Pens - Model O595,2,181.71,0.15,308.91,87.8,43.2
ORD-2024-03550,05/29/2024,2024-05-31,First Class,CUST-2086,Nancy Davis,Corporate,Durham,North Carolina,South,Furniture,Tables,Tables - Model C705,8,1334.55,0.05,10142.58,969.19,22.19
ORD-2022-03551,06/29/2022,2022-07-02,First Class,CUST-0669,Mia Perez,Consumer,Augusta,Georgia,South,Technology,Laptops,Laptops - Model E590,8,822.39,0.15,5592.25,493.36,29.21
ORD-2024-03552,02/22/2024,2024-02-22,Same Day,CUST-7994,Sandra Lopez,Consumer,Detroit,Michigan,Central,Furniture,Bookcases,Bookcases - Model N889,8,680.66,0.0,5445.28,194.16,115.93
ORD-2022-03553,02/18/2022,2022-02-25,Standard Class,CUST-6833,Margaret Martin,Consumer,Columbus,Ohio,Central,Clothing,Pants,Pants - Model P510,7,137.11,0.3,671.84,292.58,27.04
ORD-2021-03554,02/27/2021,2021-03-03,Second Class,CUST-2448,John Lewis,Consumer,Atlanta,Georgia,South,Technology,Laptops,Laptops - Model P246,10,794.06,0.0,7940.6,718.31,36.92
ORD-2023-03555,11/22/2023,2023-11-26,Second Class,CUST-4806,Nancy Garcia,Corporate,Aurora,Illinois,Central,Office Supplies,Labels,Labels - Model L803,1,192.31,0.2,153.85,60.5,34.74
ORD-2021-03556,10/29/2021,2021-11-03,Standard Class,CUST-4835,Lisa Smith,Consumer,Portland,Oregon,West,Technology,Laptops,Laptops - Model P673,5,2249.78,0.0,11248.9,1199.66,4.67
ORD-2024-03557,11/10/2024,2024-11-17,Standard Class,CUST-8945,Robert Lewis,Corporate,Trenton,New Jersey,East,Furniture,Tables,Tables - Model A582,11,1194.84,0.0,13143.24,2036.46,20.09
ORD-2021-03558,03/26/2021,2021-04-01,Standard Class,CUST-9034,Lisa Miller,Consumer,Salem,Oregon,West,Office Supplies,Paper,Paper - Model P818,5,167.6,0.15,712.3,259.66,33.49
ORD-2024-03559,08/09/2024,2024-08-16,Standard Class,CUST-9300,Joseph Taylor,Consumer,New Haven,Connecticut,East,Furniture,Chairs,Chairs - Model J668,2,868.05,0.1,1562.49,77.99,15.22
ORD-2021-03560,05/07/2021,2021-05-12,Second Class,CUST-6156,Sophia Clark,Consumer,Portland,Oregon,West,Technology,Phones,Phones - Model F825,3,421.87,0.15,1075.77,249.35,22.26
ORD-2024-03561,05/06/2024,2024-05-10,Second Class,CUST-0011,Margaret Clark,Consumer,Salem,Oregon,West,Technology,Tablets,Tablets - Model B650,10,1776.89,0.2,14215.12,,36.98
ORD-2024-03562,02/18/2024,2024-02-20,First Class,CUST-5792,Jessica Garcia,Consumer,Los Angeles,California,West,Clothing,Jackets,Jackets - Model P381,2,93.51,0.0,187.02,81.47,24.72
ORD-2023-03563,12/22/2023,2023-12-28,Standard Class,CUST-2332,Sandra Ramirez,Consumer,Rochester,New York,East,Furniture,Storage,Storage - Model B360,1,823.57,0.3,576.5,-86.6,38.47
ORD-2022-03564,04/20/2022,2022-04-25,Standard Class,CUST-4469,Christopher Johnson,Corporate,Spokane,Washington,,Technology,Laptops,Laptops - Model C254,6,1975.34,0.15,10074.23,965.45,18.08
ORD-2024-03565,12/11/2024,2024-12-15,Standard Class,CUST-8252,Thomas White,Consumer,Stamford,Connecticut,East,Office Supplies,Envelopes,Envelopes - Model N900,1,168.84,0.0,168.84,58.72,26.72
ORD-2022-03566,11/10/2022,2022-11-16,Standard Class,CUST-6754,Joseph Ramirez,Consumer,San Francisco,California,West,,Shirts,Shirts - Model K478,5,363.0,0.25,1361.25,739.49,34.19
ORD-2021-03567,07/06/2021,2021-07-08,First Class,CUST-4418,Joseph Harris,Home Office,Portland,Oregon,West,,Accessories,Accessories - Model A925,10,22.4,0.1,201.6,105.09,35.28
ORD-2021-03568,11/16/2021,2021-11-17,First Class,CUST-4574,Patricia Taylor,Corporate,Tucson,Arizona,West,Furniture,Bookcases,Bookcases - Model E934,9,187.81,0.0,1690.29,84.76,5.73
ORD-2022-03569,06/21/2022,2022-06-27,Standard Class,CUST-4456,Michael White,Home Office,Boston,Massachusetts,East,Office Supplies,Labels,Labels - Model O437,3,171.6,0.15,437.58,177.7,38.62
ORD-2021-03570,03/19/2021,2021-03-22,First Class,CUST-4229,Charlotte Davis,Consumer,Jersey City,New Jersey,East,Technology,Monitors,Monitors - Model C823,2,1093.92,0.2,1750.27,149.83,34.91
ORD-2024-03571,03/03/2024,2024-03-04,First Class,CUST-0472,Ava Moore,Consumer,San Diego,California,West,Clothing,Jackets,Jackets - Model E227,3,497.59,0.2,1194.22,622.69,46.41
ORD-2023-03572,12/03/2023,2023-12-09,Standard Class,CUST-8263,Jessica Ramirez,Home Office,Buffalo,New York,East,Furniture,Storage,Storage - Model J608,7,483.76,0.2,2709.06,467.43,35.79
ORD-2021-03573,05/09/2021,2021-05-11,First Class,CUST-8891,Jennifer Ramirez,Consumer,Rochester,Minnesota,Central,Technology,Monitors,Monitors - Model A700,6,1511.42,0.0,9068.52,1103.21,2.85
ORD-2022-03574,03/17/2022,2022-03-20,Second Class,CUST-3326,Mark Clark,Home Office,Augusta,Georgia,South,Technology,Tablets,Tablets - Model H125,9,1196.92,0.0,10772.28,1053.09,2.04
ORD-2021-03575,11/29/2021,2021-12-06,Standard Class,CUST-1630,Michael Gonzalez,Home Office,Springfield,Massachusetts,East,Clothing,Jackets,Jackets - Model C157,9,36.19,0.0,325.71,49.86,33.48
ORD-2024-03576,02/28/2024,2024-03-05,Standard Class,CUST-6789,James Brown,Consumer,Tucson,Arizona,West,Technology,Laptops,Laptops - Model I307,5,1992.79,0.0,9963.95,1373.2,44.31
ORD-2024-03577,11/21/2024,2024-11-26,Standard Class,CUST-0076,Jessica Clark,Corporate,Stamford,Connecticut,East,Office Supplies,Labels,Labels - Model I350,11,98.58,0.25,,188.04,21.31
ORD-2024-03578,02/18/2024,2024-02-23,Standard Class,CUST-6261,Ava Ramirez,Corporate,Augusta,Georgia,South,Furniture,Desks,Desks - Model C165,6,231.28,0.2,1110.14,75.96,6.87
ORD-2023-03579,03/29/2023,2023-04-02,Standard Class,CUST-5076,Sandra Moore,Consumer,Augusta,Georgia,South,Technology,Accessories,Accessories - Model N478,2,726.05,0.0,1452.1,184.47,43.83
ORD-2021-03580,12/28/2021,2022-01-01,Standard Class,CUST-1814,Barbara Williams,Consumer,Augusta,Georgia,South,Furniture,Tables,Tables - Model I982,2,164.29,0.25,246.44,-4.42,47.09
ORD-2022-03581,12/11/2022,2022-12-16,Standard Class,CUST-1201,Mia Brown,Home Office,Aurora,Illinois,Central,,Bookcases,Bookcases - Model A691,10,758.08,0.25,5685.6,308.35,19.8
ORD-2021-03582,07/25/2021,2021-08-01,Standard Class,CUST-8490,Joseph Anderson,Corporate,Rochester,Minnesota,Central,Office Supplies,Paper,Paper - Model E330,1,134.95,0.25,101.21,-25.11,17.01
ORD-2023-03583,08/12/2023,2023-08-17,Standard Class,CUST-1363,Richard Clark,Consumer,Philadelphia,Pennsylvania,East,Technology,Accessories,Accessories - Model A303,2,428.18,0.0,856.36,94.18,8.35
ORD-2022-03584,01/28/2022,2022-02-03,Standard Class,CUST-9622,Susan Perez,Consumer,Orlando,Florida,South,Office Supplies,Envelopes,Envelopes - Model I287,3,74.06,0.0,,89.99,25.97
ORD-2024-03585,07/01/2024,2024-07-08,Standard Class,CUST-5619,Jessica Robinson,Consumer,Los Angeles,California,West,,Accessories,Accessories - Model G234,11,257.02,0.1,2544.5,710.56,27.0
ORD-2021-03586,12/05/2021,2021-12-10,Second Class,CUST-5908,Amelia Gonzalez,Home Office,Buffalo,New York,East,Furniture,Bookcases,Bookcases - Model O142,2,721.0,0.0,1442.0,275.65,35.31
ORD-2023-03587,12/28/2023,2024-01-01,Standard Class,CUST-6836,Mia Anderson,Corporate,Raleigh,North Carolina,South,Office Supplies,Pens,Pens - Model H757,2,194.93,0.0,389.86,56.32,36.21
ORD-2023-03588,05/05/2023,2023-05-11,Standard Class,CUST-1597,Nancy Lewis,Consumer,Trenton,New Jersey,East,Furniture,Desks,Desks - Model P534,11,441.62,0.15,4129.15,218.82,45.14
ORD-2021-03589,11/06/2021,2021-11-13,Standard Class,CUST-9544,Isabella Harris,Corporate,Newark,New Jersey,East,Clothing,Jackets,Jackets - Model I347,6,69.7,0.15,355.47,182.83,36.85
ORD-2023-03590,11/09/2023,2023-11-15,Standard Class,CUST-9644,Amelia White,Consumer,Jersey City,New Jersey,,Technology,Monitors,Monitors - Model B325,5,1205.76,0.1,5425.92,568.1,31.61
ORD-2022-03591,12/17/2022,2022-12-18,First Class,CUST-9688,Charles Moore,Consumer,Chicago,Illinois,Central,Furniture,Tables,Tables - Model C290,2,1286.99,0.2,2059.18,78.69,46.08
ORD-2024-03592,08/20/2024,2024-08-24,Standard Class,CUST-5551,Patricia Williams,Consumer,Memphis,Tennessee,South,Furniture,Storage,Storage - Model H323,2,240.92,0.15,409.56,76.9,8.78
ORD-2023-03593,11/23/2023,2023-11-30,Standard Class,CUST-8511,Mia Jones,Consumer,Knoxville,Tennessee,South,Office Supplies,Pens,Pens - Model J137,5,157.09,0.3,549.81,-213.55,21.64
ORD-2022-03594,11/09/2022,2022-11-09,Same Day,CUST-7555,Sarah Harris,Consumer,Nashville,Tennessee,South,Furniture,Tables,Tables - Model G494,5,1167.39,0.15,4961.41,338.13,86.59
ORD-2023-03595,06/02/2023,2023-06-08,Standard Class,CUST-7605,Barbara Martin,Home Office,Eugene,Oregon,West,Furniture,Tables,Tables - Model L574,10,158.75,0.0,1587.5,220.69,31.73
ORD-2021-03596,04/27/2021,2021-05-02,Standard Class,CUST-1384,Anthony Sanchez,Consumer,Columbus,Ohio,Central,Clothing,Shoes,Shoes - Model E562,3,176.63,0.0,529.89,182.68,5.33
ORD-2021-03597,12/18/2021,2021-12-23,Standard Class,CUST-9169,Thomas Sanchez,Consumer,Knoxville,Tennessee,South,Office Supplies,Labels,Labels - Model K706,10,46.32,0.0,463.2,126.56,44.13
ORD-2023-03598,11/01/2023,2023-11-08,Standard Class,CUST-3348,Mark Williams,Home Office,San Diego,California,West,Clothing,Shoes,Shoes - Model O112,11,102.35,0.25,844.39,427.05,23.23
ORD-2023-03599,04/10/2023,2023-04-12,First Class,CUST-0702,Matthew Martin,Corporate,Reno,Nevada,West,Office Supplies,Paper,Paper - Model C290,4,198.29,0.25,594.87,169.06,11.45
ORD-2024-03600,06/15/2024,2024-06-22,Standard Class,CUST-4140,Matthew Thomas,Corporate,Nashville,Tennessee,South,Furniture,Storage,Storage - Model L792,4,612.78,0.1,2206.01,73.2,27.86
ORD-2023-03601,08/29/2023,2023-09-03,Second Class,CUST-6803,Robert Clark,Home Office,Mesa,Arizona,West,Furniture,Bookcases,Bookcases - Model A654,10,1238.77,0.3,8671.39,1600.74,30.13
ORD-2022-03602,01/31/2022,2022-02-06,Standard Class,CUST-1446,Elizabeth Moore,Corporate,Phoenix,Arizona,West,Office Supplies,Binders,Binders - Model C741,3,153.29,0.15,390.89,83.08,45.95
ORD-2021-03603,02/27/2021,2021-02-27,Same Day,CUST-0988,Charlotte Williams,Consumer,Hartford,Connecticut,East,Furniture,Bookcases,Bookcases - Model P157,4,1443.22,0.05,5484.24,241.22,99.98
ORD-2024-03604,08/11/2024,2024-08-16,Standard Class,CUST-8021,Lisa Rodriguez,Corporate,Houston,Texas,Central,Clothing,Shoes,Shoes - Model I329,11,198.45,0.1,1964.65,690.66,31.73
ORD-2023-03605,12/03/2023,2023-12-06,Second Class,CUST-9779,Isabella Thompson,Consumer,Buffalo,New York,East,Technology,Monitors,Monitors - Model J831,8,2443.17,0.0,19545.36,3066.22,26.53
ORD-2021-03606,01/27/2021,2021-01-30,First Class,CUST-3326,,Corporate,Columbus,Ohio,Central,Technology,Tablets,Tablets - Model F678,7,1147.71,0.05,7632.27,1570.15,23.44
ORD-2023-03607,03/12/2023,2023-03-16,Standard Class,CUST-4641,Karen Taylor,Corporate,Saint Paul,Minnesota,Central,Clothing,Accessories,Accessories - Model D275,8,233.88,0.1,1683.94,,24.62
ORD-2022-03608,10/29/2022,2022-11-02,Standard Class,CUST-7060,Richard Martinez,Home Office,Knoxville,Tennessee,South,Furniture,Bookcases,Bookcases - Model B400,10,178.12,0.0,1781.2,202.91,38.55
ORD-2023-03609,01/14/2023,2023-01-21,Standard Class,CUST-5520,David Taylor,Consumer,Knoxville,Tennessee,South,Technology,Phones,Phones - Model H563,3,2306.32,0.1,6227.06,1110.63,43.66
ORD-2024-03610,09/17/2024,2024-09-24,Standard Class,CUST-4313,Emily Davis,Consumer,Columbus,Ohio,Central,Office Supplies,Binders,Binders - Model B750,1,41.21,0.0,41.21,13.35,47.9
ORD-2023-03611,09/07/2023,2023-09-12,Standard Class,CUST-8725,Sarah Jones,Home Office,Tacoma,Washington,West,Furniture,Chairs,Chairs - Model P616,4,951.04,0.0,3804.16,651.66,21.65
ORD-2022-03612,12/17/2022,2022-12-18,First Class,CUST-2741,Linda Lewis,Consumer,Cincinnati,Ohio,Central,Furniture,Tables,Tables - Model D801,7,1469.53,0.05,9772.37,286.05,36.22
ORD-2024-03613,05/15/2024,2024-05-19,Standard Class,CUST-9924,Elizabeth Thompson,Consumer,Los Angeles,California,West,Technology,Tablets,Tablets - Model G151,9,2024.93,0.1,16401.93,1001.53,24.03
ORD-2023-03614,12/26/2023,2023-12-31,Standard Class,CUST-6437,Linda White,Home Office,Mesa,Arizona,West,Office Supplies,Pens,Pens - Model E777,3,152.1,0.05,433.48,144.89,6.09
ORD-2023-03615,09/05/2023,2023-09-10,Standard Class,CUST-0745,Robert Brown,Consumer,Rochester,New York,East,Office Supplies,Envelopes,Envelopes - Model K548,1,96.59,0.0,96.59,11.94,14.22
ORD-2021-03616,09/05/2021,2021-09-09,Standard Class,CUST-3316,Margaret Thompson,Consumer,Portland,Oregon,West,Technology,Phones,Phones - Model I996,2,2453.69,0.2,3925.9,948.74,17.44
ORD-2023-03617,10/28/2023,2023-10-29,First Class,CUST-8490,Joseph Anderson,Corporate,San Francisco,California,,Clothing,Shirts,Shirts - Model J933,7,172.98,0.25,908.14,-112.69,34.09
ORD-2024-03618,05/30/2024,2024-06-01,First Class,CUST-3779,John Thompson,Corporate,Seattle,Washington,West,Clothing,Shoes,Shoes - Model A711,9,288.46,0.15,2206.72,510.81,16.31
ORD-2021-03619,10/28/2021,2021-11-01,Standard Class,CUST-4418,Joseph Harris,Consumer,Salem,Oregon,West,Technology,Tablets,Tablets - Model L878,6,2490.99,0.1,13451.35,,31.71
ORD-2021-03620,01/03/2021,2021-01-07,Standard Class,CUST-4355,Sarah Lopez,Consumer,Sacramento,California,West,Technology,Laptops,Laptops - Model C776,3,993.28,0.0,2979.84,500.76,35.53
ORD-2021-03621,01/10/2021,2021-01-17,Standard Class,CUST-6160,Mia Moore,Consumer,Saint Paul,Minnesota,Central,Clothing,Shoes,Shoes - Model A298,5,289.98,0.05,1377.4,264.34,40.35
ORD-2024-03622,05/01/2024,2024-05-05,Second Class,CUST-0041,Betty Lewis,Corporate,New Haven,Connecticut,East,Clothing,Shirts,Shirts - Model P553,2,166.69,0.2,266.7,71.13,29.61
ORD-2023-03623,02/10/2023,2023-02-14,Standard Class,CUST-7555,Sarah Harris,Consumer,Reno,Nevada,,Clothing,Shirts,Shirts - Model G820,11,319.33,0.2,2810.1,648.8,11.42
ORD-2024-03624,11/11/2024,2024-11-17,Standard Class,CUST-4580,Harper Smith,Corporate,Newark,New Jersey,East,Clothing,Pants,Pants - Model D151,2,332.76,0.25,499.14,-90.35,15.67
ORD-2023-03625,11/05/2023,2023-11-05,Same Day,CUST-7302,Harper Williams,Corporate,Knoxville,Tennessee,South,Technology,Laptops,Laptops - Model D873,7,1443.96,0.0,10107.72,2201.26,17.27
ORD-2024-03626,01/10/2024,2024-01-16,Standard Class,CUST-3131,Mary Brown,Consumer,Richmond,Virginia,South,Technology,Monitors,Monitors - Model L742,8,1766.03,0.1,12715.42,1638.99,48.5
ORD-2023-03627,11/23/2023,2023-11-27,Standard Class,CUST-6789,James Brown,Corporate,Springfield,Massachusetts,East,,Binders,Binders - Model E777,11,99.64,0.15,931.63,215.2,23.85
ORD-2024-03628,08/27/2024,2024-09-01,Second Class,CUST-5694,Charles Wilson,Consumer,Tampa,Florida,South,Technology,Monitors,Monitors - Model N379,4,818.01,0.05,3108.44,678.82,10.46
ORD-2021-03629,07/29/2021,2021-07-29,Same Day,CUST-1363,Richard Clark,Consumer,Austin,Texas,Central,Technology,Tablets,Tablets - Model H746,1,2419.35,0.0,2419.35,193.41,64.24
ORD-2021-03630,04/26/2021,2021-04-30,Second Class,CUST-8899,Jennifer White,Home Office,Buffalo,New York,East,Office Supplies,Pens,Pens - Model O112,10,117.13,0.2,937.04,248.04,19.5
ORD-2023-03631,11/18/2023,2023-11-24,Standard Class,CUST-0549,Joseph Smith,Corporate,Richmond,Virginia,South,Office Supplies,Envelopes,Envelopes - Model K554,7,178.29,0.3,873.62,-111.99,2.37
ORD-2023-03632,01/03/2023,2023-01-06,Second Class,CUST-1902,Susan Johnson,Corporate,Philadelphia,Pennsylvania,East,Office Supplies,Binders,Binders - Model G643,8,33.26,0.25,199.56,79.88,45.39
ORD-2024-03633,05/26/2024,2024-06-01,Standard Class,CUST-4835,Lisa Smith,Consumer,Austin,Texas,Central,Furniture,Tables,Tables - Model E657,10,48.5,0.25,,-7.29,47.13
ORD-2024-03634,11/12/2024,2024-11-18,Standard Class,CUST-3453,Amelia Wilson,Corporate,Boston,Massachusetts,East,Office Supplies,Pens,Pens - Model P811,12,17.4,0.3,146.16,29.19,38.38
ORD-2022-03635,06/23/2022,2022-06-24,First Class,CUST-0941,Christopher Robinson,Corporate,Buffalo,New York,East,Technology,Monitors,Monitors - Model O324,3,621.2,0.05,1770.42,204.19,29.22
ORD-2022-03636,11/05/2022,2022-11-11,Standard Class,CUST-6941,Thomas Taylor,Home Office,Spokane,Washington,West,Furniture,Storage,Storage - Model H348,4,338.76,0.3,948.53,102.06,13.03
ORD-2023-03637,10-Dec-2023,2023-12-15,Second Class,CUST-1045,Karen Perez,Consumer,Rochester,Minnesota,Central,Technology,Tablets,Tablets - Model A431,10,869.0,0.15,7386.5,,25.43
ORD-2023-03638,04/07/2023,2023-04-14,Standard Class,CUST-0421,Christopher Thomas,Consumer,Las Vegas,Nevada,West,Clothing,Shirts,Shirts - Model J954,3,269.91,0.0,809.73,435.15,46.49
ORD-2024-03639,01/13/2024,2024-01-20,Standard Class,CUST-6157,Charlotte Miller,Consumer,Salem,Oregon,West,Clothing,Shoes,Shoes - Model H622,1,465.59,0.25,349.19,-143.8,11.56
ORD-2023-03640,07/19/2023,2023-07-22,Second Class,CUST-3453,Amelia Wilson,Home Office,Boston,Massachusetts,East,Clothing,Accessories,Accessories - Model O321,2,20.02,0.0,,17.72,25.42
ORD-2021-03641,05/23/2021,2021-05-29,Standard Class,CUST-0197,Sarah Johnson,Consumer,Virginia Beach,Virginia,South,Technology,Laptops,Laptops - Model E231,3,231.61,0.05,660.09,141.88,26.33
ORD-2023-03642,05/24/2023,2023-05-30,Standard Class,CUST-6235,Charles Williams,Corporate,Buffalo,New York,East,Office Supplies,Envelopes,Envelopes - Model F886,5,19.57,0.2,78.28,23.1,37.61
ORD-2024-03643,09/15/2024,2024-09-18,Second Class,CUST-0324,Robert Martin,Corporate,Las Vegas,Nevada,West,Office Supplies,Paper,Paper - Model L327,5,100.39,0.1,451.75,135.31,45.07
ORD-2024-03644,08/04/2024,2024-08-08,Second Class,CUST-5322,Susan Robinson,Consumer,Buffalo,New York,East,,Jackets,Jackets - Model C989,4,298.98,0.0,1195.92,580.23,48.28
ORD-2021-03645,12/12/2021,2021-12-19,Standard Class,CUST-5869,Anthony Thomas,Home Office,Augusta,Georgia,South,Technology,Accessories,Accessories - Model A769,12,2257.59,0.25,20318.31,-562.58,13.27
ORD-2024-03646,12/07/2024,2024-12-14,Standard Class,CUST-8671,John Gonzalez,Home Office,Tucson,Arizona,West,Technology,Laptops,Laptops - Model G447,9,304.1,0.25,2052.68,-171.29,16.31
ORD-2022-03647,12/19/2022,2022-12-23,Standard Class,CUST-5607,Daniel Miller,Home Office,Jersey City,New Jersey,East,Office Supplies,Envelopes,Envelopes - Model M193,5,192.44,0.1,865.98,93.6,17.78
ORD-2024-03648,04/11/2024,2024-04-15,Standard Class,CUST-7176,Evelyn Ramirez,Corporate,Portland,Oregon,West,Clothing,Jackets,Jackets - Model N459,6,469.37,0.2,2252.98,670.93,41.72
ORD-2021-03649,01/20/2021,2021-01-23,Second Class,CUST-1483,Michael Perez,Consumer,New Haven,Connecticut,East,Office Supplies,Binders,Binders - Model A757,5,33.63,0.1,151.34,39.76,41.6
ORD-2022-03650,06/20/2022,2022-06-25,Standard Class,CUST-6660,James Williams,Consumer,San Francisco,California,West,Technology,Monitors,Monitors - Model H244,12,180.87,0.0,2170.44,337.67,44.95
ORD-2024-03651,11/12/2024,2024-11-18,Standard Class,CUST-4964,Nancy Jackson,Consumer,Phoenix,Arizona,West,,Jackets,Jackets - Model H201,1,71.7,0.0,71.7,31.94,46.47
ORD-2021-03652,02/25/2021,2021-03-01,Standard Class,CUST-2448,John Lewis,Corporate,Augusta,Georgia,South,Clothing,Accessories,Accessories - Model N239,1,265.24,0.0,265.24,88.28,29.69
ORD-2024-03653,06/15/2024,2024-06-20,Standard Class,CUST-9688,Charles Moore,Consumer,Boston,Massachusetts,East,Technology,Phones,Phones - Model O460,1,283.52,0.25,212.64,25.44,18.69
ORD-2022-03654,03/28/2022,2022-04-02,Standard Class,CUST-5551,Patricia Williams,Home Office,Minneapolis,Minnesota,Central,Office Supplies,Paper,Paper - Model N673,1,24.92,0.0,24.92,2.66,29.18
ORD-2023-03655,12/22/2023,2023-12-29,Standard Class,CUST-3453,Amelia Wilson,Corporate,Rochester,New York,East,Office Supplies,Pens,Pens - Model J138,9,108.99,0.3,686.64,-128.62,9.8
ORD-2024-03656,03/20/2024,2024-03-25,Second Class,CUST-2131,Matthew Smith,Home Office,Rochester,New York,East,Technology,Tablets,Tablets - Model N260,1,2039.57,0.3,1427.7,213.96,16.63
ORD-2021-03657,10/12/2021,2021-10-12,Same Day,CUST-8774,Karen Anderson,Corporate,Portland,Oregon,West,Furniture,Desks,Desks - Model E942,4,775.3,0.15,2636.02,416.43,61.79
ORD-2022-03658,03/06/2022,2022-03-11,Standard Class,CUST-6836,Mia Anderson,Corporate,Jersey City,New Jersey,East,Office Supplies,Paper,Paper - Model N452,12,186.13,0.0,2233.56,370.98,29.59
ORD-2021-03659,03/03/2021,2021-03-10,Standard Class,CUST-7703,Anthony Smith,Corporate,Portland,Oregon,West,Technology,Laptops,Laptops - Model E290,2,1942.24,0.05,3690.26,685.11,23.74
ORD-2024-03660,11/06/2024,2024-11-09,First Class,CUST-0995,Lisa Brown,Corporate,San Antonio,Texas,Central,Clothing,Shirts,Shirts - Model B750,6,78.08,0.2,374.78,183.13,7.5
ORD-2023-03661,12/10/2023,2023-12-15,Second Class,CUST-8490,Joseph Anderson,Corporate,Springfield,Massachusetts,East,Clothing,Jackets,Jackets - Model G242,4,279.17,0.05,1060.85,441.14,25.25
ORD-2022-03662,02/25/2022,2022-02-25,Same Day,CUST-6660,James Williams,Consumer,Trenton,New Jersey,East,Technology,Tablets,Tablets - Model H505,10,269.93,0.1,2429.37,585.53,27.46
ORD-2022-03663,03/11/2022,2022-03-12,First Class,CUST-2488,Matthew Williams,Corporate,Ann Arbor,Michigan,Central,Technology,Accessories,Accessories - Model J426,6,1769.36,0.25,7962.12,1627.61,25.8
ORD-2021-03664,01/20/2021,2021-01-27,Standard Class,CUST-8568,Isabella Jones,Home Office,Augusta,Georgia,South,Clothing,Jackets,Jackets - Model C170,7,441.72,0.0,3092.04,1070.78,33.29
ORD-2022-03665,05/15/2022,2022-05-18,Second Class,CUST-9753,Jessica Perez,Consumer,San Antonio,Texas,Central,Office Supplies,Envelopes,Envelopes - Model C533,9,104.83,0.25,707.6,107.34,5.46
ORD-2021-03666,11/03/2021,2021-11-06,First Class,CUST-7033,Lisa Martin,Consumer,Buffalo,New York,East,Clothing,Shirts,Shirts - Model H668,2,350.68,0.25,526.02,99.42,25.21
ORD-2024-03667,05/15/2024,2024-05-21,Standard Class,CUST-2225,Isabella Wilson,Corporate,Minneapolis,Minnesota,Central,Clothing,Pants,Pants - Model M249,4,22.11,0.15,75.17,34.12,21.26
ORD-2024-03668,11/09/2024,2024-11-15,Standard Class,CUST-6019,Anthony Martin,Consumer,Nashville,Tennessee,South,Furniture,Chairs,Chairs - Model N245,6,355.91,0.15,1815.14,339.53,12.26
ORD-2022-03669,06/25/2022,2022-06-30,Second Class,CUST-2508,Richard Lopez,Consumer,Portland,Oregon,West,Office Supplies,Binders,Binders - Model M873,10,155.47,0.2,1243.76,220.86,45.94
ORD-2022-03670,06/06/2022,2022-06-06,Same Day,CUST-0827,Harper Wilson,Consumer,San Diego,California,West,Clothing,Shirts,Shirts - Model C709,4,322.08,0.25,966.24,-256.68,64.91
ORD-2024-03671,08/07/2024,2024-08-14,Standard Class,CUST-2741,Linda Lewis,Corporate,Charlotte,North Carolina,South,Clothing,Shirts,Shirts - Model O625,1,210.04,0.15,178.53,49.9,3.8
ORD-2023-03672,05/26/2023,2023-05-27,First Class,CUST-4992,Linda Jones,Consumer,Reno,Nevada,West,Clothing,Shoes,Shoes - Model L599,10,220.99,0.2,1767.92,799.75,18.75
ORD-2021-03673,06/15/2021,2021-06-15,Same Day,CUST-5869,Anthony Thomas,Consumer,Eugene,Oregon,West,Furniture,Tables,Tables - Model M823,12,866.25,0.2,8316.0,1173.96,58.57
ORD-2023-03674,11/26/2023,2023-11-29,First Class,CUST-6594,Michael Brown,Home Office,Raleigh,North Carolina,South,Office Supplies,Paper,Paper - Model I734,6,183.17,0.0,1099.02,262.18,47.28
ORD-2024-03675,08/09/2024,2024-08-09,Same Day,CUST-9456,Amelia Martin,Corporate,Rochester,Minnesota,Central,Office Supplies,Envelopes,Envelopes - Model K914,3,124.05,0.0,372.15,96.5,71.62
ORD-2024-03676,07/14/2024,2024-07-19,Standard Class,CUST-2971,Sandra Taylor,Consumer,Jersey City,New Jersey,,Furniture,Storage,Storage - Model K906,12,109.06,0.25,981.54,118.64,47.76
ORD-2024-03677,10/15/2024,2024-10-19,Standard Class,CUST-6974,David Jones,Home Office,Richmond,Virginia,South,Clothing,Accessories,Accessories - Model K183,5,410.86,0.0,2054.3,321.13,45.25
ORD-2021-03678,06/01/2021,2021-06-06,Standard Class,CUST-8490,Joseph Anderson,Consumer,Savannah,Georgia,South,Clothing,Jackets,Jackets - Model O525,2,66.64,0.15,113.29,41.08,15.59
ORD-2024-03679,09/28/2024,2024-10-02,Standard Class,CUST-8858,Patricia Davis,Consumer,Los Angeles,California,West,Technology,Laptops,Laptops - Model I121,11,2241.82,0.2,19728.02,3841.1,25.13
ORD-2023-03680,02/14/2023,2023-02-19,Standard Class,CUST-8591,Christopher Gonzalez,Corporate,New Haven,Connecticut,East,Clothing,Pants,Pants - Model G225,1,404.49,0.1,364.04,118.38,3.21
ORD-2022-03681,12/31/2022,2023-01-03,Second Class,CUST-8511,Mia Jones,Consumer,Dallas,Texas,Central,Office Supplies,Paper,Paper - Model F592,6,97.01,0.3,407.44,-98.88,4.74
ORD-2024-03682,06/01/2024,2024-06-08,Standard Class,CUST-6156,Sophia Clark,Consumer,Orlando,Florida,South,,Envelopes,Envelopes - Model P991,12,13.15,0.1,142.02,37.79,34.81
ORD-2023-03683,11/30/2023,2023-12-06,Standard Class,CUST-3662,Patricia Ramirez,Corporate,Worcester,Massachusetts,,Clothing,Pants,Pants - Model N175,1,54.62,0.3,38.23,,38.12
ORD-2024-03684,10/13/2024,2024-10-16,First Class,CUST-4275,Robert Martinez,Home Office,Eugene,Oregon,West,Office Supplies,Paper,Paper - Model M243,9,63.74,0.0,573.66,220.0,14.56
ORD-2023-03685,06/18/2023,2023-06-22,Standard Class,CUST-0245,Michael Harris,Consumer,Boston,Massachusetts,East,Office Supplies,Envelopes,Envelopes - Model N821,9,177.87,0.15,1360.71,229.61,31.09
ORD-2022-03686,01/24/2022,2022-01-31,Standard Class,CUST-2086,Nancy Davis,Corporate,Portland,Oregon,West,Furniture,Bookcases,Bookcases - Model M733,9,978.58,0.2,7045.78,790.95,36.69
ORD-2024-03687,03/10/2024,2024-03-13,First Class,CUST-5607,Daniel Miller,Corporate,Springfield,Massachusetts,East,Technology,Monitors,Monitors - Model K856,12,1515.44,0.2,14548.22,1997.38,8.87
ORD-2023-03688,02/20/2023,2023-02-27,Standard Class,CUST-0710,Karen Gonzalez,Home Office,Cincinnati,Ohio,  Central  ,Technology,Phones,Phones - Model B437,2,1642.07,0.3,2298.9,245.77,33.75
ORD-2023-03689,02/08/2023,2023-02-14,Standard Class,CUST-5908,Amelia Gonzalez,Corporate,San Diego,California,West,Clothing,Accessories,Accessories - Model A812,9,119.45,0.0,1075.05,323.12,10.31
ORD-2023-03690,07/06/2023,2023-07-13,Standard Class,CUST-4016,Sarah Hernandez,Home Office,Las Vegas,Nevada,West,Furniture,Desks,Desks - Model A733,2,1316.16,0.25,1974.24,298.8,43.84
ORD-2021-03691,11/21/2021,2021-11-26,Second Class,CUST-4570,Anthony Lewis,Corporate,Jacksonville,Florida,South,Furniture,Tables,Tables - Model G541,8,1048.99,0.05,7972.32,,18.33
ORD-2022-03692,06/08/2022,2022-06-12,Standard Class,CUST-3359,Robert White,Consumer,Hartford,Connecticut,East,Furniture,Bookcases,Bookcases - Model F282,2,609.7,0.0,1219.4,131.61,34.11
ORD-2024-03693,11/07/2024,2024-11-07,Same Day,CUST-4641,Karen Taylor,Corporate,Dallas,Texas,Central,Office Supplies,Labels,Labels - Model M350,6,59.55,0.0,,66.94,21.72
ORD-2023-03694,11/30/2023,2023-12-02,First Class,CUST-8197,Susan Taylor,Corporate,Raleigh,North Carolina,South,Furniture,Bookcases,Bookcases - Model N308,4,767.63,0.0,3070.52,157.8,27.33
ORD-2021-03695,11/25/2021,2021-11-28,Second Class,CUST-8733,Mark Martin,Consumer,Detroit,Michigan,Central,Technology,Accessories,Accessories - Model H806,4,1004.43,0.0,4017.72,389.1,12.44
ORD-2024-03696,12/27/2024,2024-12-31,Standard Class,CUST-0015,Jessica Gonzalez,Home Office,Tucson,Arizona,West,Office Supplies,Binders,Binders - Model H891,9,136.88,0.3,862.34,-81.76,39.99
ORD-2023-03697,02/23/2023,2023-02-24,First Class,CUST-4806,Nancy Garcia,Consumer,Spokane,Washington,West,Furniture,Chairs,Chairs - Model H416,7,489.09,0.05,3252.45,418.44,35.72
ORD-2022-03698,11/05/2022,2022-11-06,First Class,CUST-4835,Lisa Smith,Consumer,Nashville,Tennessee,South,Clothing,Jackets,Jackets - Model B943,10,16.4,0.0,164.0,90.18,5.39
ORD-2022-03699,09/24/2022,2022-09-27,Second Class,CUST-6994,,Corporate,Cleveland,Ohio,Central,Technology,Phones,Phones - Model M576,10,1501.81,0.05,14267.19,1523.77,28.83
ORD-2021-03700,03/22/2021,2021-03-26,Second Class,CUST-4138,James Harris,Consumer,Philadelphia,Pennsylvania,East,Furniture,Bookcases,Bookcases - Model P284,4,476.54,0.0,1906.16,374.89,27.89
ORD-2023-03701,06/20/2023,2023-06-27,Standard Class,CUST-3232,William Sanchez,Corporate,Allentown,Pennsylvania,East,Clothing,Pants,Pants - Model J762,3,60.08,0.0,180.24,79.47,26.5
ORD-2024-03702,10/23/2024,2024-10-25,First Class,CUST-9286,Christopher Miller,Consumer,Nashville,Tennessee,South,Office Supplies,Binders,Binders - Model J236,11,127.73,0.0,1405.03,302.52,21.5
ORD-2021-03703,02/17/2021,2021-02-24,Standard Class,CUST-4860,Linda Davis,Home Office,San Antonio,Texas,Central,Technology,Tablets,Tablets - Model H765,1,2007.34,0.2,1605.87,118.34,41.04
ORD-2022-03704,07/05/2022,2022-07-09,Standard Class,CUST-9977,Linda Anderson,Home Office,Richmond,Virginia,South,Office Supplies,Paper,Paper - Model B739,9,149.71,0.0,1347.39,321.14,43.85
ORD-2021-03705,10/21/2021,2021-10-26,Standard Class,CUST-4967,Sophia Rodriguez,Home Office,Philadelphia,Pennsylvania,East,Office Supplies,Paper,Paper - Model L962,8,146.77,0.05,1115.45,337.64,14.48
ORD-2022-03706,05/31/2022,2022-06-05,Second Class,CUST-1780,David Wilson,Consumer,Boston,Massachusetts,East,Office Supplies,Envelopes,Envelopes - Model K191,10,107.48,0.2,859.84,291.01,19.97
ORD-2022-03707,03/09/2022,2022-03-14,Second Class,CUST-1132,Sophia Gonzalez,Corporate,Seattle,Washington,West,Clothing,Accessories,Accessories - Model J207,12,437.86,0.25,3940.74,790.34,35.2
ORD-2022-03708,12/31/2022,2023-01-01,First Class,CUST-2232,Anthony Hernandez,Consumer,Orlando,Florida,South,Technology,Laptops,Laptops - Model L252,1,78.38,0.0,78.38,16.07,29.61
ORD-2024-03709,11/16/2024,2024-11-21,Standard Class,CUST-6884,Barbara Sanchez,Consumer,Las Vegas,Nevada,West,Office Supplies,Envelopes,Envelopes - Model P772,1,118.14,0.25,88.61,36.19,17.8
ORD-2021-03710,03/17/2021,2021-03-21,Standard Class,CUST-1630,Michael Gonzalez,Consumer,Seattle,Washington,West,Furniture,Bookcases,Bookcases - Model N512,10,776.77,0.1,6990.93,1091.32,8.72
ORD-2022-03711,04/30/2022,2022-04-30,Same Day,CUST-4835,Lisa Smith,Home Office,Jersey City,New Jersey,East,Clothing,Accessories,Accessories - Model K409,10,366.22,0.25,2746.65,1309.19,103.79
ORD-2023-03712,06/23/2023,2023-06-26,Second Class,CUST-4945,Isabella Clark,Corporate,Salem,Oregon,West,Technology,Tablets,Tablets - Model K975,2,1734.12,0.3,2427.77,-516.39,13.0
ORD-2021-03713,07/13/2021,2021-07-17,Standard Class,CUST-6675,Linda Gonzalez,Consumer,Hartford,Connecticut,East,Technology,Phones,Phones - Model B598,3,1108.01,0.25,2493.02,593.31,44.08
ORD-2021-03714,05/25/2021,2021-05-29,Standard Class,CUST-4078,Patricia Lee,Home Office,Jacksonville,Florida,South,Office Supplies,Pens,Pens - Model L205,12,160.86,0.3,1351.22,549.81,39.51
ORD-2021-03715,10/14/2021,2021-10-17,First Class,CUST-7985,William Anderson,Home Office,Chicago,Illinois,Central,Clothing,Pants,Pants - Model I637,12,130.73,0.0,,433.36,30.85
ORD-2023-03716,10/12/2023,2023-10-12,Same Day,CUST-2232,Anthony Hernandez,Consumer,Seattle,Washington,West,Furniture,Tables,Tables - Model I475,9,304.93,0.05,,309.46,15.61
ORD-2023-03717,12/28/2023,2023-12-31,First Class,CUST-2448,John Lewis,Corporate,Ann Arbor,Michigan,Central,Furniture,Desks,Desks - Model O516,9,77.09,0.0,693.81,55.06,33.8
ORD-2023-03718,06/26/2023,2023-07-03,Standard Class,CUST-9977,Linda Anderson,Consumer,Eugene,Oregon,West,Furniture,Chairs,Chairs - Model G802,7,1230.36,0.2,6890.02,320.79,15.69
ORD-2024-03719,12/19/2024,2024-12-25,Standard Class,CUST-2332,Sandra Ramirez,Consumer,Charlotte,North Carolina,South,Clothing,Accessories,Accessories - Model P420,2,61.3,0.1,110.34,39.88,43.24
ORD-2024-03720,10/13/2024,2024-10-16,Second Class,CUST-6127,Ava Anderson,Consumer,Augusta,Georgia,South,Office Supplies,Pens,Pens - Model P216,6,190.74,0.25,858.33,234.75,29.62
ORD-2024-03721,07/12/2024,2024-07-19,Standard Class,CUST-8355,Margaret Davis,Consumer,Detroit,Michigan,Central,Technology,Monitors,Monitors - Model J205,3,2301.14,0.1,6213.08,1332.68,17.63
ORD-2022-03722,05/21/2022,2022-05-21,Same Day,CUST-3232,William Sanchez,Home Office,Seattle,Washington,West,Clothing,Pants,Pants - Model B433,8,98.48,0.3,551.49,-171.88,86.45
ORD-2021-03723,09/23/2021,2021-09-28,Second Class,CUST-0064,Mia Davis,Corporate,Grand Rapids,Michigan,Central,Office Supplies,Pens,Pens - Model F270,8,142.46,0.0,1139.68,320.3,2.52
ORD-2022-03724,10/06/2022,2022-10-11,Standard Class,CUST-7994,Sandra Lopez,Consumer,Ann Arbor,Michigan,Central,Furniture,Storage,Storage - Model N768,3,66.6,0.15,169.83,25.91,33.08
ORD-2022-03725,04/22/2022,2022-04-23,First Class,CUST-8742,Anthony Miller,Consumer,Hartford,Connecticut,East,Furniture,Storage,Storage - Model F874,7,389.73,0.0,2728.11,414.03,21.48
ORD-2024-03726,01/24/2024,2024-01-30,Standard Class,CUST-1564,Richard Jones,Consumer,Jacksonville,Florida,South,Technology,Accessories,Accessories - Model E110,5,578.99,0.3,2026.46,138.47,25.3
ORD-2021-03727,08/20/2021,2021-08-26,Standard Class,CUST-1388,Elizabeth Robinson,Consumer,Augusta,Georgia,South,Clothing,Pants,Pants - Model I241,8,181.17,0.0,1449.36,375.56,35.29
ORD-2022-03728,11/03/2022,2022-11-07,Standard Class,CUST-5948,Emily Taylor,Corporate,Knoxville,Tennessee,South,Clothing,Shirts,Shirts - Model L725,11,139.13,0.3,1071.3,529.82,11.17
ORD-2022-03729,11/08/2022,2022-11-12,Standard Class,CUST-0968,James Martin,Corporate,Las Vegas,Nevada,West,Technology,Phones,Phones - Model F246,9,343.34,0.1,2781.05,,11.74
ORD-2024-03730,03/10/2024,2024-03-17,Standard Class,CUST-8013,Michael Lopez,Consumer,Minneapolis,Minnesota,Central,Office Supplies,Labels,Labels - Model J449,5,117.07,0.3,409.74,99.79,27.2
ORD-2022-03731,03/06/2022,2022-03-11,Second Class,CUST-0702,Matthew Martin,Corporate,Naperville,Illinois,Central,Clothing,Jackets,Jackets - Model O422,11,265.3,0.05,2772.39,1400.77,19.09
ORD-2023-03732,02/16/2023,2023-02-23,Standard Class,CUST-0745,Robert Brown,Corporate,Augusta,Georgia,South,Clothing,Shoes,Shoes - Model O597,4,26.26,0.1,94.54,51.15,29.79
ORD-2023-03733,11/02/2023,2023-11-06,Standard Class,CUST-4964,Nancy Jackson,Consumer,Philadelphia,Pennsylvania,East,Office Supplies,Envelopes,Envelopes - Model H496,11,50.4,0.0,554.4,72.47,46.9
ORD-2022-03734,09/05/2022,2022-09-10,Standard Class,CUST-4248,Sophia Williams,Consumer,Naperville,Illinois,Central,Clothing,Shoes,Shoes - Model G206,11,299.07,0.0,3289.77,1593.64,33.43
ORD-2022-03735,06/09/2022,2022-06-15,Standard Class,CUST-6131,Linda Perez,Corporate,Norfolk,Virginia,South,Technology,Laptops,Laptops - Model A285,11,570.74,0.15,5336.42,940.13,33.01
ORD-2021-03736,07/27/2021,2021-08-01,Standard Class,CUST-8467,Olivia Wilson,Corporate,Hartford,Connecticut,,Office Supplies,Binders,Binders - Model K851,12,119.75,0.05,1365.15,142.26,31.78
ORD-2021-03737,04/21/2021,2021-04-27,Standard Class,CUST-7703,Anthony Smith,Consumer,Nashville,Tennessee,South,Office Supplies,Envelopes,Envelopes - Model G286,11,51.62,0.15,482.65,96.95,2.33
ORD-2023-03738,01/07/2023,2023-01-11,Standard Class,CUST-0719,Linda Smith,Consumer,Buffalo,New York,East,Office Supplies,Binders,Binders - Model D561,12,95.55,0.2,917.28,133.5,9.15
ORD-2022-03739,01/16/2022,2022-01-22,Standard Class,CUST-6971,Susan Williams,Consumer,Detroit,Michigan,Central,Clothing,Pants,Pants - Model E563,5,129.16,0.25,484.35,149.06,33.73
ORD-2023-03740,02/26/2023,2023-03-02,Second Class,CUST-0076,Jessica Clark,Consumer,Los Angeles,California,West,Clothing,Shoes,Shoes - Model L295,6,290.2,0.0,1741.2,570.24,6.2
ORD-2022-03741,07/15/2022,2022-07-20,Standard Class,CUST-2488,Matthew Williams,Corporate,Reno,Nevada,West,Office Supplies,Envelopes,Envelopes - Model F288,11,60.97,0.25,,-70.84,49.44
ORD-2023-03742,11/23/2023,2023-11-29,Standard Class,CUST-1630,Michael Gonzalez,Corporate,Savannah,Georgia,,Furniture,Bookcases,Bookcases - Model B705,7,1124.26,0.0,7869.82,1188.19,17.14
ORD-2023-03743,07/31/2023,2023-08-01,First Class,CUST-7963,Christopher Anderson,Consumer,Dallas,Texas,Central,Clothing,Shoes,Shoes - Model P554,5,426.94,0.0,2134.7,757.01,49.02
ORD-2021-03744,01/24/2021,2021-01-24,Same Day,CUST-6235,Charles Williams,Consumer,Ann Arbor,Michigan,Central,Furniture,Tables,Tables - Model N183,9,1288.88,0.0,11599.92,2266.97,43.0
ORD-2024-03745,05/05/2024,2024-05-09,Standard Class,CUST-6789,James Brown,Consumer,Tacoma,Washington,West,Office Supplies,Paper,Paper - Model J975,8,77.25,0.05,587.1,163.37,9.57
ORD-2023-03746,12/28/2023,2023-12-29,First Class,CUST-8511,Mia Jones,Consumer,Hartford,Connecticut,East,Technology,Tablets,Tablets - Model N153,5,2215.63,0.0,11078.15,889.27,33.72
ORD-2022-03747,04/01/2022,2022-04-04,Second Class,CUST-9544,Isabella Harris,Corporate,San Francisco,California,West,Office Supplies,Envelopes,Envelopes - Model E865,1,187.88,0.2,150.3,40.81,13.73
ORD-2023-03748,05/15/2023,2023-05-16,First Class,CUST-2741,Linda Lewis,Consumer,Pittsburgh,Pennsylvania,East,Furniture,Bookcases,Bookcases - Model J735,10,156.15,0.05,1483.42,280.46,13.37
ORD-2023-03749,06/26/2023,2023-07-03,Standard Class,CUST-0719,Linda Smith,Consumer,Mesa,Arizona,West,Office Supplies,Envelopes,Envelopes - Model P214,6,17.0,0.3,71.4,24.05,44.86
ORD-2022-03750,01/12/2022,2022-01-15,Second Class,CUST-2763,Linda Robinson,Consumer,Austin,Texas,Central,Technology,Tablets,Tablets - Model G559,5,893.58,0.25,3350.93,599.72,49.93
ORD-2022-03751,05/22/2022,2022-05-28,Standard Class,CUST-0041,Betty Lewis,Consumer,Spokane,Washington,West,Furniture,Bookcases,Bookcases - Model O477,10,475.91,0.25,3569.33,459.18,24.29
ORD-2021-03752,11/17/2021,2021-11-24,Standard Class,CUST-4313,Emily Davis,Corporate,Worcester,Massachusetts,East,Clothing,Shirts,Shirts - Model C715,4,166.39,0.25,499.17,81.0,45.65
ORD-2023-03753,05/03/2023,2023-05-04,First Class,CUST-6157,Charlotte Miller,Corporate,San Francisco,California,West,Furniture,Desks,Desks - Model F394,3,840.06,0.0,2520.18,244.56,44.47
ORD-2022-03754,11/06/2022,2022-11-09,Second Class,CUST-3937,Christopher Perez,Consumer,Allentown,Pennsylvania,,Office Supplies,Envelopes,Envelopes - Model L877,4,158.79,0.3,444.61,114.13,35.05
ORD-2021-03755,09/30/2021,2021-10-07,Standard Class,CUST-5494,Sandra Gonzalez,Consumer,Augusta,Georgia,South,Office Supplies,Labels,Labels - Model M646,7,194.32,0.15,1156.2,118.99,22.04
ORD-2021-03756,09/05/2021,2021-09-11,Standard Class,CUST-3211,William Moore,Consumer,New Haven,Connecticut,East,Office Supplies,Pens,Pens - Model L665,2,160.7,0.3,224.98,75.85,34.9
ORD-2021-03757,04/15/2021,2021-04-20,Second Class,CUST-7555,Sarah Harris,Consumer,New Haven,Connecticut,East,Furniture,Bookcases,Bookcases - Model A141,9,1198.09,0.05,10243.67,1200.45,46.02
ORD-2023-03758,05/21/2023,2023-05-24,First Class,CUST-4570,Anthony Lewis,Corporate,Phoenix,Arizona,West,Technology,Phones,Phones - Model P778,9,1159.62,0.0,10436.58,1725.09,40.92
ORD-2022-03759,02/10/2022,2022-02-14,Standard Class,CUST-3348,Mark Williams,Corporate,Raleigh,North Carolina,South,Clothing,Pants,Pants - Model D434,4,171.93,0.0,687.72,108.77,11.97
ORD-2023-03760,11/08/2023,2023-11-14,Standard Class,CUST-1910,Sarah Thompson,Consumer,Seattle,Washington,West,Office Supplies,Paper,Paper - Model D867,9,91.32,0.3,575.32,174.1,4.73
ORD-2022-03761,10/28/2022,2022-11-03,Standard Class,CUST-5577,Olivia Perez,Corporate,Seattle,Washington,West,Furniture,Desks,Desks - Model F802,4,285.97,0.0,1143.88,212.85,34.5
ORD-2022-03762,02/12/2022,2022-02-16,Second Class,CUST-0702,Matthew Martin,Consumer,Dallas,Texas,,Technology,Laptops,Laptops - Model E243,8,2239.55,0.0,17916.4,4087.94,41.47
ORD-2024-03763,10/11/2024,2024-10-14,Second Class,CUST-7555,Sarah Harris,Consumer,Philadelphia,Pennsylvania,East,Clothing,Accessories,Accessories - Model A926,12,419.54,0.25,3775.86,-802.92,18.3
ORD-2022-03764,02/10/2022,2022-02-14,Standard Class,CUST-3195,Thomas Harris,Consumer,Reno,Nevada,West,Technology,Monitors,Monitors - Model B303,4,1866.76,0.2,5973.63,1335.17,11.82
ORD-2022-03765,03/12/2022,2022-03-18,Standard Class,CUST-4469,Christopher Johnson,Consumer,San Francisco,California,West,Clothing,Pants,Pants - Model P669,5,490.43,0.15,2084.33,879.95,23.65
ORD-2022-03766,04/27/2022,2022-05-02,Standard Class,CUST-3655,Karen Clark,Consumer,Orlando,Florida,South,Furniture,Bookcases,Bookcases - Model H291,3,620.14,0.0,1860.42,353.0,23.61
ORD-2024-03767,07/27/2024,2024-07-31,Second Class,CUST-9611,Amelia Rodriguez,Consumer,Chicago,Illinois,Central,Technology,Phones,Phones - Model F682,4,1533.18,0.1,5519.45,1362.01,29.59
ORD-2024-03768,03/24/2024,2024-03-29,Second Class,CUST-5551,Patricia Williams,Consumer,Memphis,Tennessee,South,Technology,Accessories,Accessories - Model C315,1,594.41,0.0,594.41,123.01,16.01
ORD-2021-03769,12/22/2021,2021-12-27,Standard Class,CUST-1039,Charlotte Lewis,Consumer,Seattle,Washington,West,Technology,Phones,Phones - Model J849,3,1572.18,0.2,3773.23,189.76,3.39
ORD-2021-03770,09/22/2021,2021-09-25,Second Class,CUST-5233,Sandra Wilson,Consumer,Worcester,Massachusetts,East,Clothing,Jackets,Jackets - Model E151,1,420.84,0.0,420.84,117.93,20.86
ORD-2022-03771,12/10/2022,2022-12-17,Standard Class,CUST-1483,Michael Perez,Consumer,San Diego,California,West,Furniture,Bookcases,Bookcases - Model H107,6,365.12,0.15,1862.11,243.66,8.34
ORD-2023-03772,09/27/2023,2023-09-28,First Class,CUST-5322,Jennifer Miller,Consumer,New Haven,Connecticut,East,Clothing,Pants,Pants - Model O495,8,487.76,0.1,3511.87,1298.47,6.26
ORD-2024-03773,11/30/2024,2024-11-30,Same Day,CUST-5336,Isabella Williams,Consumer,Stamford,Connecticut,East,Technology,Tablets,Tablets - Model A204,4,1493.79,0.3,4182.61,603.7,24.41
ORD-2024-03774,06/07/2024,2024-06-12,Standard Class,CUST-6974,David Jones,Corporate,Springfield,Massachusetts,East,Technology,Monitors,Monitors - Model L521,11,593.27,0.0,6525.97,565.22,28.16
ORD-2022-03775,11/19/2022,2022-11-25,Standard Class,CUST-9544,Isabella Harris,Corporate,Salem,Oregon,West,Office Supplies,Paper,Paper - Model L460,10,171.57,0.1,1544.13,446.46,24.9
ORD-2021-03776,03/06/2021,2021-03-11,Second Class,CUST-3232,William Sanchez,Home Office,New York City,New York,East,,Binders,Binders - Model H783,6,124.3,0.0,745.8,109.87,40.43
ORD-2023-03777,04/24/2023,2023-04-29,Second Class,CUST-9169,Thomas Sanchez,Home Office,Pittsburgh,Pennsylvania,East,Clothing,Pants,Pants - Model E376,11,150.7,0.0,1657.7,882.79,18.01
ORD-2023-03778,12/23/2023,2023-12-27,Second Class,CUST-5684,Ava Thomas,Consumer,Savannah,Georgia,South,Clothing,Jackets,Jackets - Model J566,10,344.24,0.25,2581.8,-310.35,46.36
ORD-2022-03779,07/24/2022,2022-07-28,Second Class,CUST-1597,Nancy Lewis,Consumer,Sacramento,California,,Technology,Accessories,Accessories - Model P414,1,1541.32,0.0,1541.32,287.8,20.51
ORD-2021-03780,11/11/2021,2021-11-18,Standard Class,CUST-9753,Jessica Perez,Home Office,Las Vegas,Nevada,West,Technology,Laptops,Laptops - Model G248,6,1699.4,0.3,7137.48,923.45,32.1
ORD-2023-03781,11/11/2023,2023-11-17,Standard Class,CUST-7085,Richard Thompson,Corporate,Buffalo,New York,East,Office Supplies,Pens,Pens - Model C816,2,37.7,0.0,75.4,32.98,30.73
ORD-2021-03782,05/02/2021,2021-05-07,Standard Class,CUST-0245,Michael Harris,Consumer,Houston,Texas,CENTRAL,Office Supplies,Binders,Binders - Model C671,7,87.26,0.3,427.57,-157.24,29.87
ORD-2023-03783,09/17/2023,2023-09-19,First Class,CUST-5607,Daniel Miller,Consumer,Trenton,New Jersey,East,Clothing,Accessories,Accessories - Model L442,10,364.65,0.0,3646.5,1848.62,45.61
ORD-2023-03784,12/05/2023,2023-12-12,Standard Class,CUST-3232,William Sanchez,Corporate,Phoenix,Arizona,West,Furniture,Tables,Tables - Model P744,9,1262.61,0.1,10227.14,,9.33
ORD-2023-03785,04/24/2023,2023-04-28,Standard Class,CUST-4964,Nancy Jackson,Corporate,Las Vegas,Nevada,West,Furniture,Bookcases,Bookcases - Model J148,8,1047.25,0.0,8378.0,236.82,48.81
ORD-2021-03786,12/27/2021,2022-01-02,Standard Class,CUST-2508,Richard Lopez,Consumer,Jacksonville,Florida,South,Clothing,Pants,Pants - Model I191,11,130.51,0.0,1435.61,375.96,30.8
ORD-2021-03787,08/11/2021,2021-08-17,Standard Class,CUST-2448,John Lewis,Corporate,San Diego,California,West,Office Supplies,Pens,Pens - Model K853,11,161.07,0.1,1594.59,281.75,12.45
ORD-2021-03788,10/31/2021,2021-11-04,Standard Class,CUST-9635,Mia Martinez,Corporate,Rochester,Minnesota,,Technology,Laptops,Laptops - Model I809,2,931.56,0.1,1676.81,336.0,31.81
ORD-2024-03789,09/08/2024,2024-09-13,Standard Class,CUST-3937,Christopher Perez,Consumer,Allentown,Pennsylvania,East,Clothing,Shirts,Shirts - Model O593,11,366.41,0.0,4030.51,1048.0,41.95
ORD-2023-03790,03/23/2023,2023-03-28,Standard Class,CUST-4248,Joseph Jackson,Consumer,Ann Arbor,Michigan,Central,Furniture,Tables,Tables - Model J171,8,1428.99,0.25,8573.94,1077.77,38.99
ORD-2024-03791,11/13/2024,2024-11-20,Standard Class,CUST-9924,Elizabeth Thompson,Consumer,Portland,Oregon,West,Technology,Phones,Phones - Model F870,8,2133.15,0.25,12798.9,-828.46,15.84
ORD-2021-03792,02/03/2021,2021-02-07,Standard Class,CUST-8725,Sarah Jones,Corporate,Philadelphia,Pennsylvania,East,,Shirts,Shirts - Model P635,7,363.35,0.15,2161.93,1097.11,48.66
ORD-2024-03793,11/24/2024,2024-12-01,Standard Class,CUST-0941,,Consumer,Worcester,Massachusetts,East,Office Supplies,Paper,Paper - Model J877,6,76.38,0.2,366.62,37.34,37.88
ORD-2021-03794,11/24/2021,2021-11-29,Second Class,CUST-4835,Lisa Smith,Consumer,Grand Rapids,Michigan,Central,,Phones,Phones - Model G824,7,621.86,0.1,3917.72,345.64,7.63
ORD-2022-03795,05/14/2022,2022-05-20,Standard Class,CUST-0064,Mia Davis,Corporate,Ann Arbor,Michigan,Central,Clothing,Accessories,Accessories - Model G920,10,375.32,0.0,3753.2,982.01,29.77
ORD-2024-03796,05/28/2024,2024-06-01,Second Class,CUST-4580,Harper Smith,Consumer,San Antonio,Texas,Central,Office Supplies,Paper,Paper - Model F730,8,80.95,0.0,647.6,241.66,14.35
ORD-2021-03797,01/13/2021,2021-01-14,First Class,CUST-4672,William Thompson,Corporate,New Haven,Connecticut,East,Clothing,Accessories,Accessories - Model E501,1,31.37,0.1,28.23,5.98,21.88
ORD-2022-03798,12/13/2022,2022-12-19,Standard Class,CUST-5088,Isabella Anderson,Consumer,Newark,New Jersey,East,Technology,Laptops,Laptops - Model E423,9,1639.56,0.05,14018.24,2875.92,18.87
ORD-2021-03799,10/24/2021,2021-10-27,First Class,CUST-9738,Mia Lewis,Consumer,Buffalo,New York,East,Technology,Tablets,Tablets - Model G647,12,261.78,0.0,3141.36,163.55,12.35
ORD-2021-03800,01/06/2021,2021-01-13,Standard Class,CUST-1816,Karen Davis,Corporate,Columbus,Ohio,Central,Technology,Tablets,Tablets - Model N618,8,326.37,0.2,2088.77,353.48,25.1
ORD-2022-03801,05/10/2022,2022-05-14,Standard Class,CUST-5359,,Corporate,Naperville,Illinois,Central,Technology,Tablets,Tablets - Model E219,11,985.51,0.15,9214.52,2083.14,29.55
ORD-2023-03802,11/14/2023,2023-11-21,Standard Class,CUST-5088,Isabella Anderson,Consumer,Mesa,Arizona,West,,Accessories,Accessories - Model D114,10,1097.03,0.05,10421.78,2388.75,26.95
ORD-2021-03803,11/14/2021,2021-11-19,STANDARD CLASS,CUST-0561,James Perez,Corporate,Seattle,Washington,West,Office Supplies,Envelopes,Envelopes - Model E576,12,9.35,0.0,112.2,40.85,17.22
ORD-2024-03804,12/25/2024,2025-01-01,Standard Class,CUST-9544,Isabella Harris,Consumer,Cleveland,Ohio,Central,Clothing,Shirts,Shirts - Model G974,1,261.07,0.1,234.96,112.05,26.13
ORD-2024-03805,05/19/2024,2024-05-25,Standard Class,CUST-0719,,Home Office,Hartford,Connecticut,East,Clothing,Jackets,Jackets - Model O417,9,471.57,0.05,4031.92,1251.04,43.04
ORD-2024-03806,11/01/2024,2024-11-05,Standard Class,CUST-8312,Betty Moore,Corporate,Columbus,Ohio,Central,Technology,Tablets,Tablets - Model G996,9,1375.15,0.0,12376.35,,11.82
ORD-2022-03807,12/25/2022,2022-12-30,Standard Class,CUST-1483,Michael Perez,Consumer,Boston,Massachusetts,East,Office Supplies,Labels,Labels - Model J904,3,67.42,0.2,,20.08,45.94
ORD-2021-03808,05/10/2021,2021-05-15,Standard Class,CUST-4964,Nancy Jackson,Home Office,Reno,Nevada,,Clothing,Accessories,Accessories - Model D817,7,302.23,0.05,2009.83,819.76,19.57
ORD-2022-03809,06/19/2022,2022-06-24,Standard Class,CUST-8511,Mia Jones,Corporate,Hartford,Connecticut,East,Technology,Tablets,Tablets - Model A170,10,2330.02,0.15,19805.17,3869.16,28.88
ORD-2023-03810,11/10/2023,2023-11-12,First Class,CUST-5543,Isabella Hernandez,Corporate,Spokane,Washington,West,Office Supplies,Binders,Binders - Model J764,3,64.36,0.15,164.12,52.62,9.57
ORD-2021-03811,11/16/2021,2021-11-19,Second Class,CUST-4919,Emily Sanchez,Consumer,Allentown,Pennsylvania,East,Clothing,Pants,Pants - Model M665,6,76.45,0.0,458.7,76.08,23.94
ORD-2022-03812,11/20/2022,2022-11-26,Standard Class,CUST-4933,Nancy Lopez,Consumer,Cleveland,Ohio,Central,Office Supplies,Labels,Labels - Model E252,5,151.6,0.0,758.0,124.42,18.29
ORD-2022-03813,10/27/2022,2022-11-01,Standard Class,CUST-0710,David Miller,Consumer,Virginia Beach,Virginia,South,,Binders,Binders - Model M107,9,73.07,0.0,657.63,96.95,33.87
ORD-2021-03814,11/19/2021,2021-11-20,First Class,CUST-2111,Charlotte Brown,Corporate,Buffalo,New York,East,Office Supplies,Labels,Labels - Model K517,10,168.41,0.25,1263.07,558.09,24.62
ORD-2022-03815,05/22/2022,2022-05-24,First Class,CUST-0867,Robert Ramirez,Corporate,Knoxville,Tennessee,South,Furniture,Chairs,Chairs - Model D453,11,299.31,0.25,2469.31,483.59,36.44
ORD-2021-03816,12/10/2021,2021-12-14,Standard Class,CUST-5383,Lisa Sanchez,Corporate,Buffalo,New York,East,,Paper,Paper - Model A162,3,69.73,0.15,177.81,75.59,23.93
ORD-2021-03817,11/09/2021,2021-11-13,Standard Class,CUST-1388,Elizabeth Robinson,Consumer,Seattle,Washington,West,Furniture,Desks,Desks - Model J143,6,970.96,0.05,5534.47,794.39,14.13
ORD-2021-03818,01/01/2021,2021-01-06,Second Class,CUST-8858,Patricia Davis,Consumer,Durham,North Carolina,South,Technology,Monitors,Monitors - Model H302,8,219.21,0.3,1227.58,154.8,17.34
ORD-2021-03819,11/13/2021,2021-11-18,Standard Class,CUST-2233,John Anderson,Consumer,San Francisco,California,West,Technology,Tablets,Tablets - Model F800,6,2156.6,0.0,12939.6,2198.9,5.79
ORD-2023-03820,09/15/2023,2023-09-19,Standard Class,CUST-3131,Mary Brown,Corporate,Buffalo,New York,East,Furniture,Tables,Tables - Model K933,1,141.69,0.25,106.27,-6.27,34.91
ORD-2024-03821,01/25/2024,2024-01-26,First Class,CUST-0995,Lisa Brown,Home Office,Augusta,Georgia,SOUTH,Office Supplies,Pens,Pens - Model P118,8,194.57,0.0,1556.56,384.17,4.46
ORD-2023-03822,01/05/2023,2023-01-08,First Class,CUST-8884,Thomas Jones,Home Office,Tacoma,Washington,West,Technology,Laptops,Laptops - Model K706,9,2163.44,0.0,19470.96,4538.76,6.11
ORD-2024-03823,12/17/2024,2024-12-23,Standard Class,CUST-4275,Robert Martinez,Corporate,Tacoma,Washington,West,Technology,Accessories,Accessories - Model N184,4,1246.73,0.05,4737.57,484.75,41.62
ORD-2024-03824,10/02/2024,2024-10-07,Standard Class,CUST-5383,Lisa Sanchez,Corporate,Salem,Oregon,West,Office Supplies,Binders,Binders - Model H720,12,175.81,0.0,2109.72,715.8,20.25
ORD-2022-03825,07/23/2022,2022-07-26,Second Class,CUST-5088,Isabella Anderson,Home Office,Seattle,Washington,West,Clothing,Accessories,Accessories - Model K612,11,411.32,0.0,4524.52,1491.68,18.98
ORD-2024-03826,05/03/2024,2024-05-10,Standard Class,CUST-3708,Sandra Perez,Home Office,Chicago,Illinois,Central,FURNITURE,Chairs,Chairs - Model K319,9,445.37,0.0,4008.33,481.1,11.92
ORD-2024-03827,03/19/2024,2024-03-21,First Class,CUST-7673,Sophia Jones,Corporate,Newark,New Jersey,East,Clothing,Shirts,Shirts - Model B314,9,86.18,0.0,775.62,279.06,10.31
ORD-2022-03828,17-Oct-2022,2022-10-24,Standard Class,CUST-0371,Daniel Martin,Corporate,Newark,New Jersey,East,Office Supplies,Binders,Binders - Model N397,11,123.33,0.25,1017.47,-54.26,20.14
ORD-2021-03829,05/28/2021,2021-06-01,Standard Class,CUST-5948,Emily Taylor,Consumer,Atlanta,Georgia,South,Clothing,Jackets,Jackets - Model J217,11,288.32,0.0,3171.52,794.0,14.68
ORD-2024-03830,12/22/2024,2024-12-26,Standard Class,CUST-1742,Emily Miller,Corporate,Allentown,Pennsylvania,East,Clothing,Shoes,Shoes - Model M175,11,62.92,0.3,484.48,,4.76
ORD-2021-03831,01/28/2021,2021-02-01,Standard Class,CUST-4140,Matthew Thomas,Corporate,New York City,New York,East,Furniture,Chairs,Chairs - Model L478,7,1353.56,0.25,7106.19,-472.96,44.23
ORD-2022-03832,02/05/2022,2022-02-05,Same Day,CUST-5694,Charles Wilson,Corporate,Cleveland,Ohio,Central,Office Supplies,Pens,Pens - Model O640,9,116.33,0.15,889.92,336.0,79.82
ORD-2024-03833,06/29/2024,2024-07-03,Standard Class,CUST-8263,Jessica Ramirez,Consumer,Buffalo,New York,East,Office Supplies,Binders,Binders - Model F216,3,2.25,0.05,6.41,2.86,39.46
ORD-2022-03834,03/14/2022,2022-03-19,Standard Class,CUST-2018,Robert Smith,Consumer,Seattle,Washington,West,Office Supplies,Binders,Binders - Model B370,2,98.52,0.05,187.19,65.8,17.75
ORD-2023-03835,11/13/2023,2023-11-17,Standard Class,CUST-5322,Jennifer Miller,Home Office,Tucson,Arizona,West,Furniture,Desks,Desks - Model D764,5,908.12,0.05,4313.57,255.85,13.17
ORD-2021-03836,07/18/2021,2021-07-22,Standard Class,CUST-8899,Jennifer White,Home Office,Cincinnati,Ohio,Central,Furniture,Chairs,Chairs - Model C469,11,1150.1,0.2,10120.88,1094.39,48.46
ORD-2024-03837,11/01/2024,2024-11-05,Standard Class,CUST-8858,Patricia Davis,Consumer,Boston,Massachusetts,East,Clothing,Shirts,Shirts - Model B293,1,489.11,0.05,464.65,167.03,40.93
ORD-2022-03838,07/17/2022,2022-07-18,First Class,CUST-5322,Susan Robinson,Corporate,Eugene,Oregon,West,Office Supplies,Envelopes,Envelopes - Model H260,3,122.59,0.0,367.77,127.16,28.28
ORD-2021-03839,05/18/2021,2021-05-22,Standard Class,CUST-1193,Patricia Moore,Consumer,Nashville,Tennessee,South,Furniture,Bookcases,Bookcases - Model O761,2,701.13,0.15,1191.92,110.6,26.9
ORD-2024-03840,07/21/2024,2024-07-26,Second Class,CUST-9635,Mia Martinez,Consumer,Reno,Nevada,West,,Paper,Paper - Model L958,7,73.27,0.1,461.6,80.79,44.66
ORD-2023-03841,09/13/2023,2023-09-17,Standard Class,CUST-4574,Patricia Taylor,Home Office,Nashville,Tennessee,South,Technology,Monitors,Monitors - Model A902,2,2403.35,0.15,4085.69,491.72,15.09
ORD-2022-03842,07/17/2022,2022-07-23,Standard Class,CUST-1816,Karen Davis,Consumer,Buffalo,New York,East,Technology,Laptops,Laptops - Model D142,5,1106.88,0.15,4704.24,369.85,16.93
ORD-2022-03843,06/22/2022,2022-06-26,Standard Class,CUST-8568,Isabella Jones,Consumer,Naperville,Illinois,Central,Furniture,Bookcases,Bookcases - Model K201,3,1142.35,0.1,3084.34,312.01,29.5
ORD-2021-03844,09/27/2021,2021-10-02,Standard Class,CUST-4860,Linda Davis,Consumer,San Diego,California,West,Technology,Laptops,Laptops - Model E259,8,1813.58,0.2,11606.91,809.79,28.54
ORD-2021-03845,11/06/2021,2021-11-11,Standard Class,CUST-3211,William Moore,Consumer,Durham,North Carolina,South,Technology,Monitors,Monitors - Model K619,4,2443.9,0.05,9286.82,782.55,25.16
ORD-2023-03846,12/03/2023,2023-12-09,Standard Class,CUST-4138,James Harris,Corporate,Nashville,Tennessee,South,Clothing,Pants,Pants - Model O768,5,265.06,0.0,1325.3,496.32,11.1
ORD-2023-03847,09/08/2023,2023-09-10,First Class,CUST-3316,Margaret Thompson,Consumer,Newark,New Jersey,East,Office Supplies,Paper,Paper - Model E512,2,98.52,0.15,167.48,56.97,41.05
ORD-2023-03848,03/28/2023,2023-03-31,First Class,CUST-6131,Linda Perez,Consumer,Houston,Texas,Central,Technology,Accessories,Accessories - Model D142,3,1304.11,0.0,3912.33,900.0,47.39
ORD-2023-03849,11/01/2023,2023-11-05,Standard Class,CUST-1201,Mia Brown,Corporate,Hartford,Connecticut,East,Technology,Accessories,Accessories - Model A231,1,1273.97,0.05,1210.27,197.3,25.19
ORD-2021-03850,04/26/2021,2021-04-29,Second Class,CUST-4967,Sophia Rodriguez,Corporate,Charlotte,North Carolina,South,Clothing,Shirts,Shirts - Model M772,8,222.79,0.1,1604.09,283.15,21.32
ORD-2021-03851,04/15/2021,2021-04-19,Second Class,CUST-4641,Karen Taylor,Consumer,Springfield,Massachusetts,East,,Desks,Desks - Model K159,5,1107.83,0.3,3877.4,-237.92,26.1
ORD-2024-03852,02/19/2024,2024-02-26,Standard Class,CUST-4078,Patricia Lee,Consumer,Portland,Oregon,West,Furniture,Chairs,Chairs - Model K477,3,494.54,0.1,1335.26,48.78,24.38
ORD-2024-03853,01/10/2024,2024-01-13,Second Class,CUST-0421,Christopher Thomas,Consumer,Phoenix,Arizona,West,Furniture,Desks,Desks - Model K639,11,531.11,0.25,4381.66,-407.91,33.33
ORD-2023-03854,02/11/2023,2023-02-17,Standard Class,CUST-6258,Betty Thompson,Consumer,Savannah,Georgia,South,Office Supplies,Labels,Labels - Model F643,9,128.45,0.0,1156.05,484.23,17.93
ORD-2022-03855,12/17/2022,2022-12-24,Standard Class,CUST-0827,Harper Wilson,Consumer,Pittsburgh,Pennsylvania,East,,Chairs,Chairs - Model C742,5,45.32,0.3,158.62,10.97,26.07
ORD-2022-03856,06/14/2022,2022-06-16,First Class,CUST-8884,Thomas Jones,Consumer,Detroit,Michigan,Central,Furniture,Bookcases,Bookcases - Model L565,11,311.61,0.0,3427.71,671.09,3.18
ORD-2021-03857,11/14/2021,2021-11-18,Second Class,CUST-6789,James Brown,Corporate,Allentown,Pennsylvania,East,Technology,Laptops,Laptops - Model G336,11,2107.84,0.0,23186.24,2271.69,43.48
ORD-2024-03858,07/14/2024,2024-07-14,Same Day,CUST-2111,Charlotte Brown,Corporate,Phoenix,Arizona,West,Clothing,Jackets,Jackets - Model C502,12,485.11,0.3,4074.92,-1050.82,17.23
ORD-2024-03859,05/31/2024,2024-06-01,First Class,CUST-2763,Linda Robinson,Corporate,Portland,Oregon,West,Office Supplies,Binders,Binders - Model K669,5,79.89,0.3,279.61,120.65,11.61
ORD-2022-03860,11/25/2022,2022-12-01,Standard Class,CUST-4275,Robert Martinez,Home Office,Newark,New Jersey,East,Office Supplies,Paper,Paper - Model I858,8,93.99,0.0,751.92,198.58,47.06
ORD-2021-03861,11/12/2021,2021-11-12,Same Day,CUST-0245,Michael Harris,Home Office,Stamford,Connecticut,East,,Envelopes,Envelopes - Model I153,9,100.45,0.3,632.84,85.46,56.85
ORD-2023-03862,11/09/2023,2023-11-11,First Class,CUST-7596,,Consumer,Austin,Texas,Central,Office Supplies,Binders,Binders - Model B809,2,23.95,0.3,33.53,-3.08,33.42
ORD-2022-03863,10/30/2022,2022-11-04,Second Class,CUST-8326,Matthew Perez,Home Office,Los Angeles,California,West,Office Supplies,Envelopes,Envelopes - Model H292,4,113.28,0.25,339.84,149.16,14.11
ORD-2023-03864,06/16/2023,2023-06-18,First Class,CUST-2808,Jennifer Clark,Home Office,Las Vegas,Nevada,West,Furniture,Tables,Tables - Model O162,11,211.6,0.05,2211.22,195.14,30.96
ORD-2024-03865,06/03/2024,2024-06-03,Same Day,CUST-8511,Mia Jones,Corporate,Norfolk,Virginia,South,Clothing,Pants,Pants - Model M830,12,290.24,0.15,2960.45,813.59,45.87
ORD-2021-03866,06/02/2021,2021-06-08,Standard Class,CUST-4919,Emily Sanchez,Consumer,Pittsburgh,Pennsylvania,East,Clothing,Shoes,Shoes - Model B619,11,131.25,0.0,1443.75,469.38,17.83
ORD-2022-03867,07/26/2022,2022-07-30,Second Class,CUST-5322,Jennifer Miller,Corporate,Newark,New Jersey,East,Office Supplies,Envelopes,Envelopes - Model I364,10,138.79,0.15,1179.71,445.97,48.46
ORD-2022-03868,04/18/2022,2022-04-22,Standard Class,CUST-3900,Margaret Smith,Home Office,Jersey City,New Jersey,East,Furniture,Chairs,Chairs - Model O532,5,603.5,0.05,2866.62,92.86,36.89
ORD-2024-03869,09/24/2024,2024-09-29,Standard Class,CUST-7493,Elizabeth Lee,Consumer,New Haven,Connecticut,East,Technology,Laptops,Laptops - Model H394,4,1610.15,0.25,4830.45,264.16,10.97
ORD-2024-03870,06/09/2024,2024-06-13,Standard Class,CUST-2380,Thomas Garcia,Consumer,Boston,Massachusetts,East,Office Supplies,Envelopes,Envelopes - Model H340,3,97.9,0.2,234.96,100.38,6.23
ORD-2022-03871,03/22/2022,2022-03-23,First Class,CUST-5088,Isabella Anderson,Corporate,Detroit,Michigan,Central,Furniture,Desks,Desks - Model P412,9,203.83,0.15,1559.3,251.09,10.62
ORD-2023-03872,06/06/2023,2023-06-11,Second Class,CUST-0472,Ava Moore,Consumer,Phoenix,Arizona,,Office Supplies,Pens,Pens - Model F135,7,2.46,0.05,16.36,5.13,32.01
ORD-2023-03873,12/20/2023,2023-12-21,First Class,CUST-4641,Karen Taylor,Corporate,Spokane,Washington,West,Clothing,Shoes,Shoes - Model F309,9,75.58,0.25,,-75.6,39.2
ORD-2022-03874,11/27/2022,2022-12-01,Standard Class,CUST-3533,Evelyn Hernandez,Consumer,Miami,Florida,South,Office Supplies,Paper,Paper - Model D598,4,136.43,0.3,382.0,49.28,43.99
ORD-2022-03875,10/22/2022,2022-10-28,Standard Class,CUST-2131,Matthew Smith,Consumer,Salem,Oregon,West,Technology,Monitors,Monitors - Model J106,5,648.0,0.3,,-60.79,19.97
ORD-2023-03876,08/15/2023,2023-08-21,Standard Class,CUST-4860,Linda Davis,Consumer,Las Vegas,Nevada,West,Technology,Phones,Phones - Model L573,3,620.86,0.15,1583.19,144.4,23.71
ORD-2024-03877,11/03/2024,2024-11-08,Standard Class,CUST-4835,,Consumer,Las Vegas,Nevada,West,Clothing,Accessories,Accessories - Model C774,8,389.47,0.1,2804.18,1044.0,6.49
ORD-2022-03878,08/27/2022,2022-09-03,Standard Class,CUST-3690,Emily Anderson,Corporate,Tacoma,Washington,West,Furniture,Tables,Tables - Model J928,8,480.74,0.2,3076.74,587.5,27.29
ORD-2023-03879,09/11/2023,2023-09-15,Second Class,CUST-3662,,Home Office,Eugene,Oregon,West,Furniture,Desks,Desks - Model O967,10,702.01,0.3,4914.07,968.1,28.82
ORD-2023-03880,11/03/2023,2023-11-08,Second Class,CUST-1201,Mia Brown,Consumer,New Haven,Connecticut,East,Clothing,Accessories,Accessories - Model H684,5,371.73,0.15,1579.85,748.91,10.89
ORD-2021-03881,12/26/2021,2021-12-29,First Class,CUST-6941,Thomas Taylor,Consumer,Los Angeles,California,West,Technology,Laptops,Laptops - Model H349,2,568.55,0.2,909.68,81.67,47.69
ORD-2022-03882,08/15/2022,2022-08-20,Second Class,CUST-7085,Richard Thompson,Corporate,Austin,Texas,Central,Technology,Tablets,Tablets - Model D575,7,506.78,0.3,2483.22,580.23,44.76
ORD-2021-03883,08/04/2021,2021-08-08,Standard Class,CUST-6776,Sophia Miller,Corporate,Jacksonville,Florida,South,Technology,Laptops,Laptops - Model O871,11,1030.54,0.0,11335.94,817.44,45.63
ORD-2021-03884,02/11/2021,2021-02-17,Standard Class,CUST-0706,Susan Harris,Consumer,Knoxville,Tennessee,South,Furniture,Chairs,Chairs - Model D273,1,582.37,0.1,,98.4,5.06
ORD-2022-03885,10/09/2022,2022-10-13,Standard Class,CUST-6754,Joseph Ramirez,Corporate,Stamford,Connecticut,East,Office Supplies,Envelopes,Envelopes - Model K495,9,165.62,0.0,1490.58,486.84,14.13
ORD-2021-03886,06/07/2021,2021-06-12,Standard Class,CUST-3131,Mary Brown,Corporate,Norfolk,Virginia,South,Furniture,Tables,Tables - Model G475,12,926.16,0.2,8891.14,565.45,44.78
ORD-2023-03887,09/07/2023,2023-09-12,Standard Class,CUST-3952,Michael Ramirez,Corporate,Jersey City,New Jersey,East,Clothing,Jackets,Jackets - Model F554,11,448.38,0.25,3699.14,1823.21,2.26
ORD-2023-03888,09/01/2023,2023-09-05,Standard Class,CUST-9924,Elizabeth Thompson,Consumer,Reno,Nevada,West,Furniture,Desks,Desks - Model J109,7,1072.88,0.2,6008.13,843.96,23.76
ORD-2023-03889,01/20/2023,2023-01-24,Standard Class,CUST-7994,Sandra Lopez,Consumer,Columbus,Ohio,Central,Clothing,Jackets,Jackets - Model K545,5,136.67,0.1,615.01,236.56,2.21
ORD-2021-03890,05/29/2021,2021-06-02,Standard Class,CUST-0941,Christopher Robinson,Corporate,Phoenix,Arizona,West,Furniture,Tables,Tables - Model H900,5,326.0,0.1,1467.0,283.8,19.74
ORD-2023-03891,05/20/2023,2023-05-26,Standard Class,CUST-2808,Jennifer Clark,Corporate,Jacksonville,Florida,South,Office Supplies,Labels,Labels - Model I119,7,192.63,0.1,1213.57,253.58,42.83
ORD-2021-03892,05/17/2021,2021-05-22,Standard Class,CUST-3369,Christopher Clark,Consumer,Philadelphia,Pennsylvania,East,Furniture,Desks,Desks - Model E649,5,1214.9,0.15,5163.32,408.06,49.78
ORD-2021-03893,03/26/2021,2021-03-29,First Class,CUST-6836,Mia Anderson,Corporate,Minneapolis,Minnesota,Central,Clothing,Accessories,Accessories - Model I374,1,495.79,0.0,495.79,87.22,44.44
ORD-2022-03894,11/05/2022,2022-11-05,Same Day,CUST-7963,Christopher Anderson,Home Office,New York City,New York,East,Clothing,Jackets,Jackets - Model J237,11,84.91,0.0,934.01,447.74,74.88
ORD-2024-03895,10/31/2024,2024-11-03,First Class,CUST-3655,Karen Clark,Corporate,Stamford,Connecticut,East,Office Supplies,Labels,Labels - Model N292,6,95.79,0.0,574.74,219.42,33.96
ORD-2021-03896,06/23/2021,2021-06-27,Standard Class,CUST-7479,Joseph Gonzalez,Consumer,Stamford,Connecticut,East,Office Supplies,Labels,Labels - Model D124,1,17.31,0.15,14.71,3.05,24.05
ORD-2021-03897,05/11/2021,2021-05-15,Standard Class,CUST-6986,Sandra Martin,Consumer,Springfield,Massachusetts,East,Furniture,Chairs,Chairs - Model H272,9,756.44,0.0,6807.96,677.58,27.08
ORD-2024-03898,03/29/2024,2024-04-02,Second Class,CUST-6235,Charles Williams,Consumer,Dallas,Texas,Central,Technology,Monitors,Monitors - Model D905,6,1814.45,0.15,9253.69,1299.88,9.62
ORD-2021-03899,10/25/2021,2021-11-01,Standard Class,CUST-3232,William Sanchez,Consumer,Reno,Nevada,West,Furniture,Tables,Tables - Model B728,10,1243.21,0.0,12432.1,553.08,9.16
ORD-2022-03900,09/29/2022,2022-10-05,Standard Class,CUST-0076,Jessica Clark,Corporate,Naperville,Illinois,Central,Clothing,Pants,Pants - Model O623,6,244.99,0.0,1469.94,299.16,46.96
ORD-2022-03901,03/07/2022,2022-03-13,Standard Class,CUST-2808,Jennifer Clark,Corporate,Stamford,Connecticut,East,Furniture,Tables,Tables - Model B737,3,209.51,0.25,471.4,12.8,41.67
ORD-2023-03902,09/22/2023,2023-09-23,First Class,CUST-8899,Jennifer White,Home Office,Trenton,New Jersey,East,Office Supplies,Paper,Paper - Model D879,6,173.95,0.25,782.77,256.81,38.64
ORD-2023-03903,01/31/2023,2023-01-31,Same Day,CUST-2111,Charlotte Brown,Home Office,Tucson,Arizona,West,Furniture,Chairs,Chairs - Model J219,6,154.13,0.2,739.82,115.92,34.53
ORD-2023-03904,11/17/2023,2023-11-23,Standard Class,CUST-4641,Karen Taylor,Consumer,Atlanta,Georgia,South,Office Supplies,Pens,Pens - Model L300,10,90.92,0.0,909.2,335.73,49.17
ORD-2024-03905,11/30/2024,2024-12-05,Standard Class,CUST-9034,Lisa Miller,Consumer,Columbus,Ohio,Central,Clothing,Pants,Pants - Model N574,1,228.41,0.0,228.41,38.16,35.9
ORD-2021-03906,02/15/2021,2021-02-20,Standard Class,CUST-3211,William Moore,Corporate,Chicago,Illinois,Central,Furniture,Desks,Desks - Model J329,4,1041.38,0.1,3748.97,290.0,41.28
ORD-2024-03907,12/08/2024,2024-12-10,First Class,CUST-5447,Michael Lewis,Consumer,Reno,Nevada,West,Furniture,Storage,Storage - Model F356,6,888.15,0.2,4263.12,791.0,10.05
ORD-2022-03908,04/10/2022,2022-04-17,Standard Class,CUST-3708,Sandra Perez,Consumer,Tucson,Arizona,West,Technology,Monitors,Monitors - Model M814,1,1998.85,0.05,1898.91,315.41,5.81
ORD-2022-03909,12/18/2022,2022-12-20,First Class,CUST-4920,Jennifer Wilson,Corporate,Naperville,Illinois,Central,Furniture,Desks,Desks - Model L848,11,122.66,0.15,1146.87,155.75,11.66
ORD-2021-03910,11/14/2021,2021-11-20,Standard Class,CUST-7493,Elizabeth Lee,Consumer,Portland,Oregon,West,Office Supplies,Paper,Paper - Model C426,3,143.88,0.3,302.15,-114.56,14.63
ORD-2023-03911,12/16/2023,2023-12-16,Same Day,CUST-3453,Amelia Wilson,Home Office,Las Vegas,Nevada,West,Clothing,Jackets,Jackets - Model F635,10,222.4,0.3,1556.8,618.31,54.4
ORD-2021-03912,12/23/2021,2021-12-30,Standard Class,CUST-8197,Susan Taylor,Corporate,Chicago,Illinois,Central,Furniture,Desks,Desks - Model I414,3,1120.69,0.0,3362.07,,6.34
ORD-2023-03913,11/20/2023,2023-11-24,Standard Class,CUST-0995,Lisa Brown,Consumer,Spokane,Washington,West,Furniture,Bookcases,Bookcases - Model F720,8,1297.89,0.0,10383.12,654.61,31.55
ORD-2021-03914,02/15/2021,2021-02-22,Standard Class,CUST-2380,Thomas Garcia,Consumer,Memphis,Tennessee,South,Technology,Laptops,Laptops - Model I948,1,774.81,0.0,774.81,154.89,12.03
ORD-2021-03915,07/18/2021,2021-07-25,Standard Class,CUST-4967,Sophia Rodriguez,Consumer,Detroit,Michigan,Central,Furniture,Storage,Storage - Model M404,1,414.79,0.0,414.79,28.58,46.41
ORD-2021-03916,03/30/2021,2021-04-04,Standard Class,CUST-0197,Sarah Johnson,Corporate,Ann Arbor,Michigan,Central,Office Supplies,Binders,Binders - Model A819,12,17.04,0.0,204.48,29.71,31.01
ORD-2021-03917,08/30/2021,2021-09-03,Standard Class,CUST-5684,Ava Thomas,Consumer,Naperville,Illinois,Central,Office Supplies,Paper,Paper - Model F250,2,151.3,0.0,302.6,106.87,45.64
ORD-2022-03918,03/31/2022,2022-04-04,Second Class,CUST-0968,James Martin,Consumer,Saint Paul,Minnesota,Central,Furniture,Storage,Storage - Model H371,2,628.41,0.05,1193.98,206.01,8.98
ORD-2024-03919,08/17/2024,2024-08-20,Second Class,CUST-3131,Mary Brown,Consumer,San Francisco,California,,Furniture,Bookcases,Bookcases - Model N977,1,1296.32,0.0,1296.32,211.59,29.01
ORD-2023-03920,04/22/2023,2023-04-28,Standard Class,CUST-8021,Lisa Rodriguez,Corporate,Allentown,Pennsylvania,East,Furniture,Storage,Storage - Model N513,12,376.97,0.0,4523.64,511.31,3.45
ORD-2023-03921,11/08/2023,2023-11-15,Standard Class,CUST-5336,Isabella Williams,Corporate,Rochester,New York,East,Technology,Accessories,Accessories - Model P338,12,317.79,0.3,2669.44,313.85,43.3
ORD-2023-03922,07/30/2023,2023-08-05,Standard Class,CUST-0710,Karen Gonzalez,Consumer,Cincinnati,Ohio,Central,Furniture,Tables,Tables - Model F760,5,1028.67,0.05,4886.18,964.26,11.46
ORD-2022-03923,11/02/2022,2022-11-06,Standard Class,CUST-0957,Karen Martin,Corporate,Jersey City,New Jersey,East,Office Supplies,Envelopes,Envelopes - Model C779,3,95.72,0.3,,20.44,20.13
ORD-2022-03924,09/26/2022,2022-09-26,Same Day,CUST-8733,Mark Martin,Home Office,Rochester,Minnesota,Central,Office Supplies,Pens,Pens - Model D250,8,153.79,0.0,1230.32,441.67,17.38
ORD-2022-03925,02/22/2022,2022-02-24,First Class,CUST-2649,Ava Smith,Home Office,Charlotte,North Carolina,South,Office Supplies,Envelopes,Envelopes - Model K206,6,56.04,0.0,336.24,132.12,10.44
ORD-2022-03926,03/28/2022,2022-03-31,Second Class,CUST-2508,Richard Lopez,Consumer,Richmond,Virginia,South,Furniture,Tables,Tables - Model L890,9,124.51,0.0,1120.59,39.51,2.44
ORD-2021-03927,08/12/2021,2021-08-17,Standard Class,CUST-7963,Christopher Anderson,Consumer,Salem,Oregon,West,Technology,Accessories,Accessories - Model J424,9,1735.59,0.0,15620.31,2807.9,27.33
ORD-2021-03928,03/12/2021,2021-03-16,Second Class,CUST-9635,Mia Martinez,Corporate,Richmond,Virginia,South,Office Supplies,Pens,Pens - Model L426,7,75.65,0.3,370.69,57.65,28.75
ORD-2024-03929,11/14/2024,2024-11-19,Standard Class,CUST-0669,Mia Perez,Home Office,Norfolk,Virginia,South,Technology,Phones,Phones - Model C492,1,104.93,0.0,104.93,14.23,16.48
ORD-2024-03930,04/12/2024,2024-04-17,Standard Class,CUST-8013,Michael Lopez,Home Office,Rochester,New York,East,Clothing,Pants,Pants - Model O557,6,180.11,0.15,918.56,381.56,23.26
ORD-2022-03931,09/01/2022,2022-09-05,Standard Class,CUST-5322,Susan Robinson,Corporate,New Haven,Connecticut,East,Furniture,Desks,Desks - Model G443,3,228.77,0.05,651.99,127.14,28.82
ORD-2021-03932,12/08/2021,2021-12-11,First Class,CUST-9456,Amelia Martin,Corporate,Boston,Massachusetts,East,Furniture,Bookcases,Bookcases - Model E589,6,1448.46,0.05,8256.22,280.72,43.62
ORD-2022-03933,11/01/2022,2022-11-04,First Class,CUST-8884,Thomas Jones,Consumer,San Francisco,California,West,Clothing,Accessories,Accessories - Model K406,11,320.96,0.25,2647.92,1017.18,13.81
ORD-2022-03934,03/11/2022,2022-03-14,First Class,CUST-1300,Sarah Williams,Consumer,Reno,Nevada,West,Office Supplies,Paper,Paper - Model M687,7,92.34,0.0,646.38,227.53,2.29
ORD-2022-03935,06/29/2022,2022-07-03,Standard Class,CUST-8914,Joseph Jones,Corporate,New York City,New York,East,Clothing,Shirts,Shirts - Model K473,8,375.64,0.1,2704.61,1326.67,26.4
ORD-2023-03936,07/03/2023,2023-07-07,Second Class,CUST-3662,Patricia Ramirez,Consumer,San Antonio,Texas,Central,Office Supplies,Envelopes,Envelopes - Model I255,10,83.83,0.05,796.38,290.72,31.68
ORD-2024-03937,04/02/2024,2024-04-07,Second Class,CUST-7085,Richard Thompson,Corporate,Sacramento,California,West,Clothing,Accessories,Accessories - Model N599,5,347.53,0.3,1216.35,-358.0,46.76
ORD-2021-03938,07/31/2021,2021-07-31,Same Day,CUST-4997,Margaret Moore,Consumer,Jersey City,New Jersey,East,Furniture,Desks,Desks - Model D101,1,642.72,0.25,,12.54,58.58
ORD-2023-03939,12/04/2023,2023-12-10,Standard Class,CUST-8774,Karen Anderson,Consumer,Las Vegas,Nevada,West,Office Supplies,Binders,Binders - Model C244,9,26.04,0.05,222.64,96.83,31.24
ORD-2022-03940,08/30/2022,2022-08-30,Same Day,CUST-6675,Linda Gonzalez,Consumer,Naperville,Illinois,Central,Office Supplies,Paper,Paper - Model F842,7,5.53,0.0,38.71,17.01,55.83
ORD-2023-03941,06/19/2023,2023-06-22,Second Class,CUST-2380,Thomas Garcia,Consumer,Knoxville,Tennessee,South,Clothing,Pants,Pants - Model J648,9,233.91,0.0,2105.19,1063.11,46.5
ORD-2021-03942,11/26/2021,2021-11-27,First Class,CUST-2971,Sandra Taylor,Consumer,Reno,Nevada,West,Office Supplies,Binders,Binders - Model J966,9,14.31,0.0,128.79,20.73,18.93
ORD-2022-03943,12/06/2022,2022-12-10,Second Class,CUST-9297,Jessica White,Consumer,Tampa,Florida,South,,Storage,Storage - Model A879,11,1324.93,0.1,13116.81,513.29,19.62
ORD-2021-03944,03/18/2021,2021-03-23,Standard Class,CUST-4933,Nancy Lopez,Consumer,Richmond,Virginia,South,Clothing,Shoes,Shoes - Model L648,5,273.02,0.3,955.57,-225.13,35.97
ORD-2023-03945,07/28/2023,2023-08-02,Second Class,CUST-0719,Linda Smith,Consumer,Allentown,Pennsylvania,East,Clothing,Pants,Pants - Model O117,11,100.66,0.25,830.44,-223.97,11.62
ORD-2023-03946,05/13/2023,2023-05-19,Standard Class,CUST-2106,John Martin,Consumer,Austin,Texas,Central,Office Supplies,Paper,Paper - Model D655,3,117.88,0.0,353.64,111.06,2.48
ORD-2021-03947,12/12/2021,2021-12-17,Second Class,CUST-2808,Olivia Davis,Home Office,New York City,New York,East,Technology,Accessories,Accessories - Model H681,5,1424.36,0.3,4985.26,-222.4,3.75
ORD-2024-03948,12/18/2024,2024-12-19,First Class,CUST-4418,Joseph Harris,Home Office,Charlotte,North Carolina,South,Office Supplies,Pens,Pens - Model B792,6,109.97,0.3,461.87,,10.23
ORD-2022-03949,06/01/2022,2022-06-05,Second Class,CUST-6974,David Jones,Corporate,Tacoma,Washington,West,,Desks,Desks - Model P603,10,1487.54,0.3,10412.78,-467.54,7.01
ORD-2022-03950,10/20/2022,2022-10-24,Standard Class,CUST-0675,James White,Home Office,Seattle,Washington,West,Furniture,Storage,Storage - Model M751,9,1169.15,0.0,10522.35,962.88,48.34
ORD-2022-03951,05/21/2022,2022-05-28,Standard Class,CUST-8591,Christopher Gonzalez,Consumer,Savannah,Georgia,South,Furniture,Storage,Storage - Model O671,9,250.15,0.15,1913.65,155.11,48.52
ORD-2021-03952,05/25/2021,2021-05-28,First Class,CUST-8733,Mark Martin,Corporate,Salem,Oregon,West,Furniture,Desks,Desks - Model M304,5,748.34,0.2,2993.36,357.92,27.3
ORD-2021-03953,08/06/2021,2021-08-13,Standard Class,CUST-7703,Anthony Smith,Consumer,Mesa,Arizona,West,Technology,Accessories,Accessories - Model L127,1,406.61,0.15,345.62,45.12,16.54
ORD-2021-03954,06/20/2021,2021-06-24,Standard Class,CUST-8725,Sarah Jones,Consumer,Portland,Oregon,West,Furniture,Desks,Desks - Model C295,8,177.46,0.05,1348.7,199.23,44.78
ORD-2024-03955,04/25/2024,2024-04-29,Standard Class,CUST-8197,Susan Taylor,Corporate,Minneapolis,Minnesota,Central,Office Supplies,Labels,Labels - Model K724,11,120.6,0.0,1326.6,371.44,34.42
ORD-2021-03956,11/02/2021,2021-11-03,First Class,CUST-6019,Anthony Martin,Consumer,Memphis,Tennessee,South,Office Supplies,Envelopes,Envelopes - Model N252,7,56.34,0.0,394.38,139.0,7.72
ORD-2024-03957,08/27/2024,2024-08-31,Standard Class,CUST-6235,Charles Williams,Corporate,San Francisco,California,West,Technology,Accessories,Accessories - Model M170,2,1759.57,0.1,3167.23,172.09,24.27
ORD-2023-03958,12/15/2023,2023-12-15,Same Day,CUST-5684,Ava Thomas,Consumer,Spokane,Washington,,Clothing,Jackets,Jackets - Model M255,3,334.78,0.15,853.69,142.82,58.72
ORD-2023-03959,07/26/2023,2023-07-31,Standard Class,CUST-0064,Mia Davis,Corporate,Augusta,Georgia,South,Office Supplies,Labels,Labels - Model H113,2,79.77,0.1,,42.77,4.94
ORD-2021-03960,05/16/2021,2021-05-22,Standard Class,CUST-5520,David Taylor,Consumer,Buffalo,New York,East,Furniture,Desks,Desks - Model F649,8,499.23,0.2,3195.07,318.18,45.46
ORD-2021-03961,08/20/2021,2021-08-24,Standard Class,CUST-3359,Robert White,Consumer,New York City,New York,East,Clothing,Shirts,Shirts - Model L383,1,474.13,0.3,331.89,171.37,21.24
ORD-2021-03962,11/19/2021,2021-11-25,Standard Class,CUST-5792,Jessica Garcia,Corporate,Seattle,Washington,West,Furniture,Chairs,Chairs - Model P417,12,220.7,0.0,2648.4,259.57,48.72
ORD-2023-03963,12/24/2023,2023-12-31,Standard Class,CUST-1384,Anthony Sanchez,Corporate,Chicago,Illinois,Central,Office Supplies,Binders,Binders - Model O721,3,196.85,0.0,590.55,139.69,13.54
ORD-2023-03964,02/22/2023,2023-02-27,Standard Class,CUST-4992,Linda Jones,Consumer,Tacoma,Washington,West,Office Supplies,Labels,Labels - Model F435,1,108.68,0.05,103.25,20.39,10.83
ORD-2021-03965,08/29/2021,2021-09-03,Standard Class,CUST-3369,Christopher Clark,Corporate,Augusta,Georgia,South,Office Supplies,Pens,Pens - Model J948,8,10.68,0.15,72.62,30.68,15.55
ORD-2022-03966,05/24/2022,2022-05-25,First Class,CUST-0064,Mia Davis,Consumer,Trenton,New Jersey,East,Office Supplies,Pens,Pens - Model G857,10,38.33,0.0,383.3,171.05,26.69
ORD-2024-03967,08/26/2024,2024-08-31,Second Class,CUST-8490,Joseph Anderson,Consumer,Knoxville,Tennessee,South,Technology,Monitors,Monitors - Model C515,11,2498.72,0.0,27485.92,2715.99,38.74
ORD-2022-03968,03/15/2022,2022-03-21,Standard Class,CUST-2808,Olivia Davis,Consumer,Aurora,Illinois,Central,Furniture,Desks,Desks - Model G470,7,731.71,0.1,4609.77,151.44,15.81
ORD-2024-03969,12/06/2024,2024-12-13,Standard Class,CUST-5551,Patricia Williams,Consumer,Eugene,Oregon,West,Technology,Monitors,Monitors - Model P199,12,849.01,0.05,9678.71,2054.61,2.42
ORD-2023-03970,03/23/2023,2023-03-24,First Class,CUST-0706,Susan Harris,Corporate,Chicago,Illinois,Central,Furniture,Bookcases,Bookcases - Model D656,2,567.72,0.25,851.58,84.91,46.44
ORD-2022-03971,02/17/2022,2022-02-23,Standard Class,CUST-8021,Lisa Rodriguez,Consumer,Springfield,Massachusetts,East,Office Supplies,Binders,Binders - Model G874,1,156.63,0.05,148.8,50.93,17.02
ORD-2021-03972,11/10/2021,2021-11-15,Second Class,CUST-3952,Michael Ramirez,Corporate,Miami,Florida,South,Office Supplies,Paper,Paper - Model L802,9,182.16,0.0,1639.44,243.74,43.56
ORD-2021-03973,06/21/2021,2021-06-24,Second Class,CUST-4414,John Smith,Consumer,Phoenix,Arizona,West,Clothing,Jackets,Jackets - Model H450,7,417.96,0.1,2633.15,,3.17
ORD-2021-03974,07/20/2021,2021-07-25,Standard Class,CUST-0324,Robert Martin,Consumer,Saint Paul,Minnesota,Central,Office Supplies,Pens,Pens - Model P840,1,185.4,0.1,166.86,51.73,36.88
ORD-2021-03975,12/21/2021,2021-12-28,Standard Class,CUST-2233,John Anderson,Home Office,Mesa,Arizona,West,Technology,Accessories,Accessories - Model A148,8,1017.92,0.1,7329.02,487.26,22.07
ORD-2024-03976,10/22/2024,2024-10-29,Standard Class,CUST-9611,Amelia Rodriguez,Corporate,Tacoma,Washington,West,Office Supplies,Paper,Paper - Model N554,9,197.15,0.15,1508.2,268.31,15.28
ORD-2022-03977,10/05/2022,2022-10-05,Same Day,CUST-2741,Linda Lewis,Corporate,Rochester,New York,East,Office Supplies,Binders,Binders - Model G426,1,192.03,0.15,163.23,21.45,18.82
ORD-2023-03978,08/10/2023,2023-08-16,Standard Class,CUST-2380,Thomas Garcia,Home Office,Detroit,Michigan,Central,Office Supplies,Envelopes,Envelopes - Model N107,6,139.41,0.05,794.64,120.15,49.95
ORD-2021-03979,05/12/2021,2021-05-18,Standard Class,CUST-2361,Betty White,Consumer,Augusta,Georgia,South,Technology,Laptops,Laptops - Model O753,7,274.9,0.25,1443.22,354.7,27.78
ORD-2022-03980,03/30/2022,2022-04-02,Second Class,CUST-9297,Jessica White,Consumer,Saint Paul,Minnesota,Central,Furniture,Bookcases,Bookcases - Model K760,12,56.29,0.05,641.71,20.26,3.01
ORD-2022-03981,10/10/2022,2022-10-17,Standard Class,CUST-9688,Charles Moore,Consumer,Philadelphia,Pennsylvania,East,Technology,Accessories,Accessories - Model P399,9,2435.46,0.0,21919.14,1883.99,38.03
ORD-2022-03982,04/21/2022,2022-04-24,Second Class,CUST-5543,Isabella Hernandez,Home Office,Las Vegas,Nevada,West,Furniture,Tables,Tables - Model L481,8,1139.63,0.25,6837.78,465.06,37.83
ORD-2021-03983,01/02/2021,2021-01-02,Same Day,CUST-5015,Barbara Taylor,Corporate,Las Vegas,Nevada,,Clothing,Shirts,Shirts - Model M447,8,222.49,0.0,1779.92,813.73,79.27
ORD-2024-03984,05/16/2024,2024-05-19,First Class,CUST-1968,Barbara Lewis,Consumer,Portland,Oregon,,Clothing,Accessories,Accessories - Model B369,3,268.14,0.25,603.31,213.85,17.7
ORD-2024-03985,03/13/2024,2024-03-17,Standard Class,CUST-6803,Robert Clark,Corporate,Naperville,Illinois,Central,Clothing,Shirts,Shirts - Model P546,3,208.11,0.2,499.46,167.37,10.43
ORD-2023-03986,12/31/2023,2024-01-02,First Class,CUST-6833,Margaret Martin,Consumer,Jersey City,New Jersey,East,Office Supplies,Labels,Labels - Model H166,5,41.6,0.0,208.0,64.09,30.53
ORD-2022-03987,12/09/2022,2022-12-10,First Class,CUST-1300,Sarah Williams,Corporate,Atlanta,Georgia,South,Technology,Tablets,Tablets - Model M884,6,694.26,0.05,3957.28,841.11,34.09
ORD-2024-03988,12/25/2024,2024-12-25,Same Day,CUST-9286,Christopher Miller,Corporate,Pittsburgh,Pennsylvania,East,Office Supplies,Envelopes,Envelopes - Model M784,8,22.04,0.25,132.24,43.58,20.03
ORD-2024-03989,12/10/2024,2024-12-10,Same Day,CUST-0324,Robert Martin,Consumer,Tacoma,Washington,West,Office Supplies,Labels,Labels - Model L939,1,197.65,0.1,177.89,36.83,12.69
ORD-2023-03990,01/04/2023,2023-01-04,SAME DAY,CUST-5336,Isabella Williams,Corporate,Philadelphia,Pennsylvania,East,Furniture,Desks,Desks - Model M184,6,1088.82,0.15,5552.98,656.15,120.52
ORD-2024-03991,05/18/2024,2024-05-23,Standard Class,CUST-0988,Charlotte Williams,Consumer,Salem,Oregon,West,Office Supplies,Paper,Paper - Model G586,1,89.6,0.25,67.2,7.4,11.12
ORD-2021-03992,04/16/2021,2021-04-21,Second Class,CUST-5792,Jessica Garcia,Consumer,Spokane,Washington,West,Clothing,Accessories,Accessories - Model F828,12,49.62,0.25,446.58,,21.17
ORD-2021-03993,02/11/2021,2021-02-15,Standard Class,CUST-0015,Jessica Gonzalez,Home Office,Houston,Texas,Central,Technology,Phones,Phones - Model C641,11,422.5,0.0,4647.5,872.85,10.88
ORD-2021-03994,11/30/2021,2021-12-05,Second Class,CUST-2448,John Lewis,Home Office,Rochester,New York,East,Office Supplies,Binders,Binders - Model H253,7,147.69,0.2,827.06,147.37,15.47
ORD-2023-03995,04/02/2023,2023-04-05,Second Class,CUST-0706,Susan Harris,Corporate,Sacramento,California,West,Office Supplies,Labels,Labels - Model E228,1,34.97,0.05,33.22,10.59,42.18
ORD-2021-03996,12/24/2021,2021-12-30,Standard Class,CUST-0708,,Home Office,Norfolk,Virginia,South,Furniture,Bookcases,Bookcases - Model B227,6,697.52,0.25,3138.84,-140.3,44.47
ORD-2021-03997,11/08/2021,2021-11-12,Second Class,CUST-2644,Isabella Johnson,Corporate,Springfield,Massachusetts,East,Technology,Accessories,Accessories - Model H531,12,289.78,0.15,2955.76,369.82,49.35
ORD-2024-03998,10/08/2024,2024-10-14,Standard Class,CUST-5447,Michael Lewis,Corporate,Cincinnati,Ohio,Central,Technology,Phones,Phones - Model J443,8,83.99,0.1,604.73,111.82,43.3
ORD-2023-03999,09/21/2023,2023-09-26,Second Class,CUST-8733,Mark Martin,Consumer,New York City,New York,East,Furniture,Chairs,Chairs - Model G725,6,514.13,0.0,3084.78,111.92,3.37
ORD-2023-04000,12/25/2023,2023-12-27,First Class,CUST-0017,Margaret Sanchez,Consumer,Spokane,Washington,West,Technology,Monitors,Monitors - Model J259,1,2089.29,0.2,1671.43,203.08,41.77
ORD-2024-04001,04/16/2024,2024-04-21,Second Class,CUST-3195,Thomas Harris,Corporate,Miami,Florida,,Furniture,Storage,Storage - Model E937,2,977.75,0.1,1759.95,306.82,29.8
ORD-2024-04002,08/11/2024,2024-08-15,Second Class,CUST-7358,David Lee,Consumer,Tacoma,Washington,West,Office Supplies,Paper,Paper - Model H298,9,190.99,0.15,1461.07,270.81,41.22
ORD-2021-04003,06/10/2021,2021-06-15,Standard Class,CUST-6994,Ava Robinson,Corporate,Mesa,Arizona,West,Office Supplies,Labels,Labels - Model P112,8,69.15,0.15,470.22,94.81,11.15
ORD-2024-04004,01/25/2024,2024-01-29,Standard Class,CUST-0995,Lisa Brown,Consumer,Naperville,Illinois,Central,Office Supplies,Envelopes,Envelopes - Model J317,9,30.55,0.25,,58.79,23.16
ORD-2024-04005,04/03/2024,2024-04-06,Second Class,CUST-8945,Robert Lewis,Consumer,Durham,North Carolina,South,Technology,Laptops,Laptops - Model D414,7,1476.87,0.0,,1718.59,32.0
ORD-2022-04006,02/21/2022,2022-02-26,Standard Class,CUST-8021,Lisa Rodriguez,Consumer,Cleveland,Ohio,Central,Furniture,Bookcases,Bookcases - Model E637,6,1131.34,0.3,4751.63,340.93,30.21
ORD-2021-04007,12/01/2021,2021-12-04,First Class,CUST-6986,Sandra Martin,Consumer,Hartford,Connecticut,East,Technology,Tablets,Tablets - Model B809,8,788.8,0.0,6310.4,471.1,10.54
ORD-2023-04008,08/06/2023,2023-08-11,Standard Class,CUST-6675,Linda Gonzalez,Corporate,Naperville,Illinois,Central,Furniture,Desks,Desks - Model E978,11,727.99,0.0,8007.89,828.68,10.29
ORD-2023-04009,03/16/2023,2023-03-17,First Class,CUST-5088,Isabella Anderson,Corporate,Saint Paul,Minnesota,,Technology,Laptops,Laptops - Model J837,11,1763.69,0.15,16490.5,3241.88,10.81
ORD-2023-04010,12/30/2023,2024-01-03,Standard Class,CUST-5619,Jessica Robinson,Consumer,Savannah,Georgia,South,Clothing,Pants,Pants - Model D596,11,74.23,0.3,571.57,-102.81,22.27
ORD-2024-04011,01/09/2024,2024-01-13,Second Class,CUST-2361,Betty White,Corporate,Worcester,Massachusetts,East,Furniture,Tables,Tables - Model E129,7,1280.21,0.1,8065.32,1583.78,28.57
ORD-2023-04012,08/08/2023,2023-08-13,Standard Class,CUST-9753,Jessica Perez,Consumer,Springfield,Massachusetts,East,Clothing,Jackets,Jackets - Model H884,5,77.06,0.0,385.3,206.58,17.87
ORD-2021-04013,11/30/2021,2021-12-06,Standard Class,CUST-4919,Emily Sanchez,Home Office,Springfield,Massachusetts,East,Furniture,Bookcases,Bookcases - Model H481,1,923.9,0.2,739.12,135.95,29.28
ORD-2022-04014,12/04/2022,2022-12-10,Standard Class,CUST-6836,Mia Anderson,Consumer,Portland,Oregon,West,Furniture,Tables,Tables - Model O132,1,239.9,0.05,227.91,22.17,33.26
ORD-2022-04015,03/19/2022,2022-03-24,Second Class,CUST-8312,Betty Moore,Corporate,Tacoma,Washington,West,Office Supplies,Pens,Pens - Model D979,3,31.0,0.2,74.4,24.39,33.65
ORD-2023-04016,07/13/2023,2023-07-18,Standard Class,CUST-5551,Patricia Williams,Consumer,Raleigh,North Carolina,South,Technology,Accessories,Accessories - Model P205,4,2348.75,0.15,7985.75,1476.98,31.36
ORD-2022-04017,04/26/2022,2022-05-03,Standard Class,CUST-5494,Sandra Gonzalez,Consumer,Saint Paul,Minnesota,Central,Technology,Tablets,Tablets - Model I230,4,2491.7,0.0,9966.8,1803.58,20.1
ORD-2021-04018,10/15/2021,2021-10-22,Standard Class,CUST-1597,Nancy Lewis,Consumer,Worcester,Massachusetts,East,Office Supplies,Pens,Pens - Model A471,8,64.04,0.0,512.32,153.23,13.14
ORD-2021-04019,09/19/2021,2021-09-22,Second Class,CUST-8021,Lisa Rodriguez,Consumer,San Diego,California,West,Office Supplies,Labels,Labels - Model I561,12,166.37,0.15,1696.97,681.0,45.03
ORD-2024-04020,11/07/2024,2024-11-12,Second Class,CUST-4414,John Smith,Consumer,Virginia Beach,Virginia,South,Technology,Laptops,Laptops - Model E531,1,466.52,0.25,349.89,62.79,47.91
ORD-2022-04021,08/16/2022,2022-08-17,First Class,CUST-8490,Joseph Anderson,Corporate,Stamford,Connecticut,East,Furniture,Desks,Desks - Model F136,2,793.94,0.25,1190.91,-36.45,44.36
ORD-2023-04022,07/05/2023,2023-07-11,Standard Class,CUST-9544,Isabella Harris,Home Office,Tucson,Arizona,West,Technology,Monitors,Monitors - Model L938,8,1566.83,0.0,12534.64,2275.83,9.6
ORD-2022-04023,06/28/2022,2022-07-01,First Class,CUST-0710,David Miller,Corporate,Rochester,Minnesota,Central,Office Supplies,Paper,Paper - Model A895,11,175.65,0.05,1835.54,757.76,21.4
ORD-2023-04024,06/17/2023,2023-06-20,Second Class,CUST-2377,Olivia Gonzalez,Corporate,Norfolk,Virginia,South,Clothing,Pants,Pants - Model P812,5,220.98,0.0,1104.9,201.13,7.85
ORD-2023-04025,01/19/2023,2023-01-24,Second Class,CUST-6941,Thomas Taylor,Consumer,Chicago,Illinois,Central,Office Supplies,Envelopes,Envelopes - Model G981,10,137.77,0.05,1308.82,512.67,26.85
ORD-2021-04026,10/31/2021,2021-10-31,Same Day,CUST-5322,Susan Robinson,Corporate,Stamford,Connecticut,East,Clothing,Shirts,Shirts - Model K729,2,23.35,0.1,42.03,11.69,115.32
ORD-2023-04027,06/27/2023,2023-07-01,Standard Class,CUST-1300,Sarah Williams,Consumer,San Diego,California,West,Clothing,Jackets,Jackets - Model A677,4,45.66,0.0,182.64,81.02,36.3
ORD-2021-04028,08/03/2021,2021-08-10,Standard Class,CUST-5359,Joseph Williams,Consumer,Springfield,Massachusetts,East,Furniture,Chairs,Chairs - Model N491,5,116.85,0.0,584.25,96.58,48.65
ORD-2022-04029,10/19/2022,2022-10-22,First Class,CUST-6156,Sophia Clark,Home Office,Stamford,Connecticut,,Technology,Monitors,Monitors - Model G606,3,835.94,0.15,,524.41,22.59
ORD-2023-04030,03/14/2023,2023-03-18,Standard Class,CUST-1564,Richard Jones,Home Office,Stamford,Connecticut,East,Technology,Phones,Phones - Model F609,1,1887.6,0.05,1793.22,232.09,15.28
ORD-2023-04031,04/11/2023,2023-04-11,Same Day,CUST-5383,Lisa Sanchez,Consumer,Aurora,Illinois,Central,Clothing,Jackets,Jackets - Model J301,6,159.88,0.25,719.46,267.78,19.28
ORD-2021-04032,12/19/2021,2021-12-24,Standard Class,CUST-5684,Ava Thomas,Consumer,Las Vegas,Nevada,West,Office Supplies,Envelopes,Envelopes - Model D828,11,81.93,0.2,720.98,313.65,29.41
ORD-2021-04033,06/15/2021,2021-06-18,Second Class,CUST-8742,Anthony Miller,Consumer,Atlanta,Georgia,South,Technology,Tablets,Tablets - Model F600,5,364.19,0.15,1547.81,233.84,6.94
ORD-2024-04034,05/16/2024,2024-05-16,Same Day,CUST-5869,Anthony Thomas,Consumer,San Antonio,Texas,Central,Technology,Tablets,Tablets - Model D546,9,2024.46,0.05,17309.13,2974.45,37.02
ORD-2022-04035,12/30/2022,2023-01-06,Standard Class,CUST-4580,Harper Smith,Consumer,New York City,New York,East,Clothing,Shoes,Shoes - Model E374,1,259.07,0.0,259.07,96.85,47.3
ORD-2022-04036,03/18/2022,2022-03-24,Standard Class,CUST-2763,Linda Robinson,Consumer,Hartford,Connecticut,East,Furniture,Desks,Desks - Model P125,3,1078.38,0.2,2588.11,367.45,9.58
ORD-2024-04037,01/15/2024,2024-01-19,Standard Class,CUST-1363,Richard Clark,Home Office,Eugene,Oregon,West,Furniture,Bookcases,Bookcases - Model H723,8,822.36,0.2,5263.1,726.2,4.06
ORD-2023-04038,12/16/2023,2023-12-18,First Class,CUST-2448,John Lewis,Corporate,Philadelphia,Pennsylvania,East,Technology,Monitors,Monitors - Model K551,2,1216.1,0.05,2310.59,120.27,35.23
ORD-2021-04039,02/27/2021,2021-03-06,Standard Class,CUST-8884,Thomas Jones,Consumer,Mesa,Arizona,West,Furniture,Storage,Storage - Model O424,11,818.19,0.05,8550.09,1579.8,34.8
ORD-2021-04040,19-Jul-2021,2021-07-26,Standard Class,CUST-7555,Sarah Harris,Consumer,Houston,Texas,Central,Furniture,Chairs,Chairs - Model G818,7,1378.57,0.2,7719.99,1130.93,8.82
ORD-2023-04041,08/19/2023,2023-08-22,Second Class,CUST-7703,Anthony Smith,Consumer,Los Angeles,California,West,Technology,Accessories,Accessories - Model D165,4,662.14,0.0,2648.56,427.5,34.95
ORD-2023-04042,01/27/2023,2023-02-03,Standard Class,CUST-8733,Mark Martin,Consumer,Worcester,Massachusetts,East,Clothing,Pants,Pants - Model A269,11,419.45,0.2,3691.16,1460.91,4.23
ORD-2022-04043,12/23/2022,2022-12-28,Standard Class,CUST-0827,Harper Wilson,Corporate,Saint Paul,Minnesota,Central,Technology,Laptops,Laptops - Model O388,2,2101.03,0.3,2941.44,613.98,46.38
ORD-2021-04044,05/27/2021,2021-06-01,Standard Class,CUST-2741,Linda Lewis,Corporate,Pittsburgh,Pennsylvania,East,Technology,Tablets,Tablets - Model P773,11,1734.94,0.05,18130.12,986.56,30.45
ORD-2022-04045,06/24/2022,2022-06-28,Standard Class,CUST-4138,James Harris,Home Office,Mesa,Arizona,West,Furniture,Desks,Desks - Model N578,3,75.67,0.0,227.01,37.44,30.24
ORD-2021-04046,08/12/2021,2021-08-17,Standard Class,CUST-1630,Michael Gonzalez,Consumer,Spokane,Washington,West,Office Supplies,Labels,Labels - Model A729,1,132.0,0.15,112.2,42.44,5.59
ORD-2022-04047,08/04/2022,2022-08-11,Standard Class,CUST-2808,Jennifer Clark,Consumer,Sacramento,California,West,Clothing,Jackets,Jackets - Model H741,9,302.25,0.0,2720.25,1244.65,9.84
ORD-2023-04048,01/03/2023,2023-01-03,Same Day,CUST-0421,Christopher Thomas,Home Office,Orlando,Florida,South,Clothing,Jackets,Jackets - Model D471,2,236.91,0.25,355.37,116.0,95.78
ORD-2022-04049,05/13/2022,2022-05-19,Standard Class,CUST-0827,Harper Wilson,Home Office,New Haven,Connecticut,East,Office Supplies,Paper,Paper - Model G346,6,5.79,0.2,27.79,7.69,35.41
ORD-2024-04050,12/10/2024,2024-12-17,Standard Class,CUST-1300,Sarah Williams,Consumer,Reno,Nevada,West,Technology,Accessories,Accessories - Model L997,12,1277.8,0.2,12266.88,2105.73,39.56
ORD-2022-04051,02/18/2022,2022-02-23,Second Class,CUST-8355,Margaret Davis,Corporate,Atlanta,Georgia,South,Office Supplies,Envelopes,Envelopes - Model M341,11,193.8,0.05,2025.21,818.61,30.71
ORD-2023-04052,11/17/2023,2023-11-17,Same Day,CUST-9034,Lisa Miller,Consumer,San Francisco,California,West,Clothing,Shirts,Shirts - Model M222,10,257.44,0.25,1930.8,961.41,117.4
ORD-2024-04053,12/05/2024,2024-12-05,Same Day,CUST-9924,Elizabeth Thompson,Consumer,Knoxville,Tennessee,South,Technology,Tablets,Tablets - Model K491,8,1923.13,0.0,15385.04,1581.45,121.54
ORD-2022-04054,12/15/2022,2022-12-17,First Class,CUST-2380,Thomas Garcia,Home Office,Las Vegas,Nevada,West,Office Supplies,Envelopes,Envelopes - Model J670,7,165.34,0.0,1157.38,222.54,12.64
ORD-2022-04055,07/21/2022,2022-07-25,Standard Class,CUST-9456,Amelia Martin,Home Office,Jacksonville,Florida,,Clothing,Shirts,Shirts - Model B986,3,190.65,0.3,400.37,-56.3,45.21
ORD-2021-04056,04/03/2021,2021-04-04,First Class,CUST-2644,Isabella Johnson,Home Office,Portland,Oregon,West,Furniture,Chairs,Chairs - Model C329,10,227.91,0.2,1823.28,44.62,44.31
ORD-2021-04057,11/13/2021,2021-11-13,Same Day,CUST-8013,Michael Lopez,Consumer,Memphis,Tennessee,South,Furniture,Storage,Storage - Model G327,11,1356.37,0.0,14920.07,708.98,29.45
ORD-2024-04058,01/17/2024,2024-01-18,First Class,CUST-6941,Thomas Taylor,Consumer,Sacramento,California,West,,Jackets,Jackets - Model M144,1,206.49,0.3,144.54,-31.36,22.85
ORD-2021-04059,02/21/2021,2021-02-25,Standard Class,CUST-3655,Karen Clark,Corporate,Savannah,Georgia,South,Technology,Monitors,Monitors - Model F116,11,2283.99,0.2,20099.11,3906.22,49.84
ORD-2021-04060,09/29/2021,2021-10-04,STANDARD CLASS,CUST-5015,Barbara Taylor,Corporate,Austin,Texas,Central,Office Supplies,Pens,Pens - Model H554,5,12.36,0.0,61.8,14.5,14.8
ORD-2024-04061,12/09/2024,2024-12-10,First Class,CUST-4967,Sophia Rodriguez,Consumer,Sacramento,California,West,,Laptops,Laptops - Model I630,4,1914.04,0.3,5359.31,-750.39,4.38
ORD-2024-04062,07/15/2024,2024-07-19,Standard Class,CUST-0041,Betty Lewis,Consumer,Mesa,Arizona,West,Furniture,Bookcases,Bookcases - Model M173,7,299.5,0.15,1782.02,94.08,3.54
ORD-2024-04063,09/16/2024,2024-09-21,Second Class,CUST-7479,Joseph Gonzalez,Corporate,Hartford,Connecticut,East,Office Supplies,Labels,Labels - Model J441,3,154.93,0.1,418.31,93.9,9.09
ORD-2021-04064,10/26/2021,2021-10-30,Standard Class,CUST-4964,Nancy Jackson,Consumer,Hartford,Connecticut,East,Clothing,Shirts,Shirts - Model H223,11,349.61,0.25,2884.28,-1060.34,41.04
ORD-2022-04065,11/24/2022,2022-11-29,Standard Class,CUST-8013,Michael Lopez,Consumer,Atlanta,Georgia,South,Clothing,Accessories,Accessories - Model N699,6,60.26,0.25,271.17,120.72,42.51
ORD-2023-04066,11/29/2023,2023-11-30,First Class,CUST-1630,Michael Gonzalez,Consumer,Tacoma,Washington,West,Technology,Laptops,Laptops - Model A961,2,317.98,0.3,445.17,26.62,10.33
ORD-2024-04067,02/20/2024,2024-02-21,First Class,CUST-3766,Sandra Jones,Corporate,Augusta,Georgia,South,Office Supplies,Paper,Paper - Model J207,8,101.74,0.0,813.92,202.59,15.7
ORD-2021-04068,04/24/2021,2021-04-30,Standard Class,CUST-0957,Karen Martin,Consumer,Tacoma,Washington,West,Clothing,Shirts,Shirts - Model P695,2,165.49,0.1,297.88,63.62,47.34
ORD-2024-04069,12/24/2024,2024-12-30,Standard Class,CUST-2763,Linda Robinson,Consumer,Dallas,Texas,Central,,Pens,Pens - Model I909,10,82.23,0.0,822.3,158.67,9.23
ORD-2022-04070,08/20/2022,2022-08-26,Standard Class,CUST-9779,Isabella Thompson,Consumer,Tacoma,Washington,West,Technology,Monitors,Monitors - Model A114,2,1877.43,0.05,3567.12,736.32,6.7
ORD-2021-04071,03/23/2021,2021-03-27,Standard Class,CUST-6789,James Brown,Corporate,Naperville,Illinois,Central,Furniture,Chairs,Chairs - Model F379,2,1424.75,0.05,2707.03,505.19,3.5
ORD-2024-04072,12/15/2024,2024-12-19,Standard Class,CUST-4414,John Smith,Consumer,Spokane,Washington,West,Technology,Laptops,Laptops - Model I281,11,1378.4,0.3,10613.68,-381.17,37.23
ORD-2022-04073,05/09/2022,2022-05-14,Second Class,CUST-9456,Amelia Martin,Consumer,Mesa,Arizona,West,Office Supplies,Envelopes,Envelopes - Model E665,12,97.63,0.3,820.09,168.75,27.05
ORD-2021-04074,07/29/2021,2021-08-03,Standard Class,CUST-9688,Charles Moore,Consumer,Spokane,Washington,West,Technology,Monitors,Monitors - Model C574,11,1581.56,0.15,14787.59,2410.07,9.29
ORD-2023-04075,09-Jan-2023,2023-01-16,Standard Class,CUST-2332,,Corporate,Cincinnati,Ohio,Central,Furniture,Chairs,Chairs - Model F554,1,44.47,0.2,35.58,5.68,48.86
ORD-2021-04076,10/12/2021,2021-10-15,First Class,CUST-0011,Margaret Clark,Consumer,Eugene,Oregon,,Clothing,Shoes,Shoes - Model M800,3,265.1,0.25,596.48,-137.59,36.28
ORD-2024-04077,08/09/2024,2024-08-13,Standard Class,CUST-7176,Evelyn Ramirez,Home Office,Newark,New Jersey,East,Clothing,Pants,Pants - Model L270,6,499.44,0.15,2547.14,1280.33,3.41
ORD-2022-04078,05/22/2022,2022-05-22,Same Day,CUST-4469,Christopher Johnson,Consumer,Houston,Texas,Central,Office Supplies,Binders,Binders - Model C409,12,102.25,0.25,920.25,-198.16,97.4
ORD-2021-04079,05/11/2021,2021-05-11,Same Day,CUST-3131,Mary Brown,Home Office,Houston,Texas,Central,Technology,Tablets,Tablets - Model L562,3,1097.31,0.15,2798.14,308.69,43.83
ORD-2023-04080,11/20/2023,2023-11-22,First Class,CUST-0957,Karen Martin,Consumer,Eugene,Oregon,West,Technology,Monitors,Monitors - Model D934,1,1237.24,0.15,1051.65,243.24,19.02
ORD-2024-04081,08/02/2024,2024-08-02,Same Day,CUST-2741,Linda Lewis,Consumer,Richmond,Virginia,South,Technology,Phones,Phones - Model A983,4,86.55,0.0,346.2,41.32,62.41
ORD-2021-04082,05/05/2021,2021-05-08,Second Class,CUST-1388,Elizabeth Robinson,Corporate,Orlando,Florida,South,Technology,Monitors,Monitors - Model J754,3,2276.06,0.25,5121.14,-198.69,20.5
ORD-2023-04083,06/02/2023,2023-06-05,First Class,CUST-5336,Isabella Williams,Consumer,Las Vegas,Nevada,West,Office Supplies,Envelopes,Envelopes - Model B503,10,127.71,0.15,1085.53,470.62,33.18
ORD-2024-04084,04/27/2024,2024-05-03,Standard Class,CUST-9286,Christopher Miller,Consumer,Columbus,Ohio,Central,Technology,Phones,Phones - Model M923,11,305.33,0.05,3190.7,728.11,34.66
ORD-2023-04085,03/13/2023,2023-03-13,Same Day,CUST-6127,Ava Anderson,Corporate,Philadelphia,Pennsylvania,East,Office Supplies,Pens,Pens - Model F987,1,106.3,0.0,,18.17,5.4
ORD-2024-04086,06/21/2024,2024-06-22,First Class,CUST-6994,Ava Robinson,Home Office,Springfield,Massachusetts,East,Office Supplies,Labels,Labels - Model M302,12,102.74,0.25,924.66,-197.26,15.17
ORD-2024-04087,09/09/2024,2024-09-10,First Class,CUST-6131,Linda Perez,Consumer,Buffalo,New York,East,Technology,Accessories,Accessories - Model J229,7,1847.76,0.05,12287.6,,2.34
ORD-2022-04088,03/10/2022,2022-03-16,Standard Class,CUST-2225,Isabella Wilson,Consumer,Virginia Beach,Virginia,South,Furniture,Storage,Storage - Model D212,3,199.15,0.15,507.83,64.12,43.94
ORD-2021-04089,06/25/2021,2021-06-30,Standard Class,CUST-6594,Michael Brown,Corporate,Savannah,Georgia,South,Clothing,Pants,Pants - Model F814,3,302.36,0.25,680.31,-56.07,44.22
ORD-2024-04090,05/09/2024,2024-05-16,Standard Class,CUST-9644,Amelia White,Corporate,Orlando,Florida,South,Clothing,Accessories,Accessories - Model D386,9,37.15,0.0,334.35,102.61,21.65
ORD-2023-04091,03/24/2023,2023-03-31,Standard Class,CUST-2093,John Harris,Consumer,Phoenix,Arizona,West,Office Supplies,Envelopes,Envelopes - Model O493,2,48.38,0.0,96.76,28.52,13.09
ORD-2022-04092,07/15/2022,2022-07-20,Standard Class,CUST-9006,Michael Johnson,Consumer,Eugene,Oregon,West,Technology,Tablets,Tablets - Model C853,4,1528.38,0.15,5196.49,556.14,6.7
ORD-2024-04093,03/11/2024,2024-03-17,Standard Class,CUST-8904,James Hernandez,Home Office,Chicago,Illinois,Central,Clothing,Shirts,Shirts - Model M945,3,447.3,0.0,1341.9,542.3,37.73
ORD-2023-04094,11/07/2023,2023-11-13,Standard Class,CUST-0988,Charlotte Williams,Consumer,Las Vegas,Nevada,West,Office Supplies,Labels,Labels - Model G210,1,44.86,0.1,40.37,8.41,30.55
ORD-2022-04095,12/18/2022,2022-12-23,Second Class,CUST-1780,David Wilson,Home Office,Knoxville,Tennessee,South,Clothing,Accessories,Accessories - Model C248,8,261.18,0.3,1462.61,635.2,2.02
ORD-2021-04096,05/19/2021,2021-05-19,Same Day,CUST-0561,James Perez,Consumer,Columbus,Ohio,Central,Office Supplies,Pens,Pens - Model E126,6,36.33,0.0,217.98,84.33,9.49
ORD-2022-04097,11/22/2022,2022-11-28,Standard Class,CUST-1300,Sarah Williams,Corporate,Trenton,New Jersey,East,Technology,Phones,Phones - Model G547,1,2056.98,0.1,1851.28,395.37,16.14
ORD-2022-04098,06/14/2022,2022-06-18,Second Class,CUST-4248,Sophia Williams,Consumer,Salem,Oregon,West,Technology,Tablets,Tablets - Model K569,7,1479.93,0.0,10359.51,1688.59,9.5
ORD-2024-04099,02/25/2024,2024-02-29,Second Class,CUST-5792,Jessica Garcia,Corporate,Jacksonville,Florida,South,Office Supplies,Labels,Labels - Model B460,4,11.05,0.1,39.78,15.06,38.94
ORD-2021-04100,06/27/2021,2021-06-27,Same Day,CUST-6157,Charlotte Miller,Consumer,Charlotte,North Carolina,South,Clothing,Shirts,Shirts - Model B739,8,466.94,0.0,3735.52,1258.81,34.33
ORD-2024-04101,03/10/2024,2024-03-10,Same Day,CUST-0710,Karen Gonzalez,Consumer,Los Angeles,California,West,Technology,Monitors,Monitors - Model N808,9,2114.08,0.3,13318.7,2491.43,109.04
ORD-2024-04102,11/16/2024,2024-11-19,Second Class,CUST-1344,Lisa Williams,Home Office,Hartford,Connecticut,East,Technology,Monitors,Monitors - Model A588,4,1588.57,0.0,6354.28,977.39,48.45
ORD-2024-04103,07/04/2024,2024-07-11,Standard Class,CUST-2361,Betty White,Corporate,Las Vegas,Nevada,West,Technology,Accessories,Accessories - Model P420,5,946.62,0.0,4733.1,695.34,36.98
ORD-2023-04104,01/14/2023,2023-01-17,First Class,CUST-2649,Ava Smith,Consumer,Buffalo,New York,East,Technology,Phones,Phones - Model C929,11,515.59,0.3,3970.04,486.64,27.97
ORD-2021-04105,05/27/2021,2021-06-02,Standard Class,CUST-8341,Sarah Robinson,Consumer,Sacramento,California,West,Clothing,Shoes,Shoes - Model M209,5,475.76,0.25,1784.1,680.84,29.16
ORD-2023-04106,11/11/2023,2023-11-17,Standard Class,CUST-9779,Isabella Thompson,Corporate,Allentown,Pennsylvania,East,Office Supplies,Pens,Pens - Model B747,11,7.81,0.1,77.32,16.66,3.33
ORD-2021-04107,10/02/2021,2021-10-02,Same Day,CUST-7955,Sandra Davis,Corporate,Naperville,Illinois,Central,Office Supplies,Paper,Paper - Model G507,11,176.98,0.1,1752.1,202.81,74.43
ORD-2021-04108,07/04/2021,2021-07-09,Standard Class,CUST-4313,Emily Davis,Home Office,Atlanta,Georgia,South,Technology,Laptops,Laptops - Model K620,10,702.64,0.0,7026.4,1146.22,42.19
ORD-2023-04109,11/30/2023,2023-12-04,Standard Class,CUST-5322,Susan Robinson,Corporate,Ann Arbor,Michigan,Central,Clothing,Pants,Pants - Model M117,8,220.72,0.0,1765.76,459.95,49.4
ORD-2022-04110,09/25/2022,2022-10-01,Standard Class,CUST-9986,Ava Garcia,Consumer,Aurora,Illinois,Central,Office Supplies,Paper,Paper - Model D830,9,124.39,0.3,783.66,-141.32,44.81
ORD-2024-04111,03/25/2024,2024-04-01,Standard Class,CUST-6836,Mia Anderson,Consumer,Mesa,Arizona,West,Technology,Laptops,Laptops - Model F696,6,1901.0,0.25,8554.5,-435.47,11.21
ORD-2023-04112,02/07/2023,2023-02-14,Standard Class,CUST-6160,Mia Moore,Consumer,Mesa,Arizona,West,,Bookcases,Bookcases - Model D714,6,305.1,0.3,1281.42,96.72,13.75
ORD-2022-04113,08/06/2022,2022-08-09,First Class,CUST-3232,William Sanchez,Consumer,Jersey City,New Jersey,East,Office Supplies,Paper,Paper - Model B189,3,111.6,0.0,334.8,101.4,16.58
ORD-2024-04114,03/24/2024,2024-03-30,Standard Class,CUST-3664,Thomas Moore,Corporate,Norfolk,Virginia,South,Clothing,Pants,Pants - Model B455,7,164.07,0.0,1148.49,381.37,5.78
ORD-2021-04115,10/11/2021,2021-10-18,Standard Class,CUST-5619,Jessica Robinson,Corporate,Rochester,New York,EAST,Furniture,Tables,Tables - Model A539,10,1203.82,0.05,11436.29,1823.03,11.52
ORD-2021-04116,09/21/2021,2021-09-28,Standard Class,CUST-1630,Michael Gonzalez,Consumer,Rochester,Minnesota,Central,Office Supplies,Binders,Binders - Model D464,2,39.69,0.0,79.38,21.99,6.71
ORD-2024-04117,12/14/2024,2024-12-15,First Class,CUST-6994,Ava Robinson,Consumer,Grand Rapids,Michigan,Central,Furniture,Desks,Desks - Model L903,12,575.35,0.2,5523.36,315.18,26.62
ORD-2023-04118,10/31/2023,2023-11-02,First Class,CUST-6994,Ava Robinson,Consumer,Durham,North Carolina,South,Clothing,Jackets,Jackets - Model I807,10,277.39,0.0,2773.9,,38.31
ORD-2021-04119,01/29/2021,2021-01-30,First Class,CUST-8341,Sarah Robinson,Consumer,Naperville,Illinois,Central,Furniture,Storage,Storage - Model D406,8,174.85,0.05,1328.86,158.56,16.22
ORD-2021-04120,11/08/2021,2021-11-08,Same Day,CUST-1814,Barbara Williams,Corporate,Seattle,Washington,West,Technology,Accessories,Accessories - Model B436,6,548.82,0.2,2634.34,593.05,92.63
ORD-2023-04121,07/05/2023,2023-07-12,Standard Class,CUST-2232,Anthony Hernandez,Consumer,Boston,Massachusetts,East,Furniture,Bookcases,Bookcases - Model B726,11,402.96,0.0,4432.56,799.14,45.72
ORD-2024-04122,10/20/2024,2024-10-23,First Class,CUST-2808,Olivia Davis,Consumer,Stamford,Connecticut,East,Technology,Accessories,Accessories - Model E674,1,801.92,0.25,601.44,-70.46,36.96
ORD-2022-04123,11/24/2022,2022-11-28,Standard Class,CUST-7302,Harper Williams,Consumer,Raleigh,North Carolina,South,Office Supplies,Pens,Pens - Model B313,9,174.76,0.1,1415.56,477.71,39.33
ORD-2021-04124,12/14/2021,2021-12-16,First Class,CUST-0745,Robert Brown,Corporate,Charlotte,North Carolina,,Clothing,Pants,Pants - Model H812,2,38.51,0.0,77.02,33.49,31.91
ORD-2022-04125,12/25/2022,2022-12-29,Standard Class,CUST-7963,Christopher Anderson,Consumer,Houston,Texas,Central,Technology,Monitors,Monitors - Model C484,4,2423.07,0.3,6784.6,-265.69,8.46
ORD-2023-04126,08/06/2023,2023-08-12,Standard Class,CUST-5948,Emily Taylor,Corporate,Detroit,Michigan,Central,Office Supplies,Binders,Binders - Model M215,12,34.13,0.25,307.17,-28.17,28.14
ORD-2021-04127,10/28/2021,2021-10-30,First Class,CUST-5792,Jessica Garcia,Corporate,Phoenix,Arizona,  West  ,Furniture,Tables,Tables - Model M274,4,876.82,0.2,2805.82,417.74,39.53
ORD-2022-04128,26-Nov-2022,2022-11-28,First Class,CUST-2971,Sandra Taylor,Consumer,Virginia Beach,Virginia,South,Clothing,Shirts,Shirts - Model B501,12,415.83,0.15,4241.47,2084.21,47.43
ORD-2021-04129,10/19/2021,2021-10-20,First Class,CUST-2093,John Harris,Corporate,Philadelphia,Pennsylvania,East,Clothing,Pants,Pants - Model F729,2,96.65,0.0,193.3,59.88,15.62
ORD-2021-04130,08/15/2021,2021-08-22,Standard Class,CUST-0245,Michael Harris,Consumer,Minneapolis,Minnesota,Central,Technology,Phones,Phones - Model N134,3,1591.58,0.0,4774.74,399.98,43.72
ORD-2021-04131,10/08/2021,2021-10-14,Standard Class,CUST-2131,Matthew Smith,Corporate,Philadelphia,Pennsylvania,East,Furniture,Bookcases,Bookcases - Model A819,3,275.4,0.0,826.2,100.19,12.41
ORD-2024-04132,09/15/2024,2024-09-21,Standard Class,CUST-3232,William Sanchez,Corporate,New York City,New York,East,,Paper,Paper - Model K868,8,6.5,0.15,44.2,6.47,7.88
ORD-2022-04133,06/29/2022,2022-07-03,Standard Class,CUST-8914,Joseph Jones,Consumer,Boston,Massachusetts,East,Office Supplies,Pens,Pens - Model P861,11,83.68,0.0,920.48,318.5,15.73
ORD-2022-04134,06/29/2022,2022-07-02,First Class,CUST-2018,Robert Smith,Consumer,Las Vegas,Nevada,West,Office Supplies,Envelopes,Envelopes - Model K928,5,141.2,0.15,600.1,95.3,17.16
ORD-2023-04135,11/16/2023,2023-11-17,First Class,CUST-2086,Nancy Davis,Corporate,San Diego,California,West,Technology,Phones,Phones - Model P758,2,844.77,0.0,,350.58,31.37
ORD-2021-04136,12/14/2021,2021-12-20,Standard Class,CUST-7479,,Consumer,Allentown,Pennsylvania,East,Furniture,Desks,Desks - Model I913,6,1082.71,0.15,5521.82,561.98,22.71
ORD-2022-04137,09/08/2022,2022-09-12,Standard Class,CUST-2111,Charlotte Brown,Corporate,Miami,Florida,South,Clothing,Pants,Pants - Model M800,8,389.9,0.0,3119.2,1143.84,20.18
ORD-2024-04138,03/19/2024,2024-03-25,Standard Class,CUST-2380,Thomas Garcia,Consumer,Sacramento,California,West,Technology,Phones,Phones - Model E946,4,1809.42,0.0,7237.68,515.21,33.83
ORD-2021-04139,04/15/2021,2021-04-20,Second Class,CUST-6754,Joseph Ramirez,Consumer,Philadelphia,Pennsylvania,East,Clothing,Shoes,Shoes - Model N643,7,246.47,0.1,1552.76,689.52,8.0
ORD-2022-04140,12/30/2022,2022-12-31,First Class,CUST-3851,Charles Miller,Home Office,Dallas,Texas,Central,Office Supplies,Binders,Binders - Model M133,6,85.06,0.0,510.36,98.86,13.4
ORD-2024-04141,12/07/2024,2024-12-12,Standard Class,CUST-4313,Emily Davis,Consumer,Ann Arbor,Michigan,Central,Technology,Phones,Phones - Model N553,1,1557.72,0.0,1557.72,374.25,12.02
ORD-2021-04142,03/18/2021,2021-03-25,Standard Class,CUST-6384,Sarah Martinez,Corporate,Aurora,Illinois,Central,Office Supplies,Paper,Paper - Model J383,7,53.8,0.2,301.28,54.26,29.69
ORD-2024-04143,04/01/2024,2024-04-08,Standard Class,CUST-0745,Robert Brown,Consumer,Norfolk,Virginia,South,Office Supplies,Envelopes,Envelopes - Model H433,9,14.25,0.1,115.42,15.97,13.67
ORD-2023-04144,11/14/2023,2023-11-17,First Class,CUST-7985,William Anderson,Home Office,Newark,New Jersey,East,Furniture,Chairs,Chairs - Model K294,10,992.1,0.0,9921.0,1901.95,46.13
ORD-2024-04145,12/19/2024,2024-12-19,Same Day,CUST-1630,Michael Gonzalez,Corporate,Knoxville,Tennessee,South,Technology,Laptops,Laptops - Model H133,4,2210.44,0.05,8399.67,1230.76,98.32
ORD-2024-04146,09/24/2024,2024-09-25,First Class,CUST-3131,Mary Brown,Consumer,Los Angeles,California,West,Office Supplies,Pens,Pens - Model K998,8,15.86,0.0,126.88,21.86,7.48
ORD-2022-04147,01/13/2022,2022-01-15,First Class,CUST-9611,Amelia Rodriguez,Consumer,Nashville,Tennessee,South,Technology,Phones,Phones - Model N611,1,1198.31,0.2,958.65,215.02,20.13
ORD-2021-04148,01/14/2021,2021-01-19,Standard Class,CUST-6157,Charlotte Miller,Corporate,Charlotte,North Carolina,South,Office Supplies,Envelopes,Envelopes - Model C161,6,147.61,0.3,619.96,-165.98,35.12
ORD-2023-04149,05/19/2023,2023-05-25,Standard Class,CUST-8552,Sarah Anderson,Home Office,Virginia Beach,Virginia,South,Clothing,Shoes,Shoes - Model O724,11,471.79,0.15,4411.24,2250.09,16.44
ORD-2021-04150,09/09/2021,2021-09-15,Standard Class,CUST-0197,Sarah Johnson,Corporate,Nashville,Tennessee,South,Technology,Tablets,Tablets - Model E885,5,390.12,0.2,1560.48,284.54,30.12
ORD-2023-04151,06/02/2023,2023-06-09,Standard Class,CUST-2627,Margaret Jones,Consumer,Boston,Massachusetts,East,Technology,Accessories,Accessories - Model A367,2,1920.49,0.25,2880.74,484.1,22.35
ORD-2024-04152,12/05/2024,2024-12-09,Standard Class,CUST-8013,Michael Lopez,Consumer,Los Angeles,California,West,Office Supplies,Envelopes,Envelopes - Model P155,2,108.65,0.0,217.3,92.53,33.6
ORD-2023-04153,11/06/2023,2023-11-12,Standard Class,CUST-8217,Mia Miller,Consumer,Cleveland,Ohio,Central,Technology,Phones,Phones - Model G145,3,1983.49,0.0,5950.47,531.66,38.9
ORD-2022-04154,05/27/2022,2022-05-29,First Class,CUST-9006,Michael Johnson,Consumer,New York City,New York,East,Furniture,Bookcases,Bookcases - Model C233,2,905.83,0.15,1539.91,303.85,41.89
ORD-2024-04155,12/10/2024,2024-12-17,Standard Class,CUST-4414,John Smith,Home Office,Trenton,New Jersey,East,Clothing,Shoes,Shoes - Model N372,8,54.18,0.1,390.1,91.17,37.08
ORD-2023-04156,04/10/2023,2023-04-14,Standard Class,CUST-8326,,Consumer,Trenton,New Jersey,East,Clothing,Accessories,Accessories - Model B125,6,422.72,0.05,2409.5,504.04,32.78
ORD-2023-04157,08/24/2023,2023-08-24,Same Day,CUST-4456,Michael White,Consumer,Augusta,Georgia,South,Furniture,Chairs,Chairs - Model B729,6,947.04,0.25,4261.68,-408.94,115.4
ORD-2022-04158,01/03/2022,2022-01-04,First Class,CUST-6884,Barbara Sanchez,Corporate,Boston,Massachusetts,East,Clothing,Shirts,Shirts - Model B945,7,179.48,0.15,1067.91,439.58,12.4
ORD-2021-04159,11/03/2021,2021-11-06,First Class,CUST-4944,Olivia Martin,Consumer,Spokane,Washington,West,Clothing,Shirts,Shirts - Model K253,1,363.94,0.1,327.55,120.78,8.8
ORD-2022-04160,12/11/2022,2022-12-17,Standard Class,CUST-1060,Lisa Moore,Corporate,Rochester,Minnesota,Central,Office Supplies,Paper,Paper - Model J953,9,173.88,0.25,1173.69,480.47,40.4
ORD-2024-04161,05/04/2024,2024-05-10,Standard Class,CUST-3708,Sandra Perez,Consumer,Reno,Nevada,West,Technology,Accessories,Accessories - Model D632,8,178.91,0.0,1431.28,352.21,21.84
ORD-2021-04162,11/21/2021,2021-11-28,Standard Class,CUST-1661,John Johnson,Consumer,Stamford,Connecticut,East,Clothing,Pants,Pants - Model K707,9,412.56,0.2,2970.43,1091.56,10.49
ORD-2021-04163,07/26/2021,2021-08-01,Standard Class,CUST-4248,Sophia Williams,Consumer,Memphis,Tennessee,South,Office Supplies,Binders,Binders - Model B196,11,183.86,0.1,1820.21,295.84,44.42
ORD-2023-04164,08/03/2023,2023-08-07,Standard Class,CUST-5447,Michael Lewis,Consumer,San Diego,California,West,Furniture,Chairs,Chairs - Model A398,6,355.69,0.0,2134.14,339.29,10.19
ORD-2024-04165,12/02/2024,2024-12-06,Standard Class,CUST-6986,Sandra Martin,Consumer,Ann Arbor,Michigan,Central,Office Supplies,Paper,Paper - Model I522,10,139.51,0.25,1046.32,-139.79,8.91
ORD-2021-04166,08/17/2021,2021-08-22,Second Class,CUST-2883,Mary Johnson,Consumer,Portland,Oregon,West,Furniture,Tables,Tables - Model G156,7,565.08,0.25,2966.67,-258.65,8.29
ORD-2021-04167,11/12/2021,2021-11-17,Second Class,CUST-4248,,Home Office,Hartford,Connecticut,East,Technology,Phones,Phones - Model F646,1,1400.07,0.15,1190.06,223.96,23.74
ORD-2024-04168,08/24/2024,2024-08-27,Second Class,CUST-6437,Linda White,Corporate,Philadelphia,Pennsylvania,East,Clothing,Accessories,Accessories - Model H471,5,26.51,0.0,132.55,55.81,32.84
ORD-2022-04169,12/05/2022,2022-12-08,First Class,CUST-8490,Joseph Anderson,Corporate,Philadelphia,Pennsylvania,East,Office Supplies,Paper,Paper - Model C442,8,137.42,0.25,824.52,-295.8,35.74
ORD-2024-04170,09/26/2024,2024-10-01,Standard Class,CUST-7555,Sarah Harris,Corporate,Savannah,Georgia,South,Office Supplies,Binders,Binders - Model C232,4,64.59,0.1,232.52,65.49,14.75
ORD-2021-04171,05/05/2021,2021-05-05,Same Day,CUST-0064,Mia Davis,Corporate,Las Vegas,Nevada,West,Office Supplies,Pens,Pens - Model P750,10,94.73,0.25,710.48,-55.8,85.29
ORD-2024-04172,06/09/2024,2024-06-12,First Class,CUST-5494,Sandra Gonzalez,Consumer,Springfield,Massachusetts,East,Furniture,Storage,Storage - Model B568,5,345.16,0.15,1466.93,231.59,32.97
ORD-2021-04173,12/19/2021,2021-12-21,First Class,CUST-0549,Joseph Smith,Home Office,Raleigh,North Carolina,South,Clothing,Shoes,Shoes - Model H858,4,225.04,0.0,,152.48,49.59
ORD-2023-04174,06/19/2023,2023-06-26,Standard Class,CUST-0710,David Miller,Home Office,Ann Arbor,Michigan,Central,Office Supplies,Envelopes,Envelopes - Model A476,11,96.35,0.0,1059.85,235.63,44.54
ORD-2024-04175,11/19/2024,2024-11-22,First Class,CUST-1564,Richard Jones,Consumer,Salem,Oregon,West,Furniture,Desks,Desks - Model C569,1,967.76,0.1,870.98,161.43,46.4
ORD-2022-04176,12/25/2022,2022-12-25,Same Day,CUST-4414,John Smith,Corporate,Grand Rapids,Michigan,Central,Furniture,Desks,Desks - Model J294,3,1143.8,0.0,3431.4,408.84,58.45
ORD-2021-04177,12/16/2021,2021-12-20,Standard Class,CUST-6156,Sophia Clark,Consumer,Dallas,Texas,Central,Office Supplies,Paper,Paper - Model A112,5,72.35,0.1,325.57,65.47,20.87
ORD-2022-04178,01/14/2022,2022-01-21,Standard Class,CUST-1463,Richard Gonzalez,Home Office,Nashville,Tennessee,South,Furniture,Desks,Desks - Model H302,5,717.46,0.0,3587.3,512.79,14.75
ORD-2023-04179,12/27/2023,2023-12-27,Same Day,CUST-0708,Margaret Lopez,Consumer,Raleigh,North Carolina,South,Furniture,Desks,Desks - Model L684,10,481.79,0.3,3372.53,-206.69,64.54
ORD-2024-04180,03/28/2024,2024-03-28,Same Day,CUST-0941,Christopher Robinson,Corporate,Worcester,Massachusetts,East,Clothing,Shirts,Shirts - Model B532,3,117.69,0.0,353.07,108.64,30.56
ORD-2021-04181,08/10/2021,2021-08-14,Second Class,CUST-6974,David Jones,Home Office,Cleveland,Ohio,Central,Clothing,Jackets,Jackets - Model M814,7,15.51,0.0,108.57,37.74,33.06
ORD-2022-04182,07/27/2022,2022-08-01,Standard Class,CUST-3316,Margaret Thompson,Consumer,Jacksonville,Florida,South,Furniture,Desks,Desks - Model K944,8,1213.81,0.1,8739.43,1733.0,16.33
ORD-2024-04183,02/15/2024,2024-02-19,Second Class,CUST-5792,Jessica Garcia,Consumer,Trenton,New Jersey,East,Office Supplies,Envelopes,Envelopes - Model L378,10,60.59,0.15,515.02,143.84,16.74
ORD-2024-04184,11/06/2024,2024-11-11,Second Class,CUST-1564,Richard Jones,Consumer,Columbus,Ohio,Central,Clothing,Shoes,Shoes - Model C176,7,354.27,0.15,2107.91,320.82,45.16
ORD-2023-04185,12/06/2023,2023-12-10,Second Class,CUST-9484,Matthew Rodriguez,Corporate,Raleigh,North Carolina,South,Office Supplies,Labels,Labels - Model A161,5,146.61,0.2,586.44,251.04,48.28
ORD-2021-04186,03/31/2021,2021-04-04,Standard Class,CUST-2018,Robert Smith,Home Office,Las Vegas,Nevada,West,Furniture,Desks,Desks - Model E896,8,425.49,0.25,2552.94,-262.57,9.88
ORD-2021-04187,05/11/2021,2021-05-14,Second Class,CUST-4933,Nancy Lopez,Consumer,Salem,Oregon,West,Office Supplies,Binders,Binders - Model B379,4,8.76,0.2,28.03,3.37,8.68
ORD-2023-04188,04/29/2023,2023-05-03,Second Class,CUST-5462,Joseph Davis,Consumer,Stamford,Connecticut,East,Office Supplies,Labels,Labels - Model K568,7,192.62,0.15,1146.09,121.56,48.23
ORD-2022-04189,10/22/2022,2022-10-27,Standard Class,CUST-1816,Karen Davis,Corporate,Trenton,New Jersey,East,Technology,Monitors,Monitors - Model D736,5,150.01,0.1,675.04,101.36,42.39
ORD-2023-04190,04/28/2023,2023-04-28,Same Day,CUST-1564,Richard Jones,Corporate,Mesa,Arizona,West,Office Supplies,Labels,Labels - Model G151,8,78.31,0.3,438.54,64.85,113.49
ORD-2022-04191,05/30/2022,2022-06-03,Second Class,CUST-5447,Michael Lewis,Consumer,Columbus,Ohio,Central,Furniture,Storage,Storage - Model J729,7,256.38,0.25,1345.99,90.42,35.16
ORD-2024-04192,02/21/2024,2024-02-27,Standard Class,CUST-2131,Matthew Smith,Corporate,Los Angeles,California,West,Furniture,Desks,Desks - Model K863,1,436.48,0.0,436.48,37.92,36.63
ORD-2021-04193,08/15/2021,2021-08-19,Standard Class,CUST-3348,Mark Williams,Home Office,Mesa,Arizona,West,Technology,Phones,Phones - Model I190,3,2390.4,0.3,5019.84,1197.58,21.73
ORD-2021-04194,04/01/2021,2021-04-06,Standard Class,CUST-7555,Sarah Harris,Consumer,Spokane,Washington,West,Technology,Phones,Phones - Model K444,3,1017.07,0.25,2288.41,178.36,8.52
ORD-2021-04195,12/24/2021,2021-12-31,Standard Class,CUST-8252,Thomas White,Consumer,Stamford,Connecticut,East,Technology,Laptops,Laptops - Model O212,9,2170.79,0.05,18560.25,3818.88,40.05
ORD-2021-04196,12/23/2021,2021-12-26,First Class,CUST-4919,Emily Sanchez,Home Office,Portland,Oregon,West,Technology,Monitors,Monitors - Model G383,12,824.81,0.2,7918.18,1901.71,15.62
ORD-2022-04197,09/05/2022,2022-09-08,Second Class,CUST-3348,Mark Williams,Corporate,Pittsburgh,Pennsylvania,East,Technology,Accessories,Accessories - Model I498,7,1012.8,0.05,6735.12,584.91,22.66
ORD-2024-04198,09/27/2024,2024-10-02,Standard Class,CUST-1910,Sarah Thompson,Consumer,Reno,Nevada,West,Office Supplies,Labels,Labels - Model K188,7,87.19,0.0,610.33,261.06,22.45
ORD-2022-04199,12/05/2022,2022-12-09,Standard Class,CUST-9644,Amelia White,Consumer,Jersey City,New Jersey,East,,Accessories,Accessories - Model G891,4,344.44,0.1,1239.98,106.09,34.13
ORD-2022-04200,09/23/2022,2022-09-29,Standard Class,CUST-7555,Sarah Harris,Consumer,Philadelphia,Pennsylvania,East,Office Supplies,Paper,Paper - Model F596,5,181.95,0.0,909.75,379.4,38.69
ORD-2022-04201,05/28/2022,2022-06-02,Second Class,CUST-1483,Michael Perez,Home Office,Rochester,Minnesota,Central,Clothing,Accessories,Accessories - Model A760,5,327.94,0.2,1311.76,686.43,42.92
ORD-2023-04202,11/13/2023,2023-11-16,Second Class,CUST-8884,Thomas Jones,Corporate,Pittsburgh,Pennsylvania,East,Office Supplies,Binders,Binders - Model K989,9,3.42,0.0,30.78,13.09,3.23
ORD-2022-04203,04/10/2022,2022-04-17,Standard Class,CUST-3655,Karen Clark,Corporate,Ann Arbor,Michigan,Central,Furniture,Chairs,Chairs - Model C587,8,1314.22,0.3,7359.63,-818.27,43.53
ORD-2022-04204,10/18/2022,2022-10-22,Standard Class,CUST-5322,Susan Robinson,Corporate,Aurora,Illinois,Central,Technology,Laptops,Laptops - Model C408,10,505.66,0.0,5056.6,1058.33,26.63
ORD-2022-04205,01/21/2022,2022-01-24,Second Class,CUST-8591,Christopher Gonzalez,Consumer,Pittsburgh,Pennsylvania,East,,Labels,Labels - Model G157,11,87.17,0.0,,385.62,15.08
ORD-2023-04206,11/07/2023,2023-11-10,First Class,CUST-0245,Michael Harris,Consumer,Allentown,Pennsylvania,East,Technology,Monitors,Monitors - Model P246,8,715.39,0.05,5436.96,522.5,5.97
ORD-2022-04207,12/07/2022,2022-12-14,Standard Class,CUST-6754,Joseph Ramirez,Consumer,Miami,Florida,,Office Supplies,Pens,Pens - Model J708,11,16.93,0.25,139.67,40.86,28.61
ORD-2022-04208,12/02/2022,2022-12-06,Standard Class,CUST-3779,John Thompson,Consumer,Detroit,Michigan,Central,Technology,Laptops,Laptops - Model G561,4,1455.95,0.0,5823.8,1129.62,19.66
ORD-2024-04209,11/20/2024,2024-11-25,Standard Class,CUST-3673,Richard Miller,Consumer,Tucson,Arizona,West,Technology,Tablets,Tablets - Model I259,6,1967.63,0.0,11805.78,1714.58,3.13
ORD-2021-04210,09/22/2021,2021-09-27,Second Class,CUST-0867,Robert Ramirez,Home Office,Reno,Nevada,West,Clothing,Jackets,Jackets - Model A148,11,110.22,0.0,1212.42,634.21,19.91
ORD-2022-04211,08/04/2022,2022-08-08,Standard Class,CUST-4248,Joseph Jackson,Consumer,Tacoma,Washington,West,Furniture,Tables,Tables - Model K302,1,247.04,0.15,209.98,16.92,18.73
ORD-2021-04212,11/16/2021,2021-11-19,Second Class,CUST-2808,Jennifer Clark,Home Office,Tampa,Florida,South,Technology,Monitors,Monitors - Model K143,11,1235.99,0.25,10196.92,-2030.47,4.38
ORD-2024-04213,02/17/2024,2024-02-20,Second Class,CUST-0710,David Miller,Corporate,Springfield,Massachusetts,East,Furniture,Storage,Storage - Model D203,12,1487.49,0.0,17849.88,3225.78,13.11
ORD-2021-04214,02/14/2021,2021-02-17,First Class,CUST-4138,James Harris,Consumer,Worcester,Massachusetts,East,Technology,Accessories,Accessories - Model E910,12,1280.68,0.25,11526.12,1967.66,42.21
ORD-2023-04215,05/30/2023,2023-06-04,Standard Class,CUST-2233,John Anderson,Consumer,New York City,New York,east,Technology,Tablets,Tablets - Model I977,7,55.1,0.25,,71.43,44.26
ORD-2022-04216,06/02/2022,2022-06-07,Standard Class,CUST-7085,Richard Thompson,Consumer,Houston,Texas,Central,Office Supplies,Labels,Labels - Model P642,1,66.98,0.0,66.98,9.19,46.34
ORD-2022-04217,07/24/2022,2022-07-30,Standard Class,CUST-1032,Robert Sanchez,Consumer,Reno,Nevada,West,Technology,Phones,Phones - Model P421,4,2365.28,0.05,8988.06,1086.39,34.59
ORD-2022-04218,08/25/2022,2022-08-31,Standard Class,CUST-3952,Michael Ramirez,Corporate,Pittsburgh,Pennsylvania,East,Furniture,Storage,Storage - Model F493,5,299.79,0.0,1498.95,102.53,26.77
ORD-2024-04219,06/24/2024,2024-06-27,First Class,CUST-2377,Olivia Gonzalez,Corporate,Norfolk,Virginia,South,,Pants,Pants - Model H764,1,51.04,0.2,40.83,8.07,10.57
ORD-2023-04220,08/20/2023,2023-08-26,Standard Class,CUST-0702,Matthew Martin,Consumer,Boston,Massachusetts,East,Technology,Accessories,Accessories - Model E311,3,1946.86,0.0,5840.58,,7.37
ORD-2022-04221,07/26/2022,2022-07-26,Same Day,CUST-1388,Elizabeth Robinson,Home Office,Los Angeles,California,West,Office Supplies,Envelopes,Envelopes - Model B963,2,56.51,0.0,113.02,17.08,58.14
ORD-2024-04222,12/27/2024,2025-01-02,Standard Class,CUST-0076,,Corporate,Orlando,Florida,,Furniture,Storage,Storage - Model H231,5,278.55,0.0,1392.75,38.19,17.88
ORD-2021-04223,12/17/2021,2021-12-24,Standard Class,CUST-2086,Nancy Davis,Corporate,Springfield,Massachusetts,East,Clothing,Pants,Pants - Model H828,4,485.6,0.05,1845.28,393.28,21.95
ORD-2022-04224,11/07/2022,2022-11-10,Second Class,CUST-9977,Linda Anderson,Consumer,Portland,Oregon,West,Furniture,Storage,Storage - Model O578,3,930.92,0.2,2234.21,94.43,38.59
ORD-2023-04225,05/12/2023,2023-05-19,Standard Class,CUST-3673,Richard Miller,Corporate,New Haven,Connecticut,East,Furniture,Chairs,Chairs - Model P964,11,891.68,0.15,8337.21,1258.84,42.86
ORD-2021-04226,05/02/2021,2021-05-07,Standard Class,CUST-7703,Anthony Smith,Consumer,Grand Rapids,Michigan,Central,Technology,Tablets,Tablets - Model G876,1,522.01,0.2,417.61,36.77,7.39
ORD-2022-04227,07/24/2022,2022-07-29,Standard Class,CUST-5322,Susan Robinson,Home Office,Raleigh,North Carolina,South,Furniture,Bookcases,Bookcases - Model E457,10,1279.46,0.25,9595.95,,43.67
ORD-2024-04228,12/14/2024,2024-12-16,First Class,CUST-1910,Sarah Thompson,Home Office,Jersey City,New Jersey,East,Technology,Monitors,Monitors - Model D438,8,1836.38,0.15,12487.38,1314.98,7.02
ORD-2023-04229,07/20/2023,2023-07-25,Standard Class,CUST-8252,Thomas White,Corporate,Minneapolis,Minnesota,Central,Furniture,Chairs,Chairs - Model O639,9,651.33,0.0,5861.97,1165.83,13.94
ORD-2022-04230,10/30/2022,2022-11-06,Standard Class,CUST-3215,Michael Davis,Corporate,Tacoma,Washington,West,Clothing,Pants,Pants - Model F435,10,460.69,0.2,3685.52,629.05,29.69
ORD-2024-04231,12/21/2024,2024-12-26,Standard Class,CUST-1564,Richard Jones,Consumer,Trenton,New Jersey,East,,Tables,Tables - Model B887,2,905.89,0.0,1811.78,237.9,19.54
ORD-2023-04232,06/19/2023,2023-06-22,First Class,CUST-2225,Isabella Wilson,Corporate,Jersey City,New Jersey,East,Office Supplies,Paper,Paper - Model L355,11,186.07,0.2,1637.42,236.1,13.46
ORD-2024-04233,12/05/2024,2024-12-05,Same Day,CUST-9688,Charles Moore,Consumer,New Haven,Connecticut,East,Office Supplies,Labels,Labels - Model N356,7,74.26,0.0,519.82,199.74,13.03
ORD-2023-04234,09/19/2023,2023-09-19,Same Day,CUST-2233,John Anderson,Corporate,New Haven,Connecticut,East,Clothing,Accessories,Accessories - Model G104,12,226.24,0.0,2714.88,1354.48,38.74
ORD-2023-04235,04/19/2023,2023-04-21,First Class,CUST-7137,Thomas Gonzalez,Corporate,Las Vegas,Nevada,West,Technology,Laptops,Laptops - Model A438,3,59.29,0.1,160.08,30.73,47.82
ORD-2024-04236,02/28/2024,2024-02-28,Same Day,CUST-0245,Michael Harris,Corporate,Ann Arbor,Michigan,Central,Furniture,Desks,Desks - Model J622,10,186.91,0.0,1869.1,328.44,99.41
ORD-2021-04237,06/28/2021,2021-07-02,Standard Class,CUST-8993,Margaret Wilson,Corporate,Tampa,Florida,South,Furniture,Storage,Storage - Model G337,10,1042.69,0.25,7820.18,159.09,31.44
ORD-2023-04238,11/26/2023,2023-12-03,Standard Class,CUST-8511,Mia Jones,Home Office,Reno,Nevada,West,Furniture,Tables,Tables - Model P449,3,495.94,0.2,1190.26,209.66,28.13
ORD-2023-04239,08/24/2023,2023-08-24,Same Day,CUST-0811,Jessica Rodriguez,Consumer,Reno,Nevada,West,Furniture,Desks,Desks - Model J233,2,1414.03,0.0,2828.06,445.73,77.44
ORD-2021-04240,09/01/2021,2021-09-06,  Second Class  ,CUST-2332,Sandra Ramirez,Corporate,Norfolk,Virginia,South,Furniture,Desks,Desks - Model J768,6,1229.45,0.0,7376.7,,12.13
ORD-2023-04241,08/10/2023,2023-08-15,Second Class,CUST-8467,Olivia Wilson,Home Office,Cincinnati,Ohio,Central,Office Supplies,Paper,Paper - Model C827,5,24.3,0.0,121.5,15.49,28.51
ORD-2023-04242,12/31/2023,2024-01-01,First Class,CUST-8467,Olivia Wilson,Consumer,Buffalo,New York,East,Furniture,Bookcases,Bookcases - Model G706,3,1308.93,0.2,3141.43,303.51,30.26
ORD-2024-04243,11/05/2024,2024-11-10,Second Class,CUST-6157,Charlotte Miller,Consumer,San Antonio,Texas,Central,Clothing,Pants,Pants - Model D893,3,378.24,0.15,,463.62,31.87
ORD-2023-04244,12/12/2023,2023-12-16,Standard Class,CUST-3369,Christopher Clark,Consumer,Grand Rapids,Michigan,Central,Clothing,Shoes,Shoes - Model I848,2,213.45,0.0,426.9,222.0,13.48
ORD-2021-04245,07/04/2021,2021-07-08,Second Class,CUST-2406,Christopher Wilson,Consumer,Durham,North Carolina,South,Clothing,Shirts,Shirts - Model F653,11,468.2,0.1,4635.18,786.43,26.98
ORD-2024-04246,02/11/2024,2024-02-13,First Class,CUST-8945,Robert Lewis,Corporate,Ann Arbor,Michigan,Central,Clothing,Shirts,Shirts - Model O134,5,492.15,0.0,2460.75,1004.42,33.9
ORD-2023-04247,09/15/2023,2023-09-21,Standard Class,CUST-9300,Joseph Taylor,Corporate,Trenton,New Jersey,,Technology,Tablets,Tablets - Model B131,1,1958.21,0.1,1762.39,324.29,20.7
ORD-2024-04248,05/08/2024,2024-05-13,Standard Class,CUST-0719,,Corporate,Jersey City,New Jersey,East,Furniture,Bookcases,Bookcases - Model A526,12,900.91,0.05,10270.37,1640.75,23.28
ORD-2024-04249,04/12/2024,2024-04-18,Standard Class,CUST-8549,Mark Anderson,Corporate,San Diego,California,West,Technology,Accessories,Accessories - Model B620,9,928.13,0.1,7517.85,,36.13
ORD-2024-04250,02/21/2024,2024-02-26,Second Class,CUST-4997,Margaret Moore,Consumer,Naperville,Illinois,Central,Office Supplies,Pens,Pens - Model P242,5,86.2,0.05,409.45,45.75,11.46
ORD-2022-04251,11/27/2022,2022-12-03,Standard Class,CUST-7955,Sandra Davis,Home Office,Newark,New Jersey,East,Clothing,Shoes,Shoes - Model N826,5,251.58,0.0,1257.9,356.1,34.92
ORD-2021-04252,07/19/2021,2021-07-24,Second Class,CUST-8549,Mark Anderson,Corporate,Sacramento,California,West,Clothing,Shirts,Shirts - Model H119,12,256.4,0.0,3076.8,1272.51,26.41
ORD-2023-04253,12/24/2023,2023-12-26,First Class,CUST-3655,Karen Clark,Corporate,Columbus,Ohio,Central,Technology,Accessories,Accessories - Model C576,2,2172.04,0.3,3040.86,-440.79,48.29
ORD-2021-04254,09/03/2021,2021-09-04,First Class,CUST-4248,Joseph Jackson,Consumer,Tacoma,Washington,West,Technology,Monitors,Monitors - Model K722,5,2317.95,0.3,8112.82,,14.13
ORD-2022-04255,12/28/2022,2022-12-31,First Class,CUST-4217,Emily Moore,Consumer,Jersey City,New Jersey,East,Office Supplies,Paper,Paper - Model J161,3,38.28,0.15,97.61,24.26,47.68
ORD-2021-04256,01/10/2021,2021-01-13,First Class,CUST-5543,Isabella Hernandez,Home Office,Detroit,Michigan,,Furniture,Tables,Tables - Model J297,8,720.05,0.0,5760.4,1110.65,5.53
ORD-2022-04257,02/23/2022,2022-02-28,Second Class,CUST-6836,Mia Anderson,Consumer,Richmond,Virginia,South,Technology,Monitors,Monitors - Model P269,11,94.11,0.3,724.65,,42.22
ORD-2024-04258,11/08/2024,2024-11-12,Second Class,CUST-2488,Matthew Williams,Corporate,Augusta,Georgia,South,Clothing,Accessories,Accessories - Model H282,2,462.43,0.1,832.37,358.69,35.42
ORD-2023-04259,01/19/2023,2023-01-21,First Class,CUST-1193,Patricia Moore,Consumer,Knoxville,Tennessee,South,Clothing,Accessories,Accessories - Model P885,1,145.25,0.0,145.25,68.74,19.44
ORD-2023-04260,05/09/2023,2023-05-13,Standard Class,CUST-4919,Emily Sanchez,Consumer,Seattle,Washington,West,Office Supplies,Envelopes,Envelopes - Model I772,9,190.51,0.3,1200.21,139.89,43.74
ORD-2024-04261,05/13/2024,2024-05-18,Second Class,CUST-1463,Richard Gonzalez,Consumer,Philadelphia,Pennsylvania,East,Furniture,Tables,Tables - Model E223,11,1436.8,0.0,15804.8,708.94,43.35
ORD-2022-04262,12/19/2022,2022-12-23,Standard Class,CUST-6156,Sophia Clark,Consumer,Richmond,Virginia,South,Furniture,Tables,Tables - Model K558,2,675.56,0.0,1351.12,152.25,4.05
ORD-2022-04263,12/20/2022,2022-12-23,First Class,CUST-4566,Mary Perez,Consumer,Las Vegas,Nevada,West,Clothing,Shirts,Shirts - Model G563,9,362.15,0.1,2933.41,878.32,32.56
ORD-2023-04264,04/13/2023,2023-04-18,Second Class,CUST-6789,James Brown,Corporate,Portland,Oregon,West,Furniture,Storage,Storage - Model G290,3,1104.94,0.1,2983.34,461.78,39.4
ORD-2023-04265,12/30/2023,2024-01-06,Standard Class,CUST-8013,Michael Lopez,Consumer,Reno,Nevada,West,Furniture,Bookcases,Bookcases - Model K540,9,803.52,0.0,7231.68,1177.29,3.7
ORD-2024-04266,07/16/2024,2024-07-21,Standard Class,CUST-2233,John Anderson,Home Office,Pittsburgh,Pennsylvania,East,Office Supplies,Pens,Pens - Model A469,8,43.78,0.2,280.19,90.17,11.53
ORD-2023-04267,01/05/2023,2023-01-09,Standard Class,CUST-2984,Ava Hernandez,Corporate,Philadelphia,Pennsylvania,East,Furniture,Storage,Storage - Model I444,9,1345.65,0.0,12110.85,2326.25,38.61
ORD-2021-04268,01/15/2021,2021-01-20,Standard Class,CUST-4159,Charles Garcia,Corporate,Naperville,Illinois,Central,Clothing,Pants,Pants - Model M852,3,301.88,0.3,633.95,-106.94,13.17
ORD-2024-04269,12/14/2024,2024-12-14,Same Day,CUST-0561,James Perez,Home Office,Austin,Texas,Central,Technology,Laptops,Laptops - Model K570,7,1577.89,0.3,7731.66,966.01,77.33
ORD-2023-04270,09/04/2023,2023-09-11,Standard Class,CUST-1300,Sarah Williams,Corporate,New Haven,Connecticut,,Office Supplies,Pens,Pens - Model C646,10,74.74,0.15,635.29,114.75,41.5
ORD-2022-04271,07/29/2022,2022-08-02,Standard Class,CUST-3215,Michael Davis,Consumer,Mesa,Arizona,West,Technology,Phones,Phones - Model C159,12,952.9,0.25,8576.1,1691.6,15.5
ORD-2021-04272,12/17/2021,2021-12-22,Standard Class,CUST-4039,Sarah Perez,Corporate,Spokane,Washington,West,Furniture,Bookcases,Bookcases - Model K217,10,543.33,0.15,4618.31,688.23,19.15
ORD-2023-04273,04/15/2023,2023-04-22,Standard Class,CUST-5359,Joseph Williams,Consumer,Worcester,Massachusetts,East,Clothing,Shoes,Shoes - Model K578,1,246.98,0.1,222.28,85.08,10.26
ORD-2021-04274,04/13/2021,2021-04-18,Standard Class,CUST-0941,Christopher Robinson,Home Office,Detroit,Michigan,Central,Clothing,Shirts,Shirts - Model C254,12,223.37,0.25,2010.33,389.76,12.43
ORD-2021-04275,10/06/2021,2021-10-09,Second Class,CUST-7703,Anthony Smith,Corporate,San Francisco,California,West,Office Supplies,Paper,Paper - Model G995,4,30.86,0.0,123.44,16.34,25.47
ORD-2024-04276,07/09/2024,2024-07-12,First Class,CUST-0011,Margaret Clark,Consumer,Pittsburgh,Pennsylvania,,Clothing,Shirts,Shirts - Model B282,2,315.29,0.0,630.58,266.74,41.58
ORD-2021-04277,06/08/2021,2021-06-08,Same Day,CUST-2939,Barbara Rodriguez,Home Office,Durham,North Carolina,,Furniture,Tables,Tables - Model G748,2,687.58,0.1,1237.64,211.11,89.75
ORD-2024-04278,10/30/2024,2024-11-05,Standard Class,CUST-0708,Margaret Lopez,Consumer,San Francisco,California,West,Office Supplies,Labels,Labels - Model A913,7,18.88,0.25,99.12,-9.56,20.95
ORD-2023-04279,05/20/2023,2023-05-24,Second Class,CUST-4313,Emily Davis,Consumer,Cleveland,Ohio,Central,Clothing,Pants,Pants - Model L475,4,498.03,0.2,1593.7,440.48,36.48
ORD-2024-04280,11/03/2024,2024-11-08,Standard Class,CUST-9779,Isabella Thompson,Consumer,Boston,Massachusetts,East,Clothing,Accessories,Accessories - Model D987,4,354.88,0.0,1419.52,449.26,48.95
ORD-2022-04281,11/08/2022,2022-11-12,Standard Class,CUST-9753,,Consumer,New York City,New York,East,Technology,Accessories,Accessories - Model B981,7,1189.1,0.15,7075.14,477.36,9.58
ORD-2023-04282,01/18/2023,2023-01-25,Standard Class,CUST-1045,Karen Perez,Corporate,Las Vegas,Nevada,West,Furniture,Tables,Tables - Model C196,2,1253.6,0.3,1755.04,-235.02,24.11
ORD-2024-04283,01/20/2024,2024-01-26,Standard Class,CUST-7085,Richard Thompson,Consumer,Savannah,Georgia,South,Clothing,Jackets,Jackets - Model F788,1,278.31,0.3,194.82,-87.22,40.28
ORD-2021-04284,01/30/2021,2021-01-30,Same Day,CUST-6127,Ava Anderson,Consumer,Aurora,Illinois,Central,Office Supplies,Envelopes,Envelopes - Model L174,3,174.27,0.0,522.81,184.04,46.89
ORD-2022-04285,02/19/2022,2022-02-21,First Class,CUST-8733,Mark Martin,Corporate,Boston,Massachusetts,East,Technology,Phones,Phones - Model I979,3,90.32,0.25,203.22,13.89,6.21
ORD-2024-04286,07/06/2024,2024-07-13,Standard Class,CUST-6127,Ava Anderson,Consumer,Sacramento,California,West,Office Supplies,Pens,Pens - Model G778,3,30.93,0.05,88.15,14.62,33.94
ORD-2023-04287,10/21/2023,2023-10-25,Standard Class,CUST-6941,Thomas Taylor,Home Office,Phoenix,Arizona,West,Technology,Accessories,Accessories - Model J377,1,1047.87,0.05,995.48,224.54,8.64
ORD-2024-04288,09/19/2024,2024-09-22,Second Class,CUST-8330,Mark Moore,Corporate,Tampa,Florida,South,Clothing,Pants,Pants - Model F475,7,303.95,0.0,2127.65,674.65,31.07
ORD-2023-04289,07/18/2023,2023-07-22,Standard Class,CUST-0941,Christopher Robinson,Corporate,Dallas,Texas,Central,Technology,Phones,Phones - Model H131,1,246.56,0.15,209.58,33.61,30.19
ORD-2024-04290,05/12/2024,2024-05-17,Standard Class,CUST-9286,Christopher Miller,Home Office,Portland,Oregon,West,Office Supplies,Paper,Paper - Model K854,7,26.44,0.15,157.32,63.22,41.58
ORD-2023-04291,02/11/2023,2023-02-18,Standard Class,CUST-9300,Joseph Taylor,Consumer,Grand Rapids,Michigan,Central,Technology,Phones,Phones - Model F721,5,1637.71,0.0,8188.55,894.52,4.02
ORD-2021-04292,10/22/2021,2021-10-29,Standard Class,CUST-5049,Patricia Garcia,Corporate,Grand Rapids,Michigan,Central,Technology,Accessories,Accessories - Model I457,5,1560.77,0.15,6633.27,880.05,47.83
ORD-2023-04293,01/01/2023,2023-01-08,Standard Class,CUST-1597,Nancy Lewis,Corporate,Philadelphia,Pennsylvania,East,Furniture,Bookcases,Bookcases - Model E488,6,1351.38,0.3,5675.8,-107.54,15.87
ORD-2021-04294,05/14/2021,2021-05-19,Standard Class,CUST-4414,John Smith,Consumer,Tampa,Florida,South,Furniture,Desks,Desks - Model B291,2,480.15,0.0,960.3,102.93,6.2
ORD-2024-04295,05/02/2024,2024-05-07,Standard Class,CUST-1564,Richard Jones,Home Office,Las Vegas,Nevada,West,Furniture,Desks,Desks - Model I856,3,944.43,0.0,2833.29,519.26,7.79
ORD-2021-04296,10/25/2021,2021-10-25,Same Day,CUST-2448,John Lewis,Consumer,Houston,Texas,Central,Furniture,Desks,Desks - Model I375,5,438.84,0.15,1865.07,71.39,84.46
ORD-2023-04297,07/07/2023,2023-07-11,Standard Class,CUST-9977,Linda Anderson,Corporate,Jersey City,New Jersey,East,Clothing,Pants,Pants - Model K883,3,410.42,0.1,1108.13,302.01,13.03
ORD-2024-04298,03/16/2024,2024-03-19,First Class,CUST-0827,Harper Wilson,Corporate,Dallas,Texas,Central,Furniture,Storage,Storage - Model F894,4,387.83,0.0,1551.32,54.6,21.94
ORD-2021-04299,08/09/2021,2021-08-13,Standard Class,CUST-4965,John Moore,Consumer,Cleveland,Ohio,Central,Clothing,Pants,Pants - Model C165,4,331.36,0.3,927.81,499.1,42.34
ORD-2022-04300,11/21/2022,2022-11-24,First Class,CUST-4313,Emily Davis,Consumer,Naperville,Illinois,Central,Furniture,Storage,Storage - Model F913,10,1436.61,0.15,12211.18,2187.66,12.87
ORD-2024-04301,08/25/2024,2024-08-25,Same Day,CUST-4229,Charlotte Davis,Home Office,Ann Arbor,Michigan,Central,Office Supplies,Envelopes,Envelopes - Model O231,11,194.57,0.0,2140.27,790.12,30.78
ORD-2023-04302,02/11/2023,2023-02-15,Second Class,CUST-9611,Amelia Rodriguez,Consumer,Springfield,Massachusetts,East,Technology,Laptops,Laptops - Model H867,2,2204.68,0.15,3747.96,221.08,27.3
ORD-2021-04303,02/03/2021,2021-02-03,Same Day,CUST-5948,Emily Taylor,Consumer,Seattle,Washington,West,Furniture,Chairs,Chairs - Model D687,9,1093.85,0.1,8860.18,1349.08,61.98
ORD-2022-04304,01-Feb-2022,2022-02-06,Second Class,CUST-3673,Richard Miller,Consumer,Phoenix,Arizona,West,,Accessories,Accessories - Model F432,4,2486.5,0.0,9946.0,2177.16,33.84
ORD-2021-04305,07/16/2021,2021-07-17,First Class,CUST-0827,,Consumer,New Haven,Connecticut,East,Technology,Monitors,Monitors - Model B796,10,644.21,0.05,,1105.16,38.3
ORD-2021-04306,01/22/2021,2021-01-29,Standard Class,CUST-8945,Robert Lewis,Corporate,Virginia Beach,Virginia,South,Clothing,Pants,Pants - Model K676,11,350.84,0.2,3087.39,1691.12,5.32
ORD-2024-04307,01/19/2024,2024-01-21,First Class,CUST-9611,Amelia Rodriguez,Corporate,San Francisco,California,West,Office Supplies,Labels,Labels - Model B749,9,37.81,0.25,255.22,46.04,30.58
ORD-2023-04308,07/12/2023,2023-07-16,Second Class,CUST-5470,Harper Hernandez,Home Office,Houston,Texas,Central,Clothing,Jackets,Jackets - Model K624,7,265.32,0.3,1300.07,655.48,33.44
ORD-2023-04309,01/19/2023,2023-01-20,First Class,CUST-9484,Matthew Rodriguez,Consumer,Stamford,Connecticut,East,Office Supplies,Binders,Binders - Model G690,10,134.63,0.0,1346.3,172.31,36.29
ORD-2023-04310,10/25/2023,2023-11-01,Standard Class,CUST-5551,Patricia Williams,Consumer,Spokane,Washington,West,Clothing,Pants,Pants - Model B486,8,307.33,0.25,1843.98,-379.3,26.59
ORD-2021-04311,06/16/2021,2021-06-20,Standard Class,CUST-9635,Mia Martinez,Home Office,Trenton,New Jersey,East,Technology,Laptops,Laptops - Model A202,3,283.52,0.0,850.56,194.95,32.34
ORD-2022-04312,08/17/2022,2022-08-20,First Class,CUST-6261,Ava Ramirez,Consumer,Las Vegas,Nevada,West,Furniture,Bookcases,Bookcases - Model J147,4,364.26,0.0,1457.04,232.93,13.19
ORD-2023-04313,12/16/2023,2023-12-19,Second Class,CUST-4570,Anthony Lewis,Home Office,Jacksonville,Florida,South,Office Supplies,Paper,Paper - Model K494,4,115.08,0.15,391.27,56.14,13.35
ORD-2021-04314,01/03/2021,2021-01-03,Same Day,CUST-0551,Jessica Thomas,Consumer,Rochester,New York,East,Technology,Laptops,Laptops - Model J253,3,1379.79,0.15,3518.46,669.45,16.35
ORD-2024-04315,09/17/2024,2024-09-23,Standard Class,CUST-1201,,Consumer,New Haven,Connecticut,East,Office Supplies,Envelopes,Envelopes - Model J913,6,73.42,0.0,440.52,77.06,11.35
ORD-2022-04316,12/20/2022,2022-12-27,Standard Class,CUST-2808,Olivia Davis,Consumer,Newark,New Jersey,East,Office Supplies,Binders,Binders - Model E586,4,41.05,0.2,131.36,15.65,43.19
ORD-2021-04317,12/20/2021,2021-12-23,Second Class,CUST-0197,Sarah Johnson,Consumer,Sacramento,California,West,Clothing,Jackets,Jackets - Model A671,5,108.09,0.25,405.34,-79.78,40.7
ORD-2022-04318,09/22/2022,2022-09-26,Standard Class,CUST-4522,Betty Davis,Home Office,Pittsburgh,Pennsylvania,East,Technology,Accessories,Accessories - Model J248,1,1653.93,0.25,1240.45,-78.31,34.72
ORD-2024-04319,10/06/2024,2024-10-10,Standard Class,CUST-5383,Lisa Sanchez,Consumer,Savannah,Georgia,South,Clothing,Accessories,Accessories - Model O178,2,289.91,0.25,434.87,110.44,48.99
ORD-2022-04320,11/30/2022,2022-12-07,Standard Class,CUST-9622,Susan Perez,Consumer,Ann Arbor,Michigan,Central,Office Supplies,Pens,Pens - Model C445,5,13.81,0.0,69.05,20.22,9.15
ORD-2023-04321,12/10/2023,2023-12-13,Second Class,CUST-9986,Ava Garcia,Consumer,New Haven,Connecticut,East,Office Supplies,Envelopes,Envelopes - Model D809,5,162.71,0.15,691.52,135.16,43.04
ORD-2021-04322,08/18/2021,2021-08-23,Standard Class,CUST-4313,Emily Davis,Corporate,Tucson,Arizona,West,Clothing,Shirts,Shirts - Model L753,7,160.2,0.0,1121.4,484.6,19.03
ORD-2023-04323,04/06/2023,2023-04-09,Second Class,CUST-9544,Isabella Harris,Home Office,Jersey City,New Jersey,East,Clothing,Jackets,Jackets - Model I697,4,243.8,0.25,731.4,278.98,26.25
ORD-2023-04324,08/29/2023,2023-08-29,Same Day,CUST-2380,Thomas Garcia,Corporate,Rochester,Minnesota,Central,Clothing,Accessories,Accessories - Model P223,12,189.21,0.2,1816.42,813.81,105.22
ORD-2024-04325,02/24/2024,2024-02-28,Standard Class,CUST-1742,Emily Miller,Corporate,Allentown,Pennsylvania,East,Furniture,Bookcases,Bookcases - Model I579,8,1226.63,0.3,6869.13,203.13,36.12
ORD-2023-04326,06/11/2023,2023-06-14,Second Class,CUST-0697,Daniel Lewis,Consumer,Philadelphia,Pennsylvania,,Technology,Monitors,Monitors - Model H718,1,444.51,0.0,444.51,106.79,40.22
ORD-2022-04327,07/25/2022,2022-07-26,First Class,CUST-4933,Nancy Lopez,Corporate,Jersey City,New Jersey,East,Technology,Laptops,Laptops - Model O230,3,792.95,0.0,2378.85,262.88,41.06
ORD-2022-04328,12/05/2022,2022-12-10,Second Class,CUST-5163,Jennifer Martinez,Consumer,Aurora,Illinois,,Furniture,Chairs,Chairs - Model A508,8,865.43,0.0,6923.44,988.0,15.69
ORD-2022-04329,02/15/2022,2022-02-19,Standard Class,CUST-5948,Emily Taylor,Home Office,Newark,New Jersey,East,Technology,Accessories,Accessories - Model L715,8,1771.84,0.0,14174.72,3041.85,40.64
ORD-2024-04330,11/18/2024,2024-11-19,First Class,CUST-5088,Isabella Anderson,Home Office,Trenton,New Jersey,East,Office Supplies,Labels,Labels - Model J629,9,102.44,0.15,783.67,217.31,44.0
ORD-2021-04331,05/22/2021,2021-05-26,Standard Class,CUST-8969,Evelyn Lewis,Corporate,San Antonio,Texas,Central,Office Supplies,Paper,Paper - Model N626,10,69.31,0.2,554.48,123.37,23.25
ORD-2022-04332,01/24/2022,2022-01-31,Standard Class,CUST-5988,Amelia Moore,Consumer,Jersey City,New Jersey,East,Furniture,Storage,Storage - Model M521,8,718.22,0.0,5745.76,294.57,48.8
ORD-2024-04333,12/15/2024,2024-12-17,First Class,CUST-6131,Linda Perez,Corporate,Rochester,Minnesota,Central,Office Supplies,Envelopes,Envelopes - Model F155,6,180.76,0.0,1084.56,333.76,37.17
ORD-2023-04334,08/08/2023,2023-08-15,Standard Class,CUST-8725,Sarah Jones,Corporate,Phoenix,Arizona,West,Office Supplies,Binders,Binders - Model D211,3,58.83,0.0,176.49,55.42,36.43
ORD-2024-04335,01/17/2024,2024-01-23,Standard Class,CUST-4159,Charles Garcia,Corporate,Columbus,Ohio,CENTRAL,Office Supplies,Paper,Paper - Model D628,6,46.98,0.2,225.5,42.31,12.96
ORD-2023-04336,03/18/2023,2023-03-24,Standard Class,CUST-4919,Emily Sanchez,Consumer,Saint Paul,Minnesota,Central,Technology,Phones,Phones - Model O427,11,1437.56,0.2,12650.53,693.61,27.78
ORD-2023-04337,05/04/2023,2023-05-09,Standard Class,CUST-7033,,Corporate,San Diego,California,West,Furniture,Desks,Desks - Model H583,6,158.47,0.0,950.82,86.53,5.16
ORD-2024-04338,08/10/2024,2024-08-14,Second Class,CUST-9169,,Home Office,Columbus,Ohio,Central,Technology,Phones,Phones - Model P399,7,1986.03,0.15,11816.88,904.53,26.97
ORD-2022-04339,09/05/2022,2022-09-05,Same Day,CUST-5684,Ava Thomas,Consumer,Richmond,Virginia,South,Furniture,Desks,Desks - Model K517,10,1489.64,0.1,13406.76,299.07,32.05
ORD-2024-04340,11/16/2024,2024-11-22,Standard Class,CUST-8156,Anthony Perez,Home Office,Virginia Beach,Virginia,South,Office Supplies,Binders,Binders - Model E656,3,61.65,0.25,138.71,28.1,11.1
ORD-2022-04341,04/04/2022,2022-04-09,Second Class,CUST-5015,Barbara Taylor,Home Office,Austin,Texas,Central,Technology,Phones,Phones - Model I824,1,971.69,0.1,874.52,175.28,4.52
ORD-2024-04342,12/23/2024,2024-12-26,Second Class,CUST-1816,Karen Davis,Consumer,Naperville,Illinois,Central,Technology,Phones,Phones - Model D971,7,1731.68,0.0,,2615.68,10.97
ORD-2024-04343,11/16/2024,2024-11-21,Second Class,CUST-9456,Amelia Martin,Consumer,Rochester,New York,East,Furniture,Storage,Storage - Model O109,12,1125.13,0.25,10126.17,1560.31,3.82
ORD-2022-04344,09/05/2022,2022-09-10,Standard Class,CUST-1564,Richard Jones,Consumer,Virginia Beach,Virginia,South,Clothing,Jackets,Jackets - Model F471,5,247.36,0.0,1236.8,403.45,27.95
ORD-2023-04345,01/16/2023,2023-01-19,Second Class,CUST-2808,Jennifer Clark,Corporate,Las Vegas,Nevada,West,Technology,Laptops,Laptops - Model A663,7,1587.8,0.15,9447.41,1795.34,17.38
ORD-2024-04346,04/07/2024,2024-04-13,Standard Class,CUST-0811,Jessica Rodriguez,Consumer,Houston,Texas,Central,Clothing,Pants,Pants - Model I364,2,166.06,0.05,315.51,167.37,40.41
ORD-2024-04347,11/22/2024,2024-11-22,Same Day,CUST-2131,Matthew Smith,Corporate,Los Angeles,California,West,furniture,Bookcases,Bookcases - Model A712,2,751.62,0.0,1503.24,,116.69
ORD-2022-04348,12/29/2022,2022-12-29,Same Day,CUST-3779,John Thompson,Home Office,Ann Arbor,Michigan,Central,Office Supplies,Binders,Binders - Model D133,1,164.17,0.0,164.17,62.04,124.81
ORD-2023-04349,05/18/2023,2023-05-18,Same Day,CUST-8330,Mark Moore,Consumer,Seattle,Washington,West,Office Supplies,Paper,Paper - Model G795,5,8.51,0.0,42.55,5.52,61.28
ORD-2022-04350,09/27/2022,2022-10-04,Standard Class,CUST-7955,Sandra Davis,Consumer,Phoenix,Arizona,West,Furniture,Bookcases,Bookcases - Model C980,3,402.65,0.05,,69.17,23.58
ORD-2022-04351,09/24/2022,2022-09-24,Same Day,CUST-4229,Charlotte Davis,Consumer,Worcester,Massachusetts,East,Office Supplies,Envelopes,Envelopes - Model B554,3,171.77,0.1,463.78,,122.79
ORD-2024-04352,06/27/2024,2024-07-01,Standard Class,CUST-7994,Sandra Lopez,Corporate,Worcester,Massachusetts,East,Office Supplies,Paper,Paper - Model M595,3,103.04,0.05,293.66,69.31,27.08
ORD-2022-04353,11/22/2022,2022-11-25,First Class,CUST-8858,Patricia Davis,Home Office,Springfield,Massachusetts,East,Clothing,Shoes,Shoes - Model A241,9,252.62,0.3,1591.51,727.59,38.68
ORD-2021-04354,12/22/2021,2021-12-22,Same Day,CUST-1597,Nancy Lewis,Consumer,Seattle,Washington,West,Technology,Laptops,Laptops - Model H163,7,1593.39,0.15,9480.67,2107.47,28.71
ORD-2021-04355,08/04/2021,2021-08-11,Standard Class,CUST-5869,Anthony Thomas,Corporate,Ann Arbor,Michigan,Central,Office Supplies,Envelopes,Envelopes - Model D411,4,132.51,0.15,450.53,59.39,42.8
ORD-2023-04356,12/05/2023,2023-12-12,Standard Class,CUST-3655,Karen Clark,Consumer,Tacoma,Washington,,Furniture,Chairs,Chairs - Model H332,12,1166.26,0.2,11196.1,423.12,47.68
ORD-2022-04357,08/17/2022,2022-08-21,Standard Class,CUST-2380,Thomas Garcia,Home Office,New Haven,Connecticut,East,Office Supplies,Envelopes,Envelopes - Model H817,1,193.14,0.05,183.48,34.84,48.37
ORD-2023-04358,12/19/2023,2023-12-23,standard class,CUST-3952,Michael Ramirez,Corporate,Naperville,Illinois,Central,Furniture,Bookcases,Bookcases - Model K472,11,1457.62,0.0,16033.82,1487.98,19.6
ORD-2021-04359,04/21/2021,2021-04-27,Standard Class,CUST-9986,Ava Garcia,Consumer,Spokane,Washington,West,Office Supplies,Pens,Pens - Model O188,6,117.4,0.2,563.52,192.37,30.88
ORD-2022-04360,08/21/2022,2022-08-25,Standard Class,CUST-3662,Patricia Ramirez,Consumer,Sacramento,California,West,Clothing,Shirts,Shirts - Model I914,8,62.91,0.3,352.3,-79.27,22.13
ORD-2021-04361,04/13/2021,2021-04-15,First Class,CUST-6789,James Brown,Corporate,Seattle,Washington,West,Clothing,Accessories,Accessories - Model H430,2,373.64,0.0,747.28,152.05,38.19
ORD-2022-04362,01/25/2022,2022-01-30,Standard Class,CUST-7358,David Lee,Corporate,Spokane,Washington,West,Technology,Accessories,Accessories - Model L632,11,396.64,0.3,3054.13,292.83,2.31
ORD-2022-04363,07/06/2022,2022-07-13,Standard Class,CUST-1742,Emily Miller,Home Office,Reno,Nevada,West,Technology,Tablets,Tablets - Model B809,9,1406.6,0.0,12659.4,792.51,42.41
ORD-2022-04364,02/17/2022,2022-02-20,Second Class,CUST-2018,Robert Smith,Corporate,Las Vegas,Nevada,West,,Jackets,Jackets - Model N582,11,193.25,0.2,1700.6,495.17,14.35
ORD-2021-04365,03/06/2021,2021-03-09,Second Class,CUST-4469,Christopher Johnson,Corporate,Savannah,Georgia,South,Office Supplies,Pens,Pens - Model N428,12,178.28,0.25,1604.52,179.33,39.15
ORD-2024-04366,10/05/2024,2024-10-09,Standard Class,CUST-6884,Barbara Sanchez,Home Office,Trenton,New Jersey,East,Office Supplies,Labels,Labels - Model C387,5,24.42,0.3,85.47,-18.31,19.03
ORD-2023-04367,06/23/2023,2023-06-27,Standard Class,CUST-7479,Joseph Gonzalez,Consumer,Worcester,Massachusetts,East,Furniture,Desks,Desks - Model I934,12,883.69,0.0,10604.28,228.01,41.92
ORD-2022-04368,10/14/2022,2022-10-19,Standard Class,CUST-4919,Emily Sanchez,Consumer,Tucson,Arizona,West,Technology,Accessories,Accessories - Model I613,8,755.66,0.15,5138.49,449.82,40.05
ORD-2024-04369,11/28/2024,2024-12-01,First Class,CUST-5336,Isabella Williams,Home Office,Rochester,Minnesota,Central,Office Supplies,Envelopes,Envelopes - Model G812,11,76.25,0.25,629.06,200.94,4.84
ORD-2023-04370,03/19/2023,2023-03-26,Standard Class,CUST-4945,Isabella Clark,Consumer,Seattle,Washington,west,Clothing,Jackets,Jackets - Model F605,11,464.21,0.0,5106.31,2195.85,31.59
ORD-2021-04371,11/18/2021,2021-11-22,Standard Class,CUST-2233,John Anderson,Corporate,Trenton,New Jersey,East,Clothing,Jackets,Jackets - Model K250,5,262.98,0.15,1117.66,604.95,3.54
ORD-2022-04372,08/04/2022,2022-08-05,First Class,CUST-7358,David Lee,Corporate,Buffalo,New York,East,Technology,Monitors,Monitors - Model L316,7,902.58,0.2,5054.45,727.83,25.93
ORD-2024-04373,05/22/2024,2024-05-22,Same Day,CUST-9034,Lisa Miller,Consumer,Charlotte,North Carolina,South,Office Supplies,Pens,Pens - Model D418,3,74.84,0.05,213.29,52.68,114.29
ORD-2024-04374,02/05/2024,2024-02-12,Standard Class,CUST-0551,Jessica Thomas,Consumer,New Haven,Connecticut,East,Furniture,Desks,Desks - Model I903,5,634.34,0.05,3013.12,588.53,10.36
ORD-2024-04375,09/30/2024,2024-09-30,Same Day,CUST-5988,Amelia Moore,Consumer,Las Vegas,Nevada,West,Furniture,Bookcases,Bookcases - Model H437,12,908.07,0.2,8717.47,681.9,23.56
ORD-2024-04376,03/03/2024,2024-03-05,First Class,CUST-2763,Linda Robinson,Home Office,Durham,North Carolina,South,Clothing,Shirts,Shirts - Model K519,11,318.81,0.0,3506.91,1415.15,23.05
ORD-2023-04377,01/18/2023,2023-01-22,Second Class,CUST-7302,Harper Williams,Corporate,Raleigh,North Carolina,South,Technology,Phones,Phones - Model A274,8,559.1,0.0,4472.8,437.55,8.62
ORD-2023-04378,05/10/2023,2023-05-15,Standard Class,CUST-1630,Michael Gonzalez,Home Office,Norfolk,Virginia,South,Furniture,Desks,Desks - Model B285,12,154.3,0.0,1851.6,170.49,12.1
ORD-2023-04379,05/25/2023,2023-05-29,Second Class,CUST-1446,Elizabeth Moore,Consumer,Jersey City,New Jersey,East,Furniture,Chairs,Chairs - Model L139,4,181.05,0.0,724.2,77.39,13.33
ORD-2024-04380,03/31/2024,2024-04-07,Standard Class,CUST-5336,,Home Office,Mesa,Arizona,West,Clothing,Shirts,Shirts - Model A636,7,203.31,0.1,1280.85,421.68,13.88
ORD-2024-04381,02/03/2024,2024-02-03,Same Day,CUST-9635,Mia Martinez,Consumer,Spokane,Washington,West,Office Supplies,Binders,Binders - Model P873,9,87.8,0.0,790.2,255.45,8.66
ORD-2021-04382,02/21/2021,2021-02-26,Second Class,CUST-8858,Patricia Davis,Consumer,Durham,North Carolina,South,Clothing,Shirts,Shirts - Model M176,4,245.62,0.0,982.48,187.61,34.57
ORD-2021-04383,12/07/2021,2021-12-13,Standard Class,CUST-6974,David Jones,Home Office,Pittsburgh,Pennsylvania,East,Furniture,Bookcases,Bookcases - Model C102,6,1340.51,0.05,7640.91,1075.39,35.51
ORD-2022-04384,02/21/2022,2022-02-24,Second Class,CUST-4522,Betty Davis,Corporate,Stamford,Connecticut,East,Clothing,Shoes,Shoes - Model O798,12,345.44,0.0,4145.28,1461.03,28.32
ORD-2023-04385,08/12/2023,2023-08-17,Standard Class,CUST-1814,Barbara Williams,Corporate,New Haven,Connecticut,East,Clothing,Shirts,Shirts - Model O623,10,57.8,0.25,433.5,-114.49,9.54
ORD-2022-04386,02/27/2022,2022-03-03,Second Class,CUST-6789,James Brown,Consumer,Knoxville,Tennessee,South,Technology,Accessories,Accessories - Model G639,9,1036.99,0.1,8399.62,1317.62,48.27
ORD-2023-04387,04/26/2023,2023-05-03,Standard Class,CUST-0710,David Miller,Consumer,Worcester,Massachusetts,East,Office Supplies,Paper,Paper - Model H187,3,98.0,0.25,220.5,-34.12,40.21
ORD-2024-04388,11/03/2024,2024-11-08,Second Class,CUST-3673,Richard Miller,Home Office,Orlando,Florida,South,Technology,Accessories,Accessories - Model G718,12,752.54,0.0,9030.48,1678.03,40.38
ORD-2022-04389,11/25/2022,2022-11-28,Second Class,CUST-7605,Barbara Martin,Home Office,Los Angeles,California,West,Office Supplies,Labels,Labels - Model O246,5,192.51,0.05,914.42,183.97,47.81
ORD-2021-04390,04/20/2021,2021-04-20,Same Day,CUST-1193,Patricia Moore,Consumer,Jacksonville,Florida,South,Technology,Laptops,Laptops - Model P726,7,1351.38,0.25,,1081.05,98.89
ORD-2022-04391,07/17/2022,2022-07-20,Second Class,CUST-3655,Karen Clark,Consumer,San Antonio,Texas,Central,Office Supplies,Envelopes,Envelopes - Model H578,2,5.14,0.3,7.2,2.44,23.27
ORD-2022-04392,02/20/2022,2022-02-26,Standard Class,CUST-4967,Sophia Rodriguez,Home Office,Naperville,Illinois,Central,Office Supplies,Binders,Binders - Model L315,1,195.05,0.25,146.29,-33.86,26.66
ORD-2021-04393,08/06/2021,2021-08-11,Standard Class,CUST-6156,Sophia Clark,Consumer,Durham,North Carolina,South,Clothing,Jackets,Jackets - Model D320,6,124.06,0.0,744.36,167.92,45.73
ORD-2023-04394,04/15/2023,2023-04-16,First Class,CUST-3952,Michael Ramirez,Home Office,Ann Arbor,Michigan,Central,Technology,Laptops,Laptops - Model I601,2,2313.31,0.0,4626.62,275.36,12.78
ORD-2022-04395,05/11/2022,2022-05-11,Same Day,CUST-7085,Richard Thompson,Consumer,Tucson,Arizona,West,Office Supplies,Pens,Pens - Model F597,11,192.47,0.2,1693.74,717.44,87.22
ORD-2024-04396,09/03/2024,2024-09-08,Standard Class,CUST-6131,Linda Perez,Consumer,Reno,Nevada,West,Technology,Accessories,Accessories - Model N595,2,397.56,0.05,755.36,142.5,27.53
ORD-2024-04397,02/10/2024,2024-02-12,First Class,CUST-4860,Linda Davis,Consumer,Reno,Nevada,West,Furniture,Bookcases,Bookcases - Model H747,10,561.58,0.3,3931.06,664.8,21.91
ORD-2021-04398,07/12/2021,2021-07-17,Standard Class,CUST-0827,Harper Wilson,Home Office,Miami,Florida,South,,Accessories,Accessories - Model E734,3,162.53,0.15,414.45,161.17,30.19
ORD-2023-04399,12/20/2023,2023-12-26,Standard Class,CUST-2741,Linda Lewis,Consumer,Portland,Oregon,West,Furniture,Chairs,Chairs - Model E773,5,117.41,0.05,557.7,61.46,14.01
ORD-2024-04400,09/23/2024,2024-09-27,Standard Class,CUST-8568,Isabella Jones,Corporate,Rochester,Minnesota,Central,Technology,Laptops,Laptops - Model K524,12,1404.4,0.2,13482.24,1322.36,39.7
ORD-2023-04401,10/26/2023,2023-10-30,Second Class,CUST-6941,Thomas Taylor,Home Office,Jersey City,New Jersey,East,Technology,Accessories,Accessories - Model F583,9,2086.36,0.05,17838.38,4401.73,29.56
ORD-2023-04402,12/20/2023,2023-12-20,  Same Day  ,CUST-8263,Jessica Ramirez,Consumer,Detroit,Michigan,Central,,Labels,Labels - Model E647,7,57.74,0.0,404.18,56.79,111.74
ORD-2021-04403,11/15/2021,2021-11-22,Standard Class,CUST-4919,,Consumer,Los Angeles,California,West,Clothing,Shoes,Shoes - Model A236,1,174.0,0.0,174.0,93.35,30.87
ORD-2024-04404,07/16/2024,2024-07-19,Second Class,CUST-6157,Charlotte Miller,Corporate,Portland,Oregon,West,Technology,Laptops,Laptops - Model C902,4,871.39,0.0,3485.56,559.66,13.97
ORD-2023-04405,11/29/2023,2023-12-06,Standard Class,CUST-7033,Lisa Martin,Corporate,Reno,Nevada,West,Technology,Laptops,Laptops - Model H954,6,1464.21,0.3,6149.68,-388.11,2.25
ORD-2022-04406,07/28/2022,2022-08-01,Second Class,CUST-0745,Robert Brown,Consumer,Richmond,Virginia,South,Office Supplies,Binders,Binders - Model G858,4,64.66,0.0,258.64,91.0,29.84
ORD-2023-04407,05/09/2023,2023-05-11,First Class,CUST-7605,Barbara Martin,Consumer,Buffalo,New York,East,Furniture,Bookcases,Bookcases - Model B196,11,253.69,0.25,2092.94,145.85,8.95
ORD-2024-04408,05/02/2024,2024-05-08,Standard Class,CUST-8904,James Hernandez,Corporate,New Haven,Connecticut,East,Clothing,Shoes,Shoes - Model C698,3,407.05,0.0,1221.15,586.65,23.79
ORD-2021-04409,11/06/2021,2021-11-07,First Class,CUST-6974,David Jones,Consumer,Mesa,Arizona,West,Furniture,Storage,Storage - Model E992,8,31.16,0.15,211.89,33.85,45.88
ORD-2024-04410,08/15/2024,2024-08-18,First Class,CUST-2649,Ava Smith,Consumer,Chicago,Illinois,Central,Furniture,Storage,Storage - Model C371,12,1256.4,0.0,15076.8,722.77,38.55
ORD-2024-04411,07/01/2024,2024-07-02,First Class,CUST-8891,Jennifer Ramirez,Corporate,New Haven,Connecticut,East,Office Supplies,Paper,Paper - Model I352,9,53.28,0.3,335.66,145.59,26.74
ORD-2022-04412,05/06/2022,2022-05-07,First Class,CUST-4016,Sarah Hernandez,Corporate,Mesa,Arizona,West,Furniture,Desks,Desks - Model L269,9,572.19,0.0,5149.71,,15.59
ORD-2022-04413,04/14/2022,2022-04-18,Standard Class,CUST-9544,Isabella Harris,Consumer,Tucson,Arizona,West,Furniture,Tables,Tables - Model M328,11,1485.67,0.0,16342.37,2991.37,34.06
ORD-2024-04414,11/23/2024,2024-11-29,Standard Class,CUST-0472,Ava Moore,Consumer,Dallas,Texas,Central,Clothing,Shirts,Shirts - Model F322,11,436.33,0.0,4799.63,865.79,25.9
ORD-2022-04415,09/21/2022,2022-09-21,Same Day,CUST-5359,Joseph Williams,Home Office,San Francisco,California,West,Furniture,Bookcases,Bookcases - Model O339,10,576.91,0.3,4038.37,533.43,116.26
ORD-2023-04416,12/02/2023,2023-12-07,Standard Class,CUST-5792,Jessica Garcia,Corporate,New York City,New York,East,Clothing,Accessories,Accessories - Model H895,3,266.99,0.05,760.92,181.11,25.04
ORD-2023-04417,10/13/2023,2023-10-19,Standard Class,CUST-4997,Margaret Moore,Corporate,Dallas,Texas,Central,Technology,Accessories,Accessories - Model K945,11,2117.62,0.25,17470.36,-2673.97,28.26
ORD-2023-04418,02/21/2023,2023-02-24,Second Class,CUST-7555,,Consumer,Saint Paul,Minnesota,Central,Office Supplies,Envelopes,Envelopes - Model N314,9,79.63,0.0,716.67,128.39,27.64
ORD-2022-04419,11/06/2022,2022-11-10,Standard Class,CUST-1673,,Home Office,Memphis,Tennessee,South,Office Supplies,Envelopes,Envelopes - Model N154,4,64.6,0.0,258.4,106.28,34.62
ORD-2021-04420,02/21/2021,2021-02-24,Second Class,CUST-9644,Amelia White,Consumer,Jacksonville,Florida,South,Office Supplies,Paper,Paper - Model I776,7,92.4,0.25,485.1,203.95,48.94
ORD-2023-04421,08/14/2023,2023-08-14,Same Day,CUST-1544,David Rodriguez,Home Office,Nashville,Tennessee,South,Clothing,Pants,Pants - Model J864,2,218.68,0.25,328.02,84.88,68.64
ORD-2024-04422,05/24/2024,2024-05-28,Standard Class,CUST-1045,Karen Perez,Consumer,Trenton,New Jersey,East,Technology,Phones,Phones - Model D405,9,2259.18,0.0,20332.62,4980.46,7.03
ORD-2024-04423,02/25/2024,2024-02-29,Standard Class,CUST-9219,William Perez,Consumer,Portland,Oregon,West,Furniture,Desks,Desks - Model P782,-10,1198.27,0.0,11982.7,1648.79,9.89
ORD-2023-04424,10/13/2023,2023-10-18,Standard Class,CUST-9788,William Rodriguez,Corporate,Rochester,Minnesota,Central,Furniture,Storage,Storage - Model B863,9,547.3,0.15,4186.84,727.31,9.78
ORD-2023-04425,10/14/2023,2023-10-14,Same Day,CUST-0435,Barbara White,Consumer,New York City,New York,East,Clothing,Pants,Pants - Model J811,8,219.51,0.15,1492.67,646.32,5.93
ORD-2022-04426,02/15/2022,2022-02-19,Standard Class,CUST-9753,Jessica Perez,Corporate,New Haven,Connecticut,East,Office Supplies,Labels,Labels - Model I448,6,71.02,0.15,362.2,154.32,21.91
ORD-2022-04427,03/15/2022,2022-03-16,First Class,CUST-6754,Joseph Ramirez,Consumer,Los Angeles,California,West,Office Supplies,Envelopes,Envelopes - Model C516,2,100.65,0.0,201.3,62.41,24.65
ORD-2022-04428,01/02/2022,2022-01-08,Standard Class,CUST-8671,John Gonzalez,Consumer,Augusta,Georgia,South,Clothing,Accessories,Accessories - Model P276,7,53.04,0.0,371.28,95.6,26.97
ORD-2024-04429,06/19/2024,2024-06-22,Second Class,CUST-8945,Robert Lewis,Consumer,Philadelphia,Pennsylvania,East,Furniture,Bookcases,Bookcases - Model J381,7,541.97,0.15,3224.72,118.29,37.79
ORD-2023-04430,12/26/2023,2023-12-31,Standard Class,CUST-4992,,Corporate,Atlanta,Georgia,South,Office Supplies,Labels,Labels - Model I542,7,164.54,0.05,1094.19,294.02,21.54
ORD-2023-04431,10/22/2023,2023-10-22,Same Day,CUST-6157,Charlotte Miller,Consumer,Augusta,Georgia,South,Furniture,Desks,Desks - Model D982,9,123.64,0.3,778.93,155.44,97.32
ORD-2024-04432,04/21/2024,2024-04-24,Second Class,CUST-2585,David Sanchez,Corporate,Reno,Nevada,West,Clothing,Pants,Pants - Model I663,9,209.16,0.15,1600.07,667.15,30.27
ORD-2022-04433,12/07/2022,2022-12-11,Second Class,CUST-7963,Christopher Anderson,Home Office,Reno,Nevada,West,Office Supplies,Binders,Binders - Model F943,7,191.65,0.15,1140.32,201.0,43.08
ORD-2023-04434,11/15/2023,2023-11-16,First Class,CUST-7555,Sarah Harris,Consumer,Naperville,Illinois,Central,Furniture,Tables,Tables - Model K860,5,1471.51,0.0,7357.55,468.84,32.2
ORD-2024-04435,05/24/2024,2024-05-30,Standard Class,CUST-0988,Charlotte Williams,Home Office,Nashville,Tennessee,South,Furniture,Storage,Storage - Model F191,8,399.21,0.1,2874.31,377.87,19.19
ORD-2024-04436,08/10/2024,2024-08-15,Standard Class,CUST-2649,Ava Smith,Consumer,Augusta,Georgia,South,Clothing,Shirts,Shirts - Model O291,12,438.97,0.0,5267.64,916.06,2.65
ORD-2024-04437,05/12/2024,2024-05-16,Second Class,CUST-1132,Sophia Gonzalez,Corporate,Phoenix,Arizona,WEST,Clothing,Jackets,Jackets - Model A598,6,24.03,0.1,129.76,40.41,5.43
ORD-2021-04438,10/02/2021,2021-10-07,Standard Class,CUST-2086,Nancy Davis,Consumer,Los Angeles,California,West,Clothing,Jackets,Jackets - Model K144,7,254.58,0.2,1425.65,259.67,16.74
ORD-2023-04439,04/11/2023,2023-04-11,Same Day,CUST-1132,Sophia Gonzalez,Home Office,New Haven,Connecticut,East,Technology,Phones,Phones - Model A725,9,1943.93,0.3,12246.76,1093.02,107.62
ORD-2022-04440,01/27/2022,2022-01-31,Standard Class,CUST-7555,Sarah Harris,Consumer,Grand Rapids,Michigan,Central,Office Supplies,Paper,Paper - Model I565,5,148.75,0.0,743.75,289.12,41.65
ORD-2022-04441,01/25/2022,2022-01-25,Same Day,CUST-4964,Nancy Jackson,Corporate,Los Angeles,California,,Clothing,Jackets,Jackets - Model D743,1,481.79,0.0,481.79,173.54,44.86
ORD-2022-04442,12/11/2022,2022-12-11,Same Day,CUST-2448,John Lewis,Home Office,Cleveland,Ohio,Central,Furniture,Tables,Tables - Model L722,6,501.79,0.0,3010.74,306.15,44.45
ORD-2022-04443,06/06/2022,2022-06-09,Second Class,CUST-6986,Sandra Martin,Consumer,Las Vegas,Nevada,West,Clothing,Shoes,Shoes - Model E262,9,314.39,0.3,1980.66,748.93,35.02
ORD-2021-04444,12/23/2021,2021-12-24,First Class,CUST-2093,John Harris,Home Office,Naperville,Illinois,Central,Clothing,Jackets,Jackets - Model F527,6,288.96,0.05,1647.07,585.49,32.08
ORD-2024-04445,05-Oct-2024,2024-10-10,Standard Class,CUST-3131,Mary Brown,Corporate,Cincinnati,Ohio,Central,Clothing,Shoes,Shoes - Model O909,3,444.4,0.0,1333.2,475.21,47.41
ORD-2021-04446,02/20/2021,2021-02-21,First Class,CUST-2093,John Harris,Corporate,Spokane,Washington,west,Office Supplies,Envelopes,Envelopes - Model C545,4,49.18,0.0,196.72,63.85,46.05
ORD-2021-04447,12/04/2021,2021-12-08,Standard Class,CUST-0064,Mia Davis,Consumer,Trenton,New Jersey,East,Technology,Monitors,Monitors - Model B828,11,1817.38,0.3,13993.83,-1130.84,3.72
ORD-2024-04448,07/25/2024,2024-07-31,Standard Class,CUST-8884,Thomas Jones,Consumer,Jersey City,New Jersey,East,Furniture,Storage,Storage - Model C414,10,63.76,0.2,510.08,47.34,21.84
ORD-2024-04449,12/27/2024,2024-12-27,Same Day,CUST-8774,Karen Anderson,Corporate,Orlando,Florida,South,Clothing,Accessories,Accessories - Model I461,1,473.25,0.1,425.93,217.34,104.8
ORD-2024-04450,04/22/2024,2024-04-25,First Class,CUST-7555,,Consumer,Rochester,Minnesota,Central,Office Supplies,Binders,Binders - Model E111,6,137.66,0.15,702.07,314.79,45.22
ORD-2023-04451,10/04/2023,2023-10-09,Second Class,CUST-9456,Amelia Martin,Home Office,Atlanta,Georgia,South,Furniture,Tables,Tables - Model P911,3,861.6,0.0,2584.8,383.08,16.34
ORD-2022-04452,01/08/2022,2022-01-10,First Class,CUST-2448,John Lewis,Home Office,San Diego,California,West,Technology,Accessories,Accessories - Model N535,11,2117.3,0.15,19796.76,2111.18,40.97
ORD-2023-04453,09/16/2023,2023-09-20,Standard Class,CUST-0867,Robert Ramirez,Corporate,Tampa,Florida,South,Furniture,Bookcases,Bookcases - Model F994,4,498.38,0.2,1594.82,295.97,9.88
ORD-2022-04454,10/30/2022,2022-11-06,Standard Class,CUST-5322,Susan Robinson,Consumer,Reno,Nevada,West,Furniture,Chairs,Chairs - Model D300,4,281.79,0.15,958.09,103.6,40.53
ORD-2022-04455,02/21/2022,2022-02-25,Standard Class,CUST-1039,Charlotte Lewis,Home Office,Richmond,Virginia,South,Furniture,Bookcases,Bookcases - Model P608,2,944.36,0.0,1888.72,71.16,14.16
ORD-2023-04456,11/11/2023,2023-11-18,Standard Class,CUST-5684,Ava Thomas,Corporate,Orlando,Florida,South,Clothing,Jackets,Jackets - Model L277,10,132.41,0.0,1324.1,457.77,25.72
ORD-2022-04457,02/27/2022,2022-03-02,Second Class,CUST-2652,Jennifer Gonzalez,Consumer,Seattle,Washington,West,Technology,Phones,Phones - Model M129,9,1863.01,0.2,13413.67,2403.27,8.19
ORD-2021-04458,08/25/2021,2021-08-28,First Class,CUST-6157,Charlotte Miller,Consumer,Spokane,Washington,West,Furniture,Tables,Tables - Model K279,5,477.54,0.15,2029.55,403.29,48.58
ORD-2023-04459,10/21/2023,2023-10-25,Second Class,CUST-7358,David Lee,Corporate,Tampa,Florida,South,Technology,Monitors,Monitors - Model E110,2,494.97,0.3,692.96,151.79,7.47
ORD-2021-04460,05/11/2021,2021-05-15,Standard Class,CUST-4920,Jennifer Wilson,Consumer,Augusta,Georgia,South,Furniture,Chairs,Chairs - Model K258,4,402.69,0.05,1530.22,219.27,33.18
ORD-2023-04461,09/30/2023,2023-10-01,First Class,CUST-9034,Lisa Miller,Corporate,Springfield,Massachusetts,East,Technology,Tablets,Tablets - Model K318,8,692.04,0.3,3875.42,-317.22,38.32
ORD-2023-04462,08/03/2023,2023-08-08,Second Class,CUST-7955,Sandra Davis,Consumer,Spokane,Washington,West,Office Supplies,Envelopes,Envelopes - Model F124,1,112.82,0.0,,35.73,8.57
ORD-2023-04463,07/23/2023,2023-07-28,Standard Class,CUST-3708,Sandra Perez,Corporate,Eugene,Oregon,West,Technology,Accessories,Accessories - Model M439,3,926.67,0.25,2085.01,111.84,19.88
ORD-2022-04464,02/20/2022,2022-02-22,First Class,CUST-3316,Margaret Thompson,Consumer,New York City,New York,East,Furniture,Desks,Desks - Model K443,8,1184.91,0.1,8531.35,181.28,45.15
ORD-2024-04465,03/29/2024,2024-04-02,Standard Class,CUST-3232,William Sanchez,Consumer,Phoenix,Arizona,West,Technology,Tablets,Tablets - Model C778,9,1054.84,0.2,7594.85,1075.91,28.3
ORD-2023-04466,01/16/2023,2023-01-21,Second Class,CUST-5869,Anthony Thomas,Home Office,Nashville,Tennessee,South,Office Supplies,Binders,Binders - Model B450,4,39.0,0.0,156.0,63.71,36.2
ORD-2024-04467,05/08/2024,2024-05-12,Second Class,CUST-6156,Sophia Clark,Corporate,Portland,Oregon,West,Technology,Accessories,Accessories - Model C706,5,1445.42,0.15,6143.03,468.56,44.26
ORD-2021-04468,06/09/2021,2021-06-14,Standard Class,CUST-2448,John Lewis,Consumer,Rochester,New York,East,Furniture,Bookcases,Bookcases - Model K305,5,1209.74,0.15,5141.39,865.36,34.12
ORD-2022-04469,12/30/2022,2023-01-04,Standard Class,CUST-9484,Matthew Rodriguez,Corporate,Norfolk,Virginia,South,Office Supplies,Paper,Paper - Model H247,12,171.67,0.2,1648.03,425.81,26.6
ORD-2024-04470,12/28/2024,2024-12-29,First Class,CUST-5619,Jessica Robinson,Corporate,Dallas,Texas,Central,Technology,Tablets,Tablets - Model C627,8,559.94,0.1,4031.57,805.24,35.05
ORD-2023-04471,07/22/2023,2023-07-27,Standard Class,CUST-2131,Matthew Smith,Consumer,Reno,Nevada,West,Clothing,Shirts,Shirts - Model D176,5,101.29,0.0,506.45,226.58,28.83
ORD-2024-04472,02/15/2024,2024-02-20,Second Class,CUST-6032,William White,Consumer,Charlotte,North Carolina,South,Clothing,Pants,Pants - Model D563,9,310.82,0.0,2797.38,,42.44
ORD-2022-04473,05/12/2022,2022-05-17,Second Class,CUST-8904,James Hernandez,Corporate,Worcester,Massachusetts,East,Technology,Phones,Phones - Model D568,12,703.03,0.05,,1262.84,27.49
ORD-2021-04474,09/28/2021,2021-10-03,Standard Class,CUST-0064,Mia Davis,Corporate,Orlando,Florida,South,Clothing,Jackets,Jackets - Model H128,4,182.27,0.0,729.08,132.09,5.43
ORD-2021-04475,05/31/2021,2021-05-31,Same Day,CUST-7985,William Anderson,Home Office,Columbus,Ohio,Central,Technology,Laptops,Laptops - Model A964,5,749.97,0.25,2812.39,596.64,105.3
ORD-2024-04476,07/21/2024,2024-07-27,Standard Class,CUST-4039,Sarah Perez,Corporate,Grand Rapids,Michigan,Central,Technology,Monitors,Monitors - Model A660,12,2214.9,0.15,22591.98,2464.46,14.74
ORD-2023-04477,06/08/2023,2023-06-12,Standard Class,CUST-7033,Lisa Martin,Consumer,Allentown,Pennsylvania,East,Technology,Monitors,Monitors - Model D148,10,1481.72,0.1,13335.48,2849.38,43.49
ORD-2021-04478,12/27/2021,2021-12-29,First Class,CUST-1384,Anthony Sanchez,Consumer,Rochester,Minnesota,Central,Furniture,Bookcases,Bookcases - Model I318,5,145.26,0.3,508.41,-43.32,46.71
ORD-2021-04479,02/09/2021,2021-02-16,Standard Class,CUST-2380,Thomas Garcia,Consumer,Norfolk,Virginia,South,Technology,Monitors,Monitors - Model L705,3,2444.02,0.05,6965.46,737.13,12.69
ORD-2023-04480,12/25/2023,2024-01-01,Standard Class,CUST-8511,Mia Jones,Consumer,Worcester,Massachusetts,East,Technology,Monitors,Monitors - Model B496,4,1598.61,0.0,6394.44,1229.35,28.31
ORD-2024-04481,05/24/2024,2024-05-31,Standard Class,CUST-6941,Thomas Taylor,Consumer,New Haven,Connecticut,East,Office Supplies,Labels,Labels - Model C663,3,179.14,0.15,456.81,196.47,48.01
ORD-2022-04482,04/11/2022,2022-04-16,Second Class,CUST-8511,Mia Jones,Consumer,Chicago,Illinois,Central,Office Supplies,Binders,Binders - Model A611,1,97.54,0.25,73.16,9.08,18.35
ORD-2022-04483,10/08/2022,2022-10-14,Standard Class,CUST-5015,Barbara Taylor,Consumer,Pittsburgh,Pennsylvania,East,Technology,Accessories,Accessories - Model K416,4,692.75,0.2,2216.8,315.86,4.77
ORD-2024-04484,09/16/2024,2024-09-21,Standard Class,CUST-2377,Olivia Gonzalez,Corporate,Naperville,Illinois,Central,Technology,Phones,Phones - Model D673,1,2039.42,0.05,1937.45,425.42,34.32
ORD-2024-04485,08/06/2024,2024-08-12,Standard Class,CUST-7137,Thomas Gonzalez,Corporate,Spokane,Washington,West,Office Supplies,Paper,Paper - Model I976,12,196.81,0.0,2361.72,383.57,6.28
ORD-2023-04486,07/01/2023,2023-07-05,Second Class,CUST-8013,Michael Lopez,Consumer,Tacoma,Washington,West,Office Supplies,Binders,Binders - Model C214,8,37.73,0.3,211.29,38.26,23.4
ORD-2021-04487,09/03/2021,2021-09-09,Standard Class,CUST-6994,Ava Robinson,Corporate,Saint Paul,Minnesota,Central,Office Supplies,Labels,Labels - Model G639,10,100.61,0.25,754.58,115.38,40.35
ORD-2021-04488,08/04/2021,2021-08-11,Standard Class,CUST-4997,Margaret Moore,Home Office,Jacksonville,Florida,South,Office Supplies,Pens,Pens - Model D187,9,60.31,0.25,407.09,97.18,33.48
ORD-2024-04489,03/19/2024,2024-03-23,Standard Class,CUST-6884,Barbara Sanchez,Consumer,Ann Arbor,Michigan,Central,Clothing,Shoes,Shoes - Model H878,1,299.14,0.0,299.14,58.19,39.41
ORD-2024-04490,07/12/2024,2024-07-16,Standard Class,CUST-4313,Emily Davis,Consumer,Portland,Oregon,West,Furniture,Desks,Desks - Model G845,8,490.93,0.25,2945.58,212.65,41.84
ORD-2023-04491,02/17/2023,2023-02-23,Standard Class,CUST-5869,Anthony Thomas,Consumer,Memphis,Tennessee,South,Clothing,Shirts,Shirts - Model P301,2,489.9,0.0,979.8,267.14,36.61
ORD-2021-04492,11/30/2021,2021-12-07,Standard Class,CUST-7985,William Anderson,Corporate,Rochester,New York,East,Furniture,Bookcases,Bookcases - Model C733,4,507.91,0.3,1422.15,110.97,16.2
ORD-2023-04493,06/02/2023,2023-06-03,First Class,CUST-9688,Charles Moore,Home Office,Allentown,Pennsylvania,East,Office Supplies,Binders,Binders - Model I510,3,138.66,0.25,311.99,-48.7,25.1
ORD-2023-04494,12/08/2023,2023-12-11,First Class,CUST-6974,David Jones,Corporate,San Antonio,Texas,Central,Technology,Phones,Phones - Model F777,3,2134.78,0.0,6404.34,1039.32,20.93
ORD-2023-04495,01/17/2023,2023-01-21,Standard Class,CUST-0675,James White,Home Office,Stamford,Connecticut,East,Office Supplies,Labels,Labels - Model F465,4,148.02,0.2,473.66,48.94,27.98
ORD-2024-04496,12/16/2024,2024-12-18,First Class,CUST-6833,Margaret Martin,Consumer,Pittsburgh,Pennsylvania,East,Furniture,Desks,Desks - Model L953,10,1158.52,0.0,11585.2,2062.92,40.08
ORD-2022-04497,05/27/2022,2022-06-01,Standard Class,CUST-6994,Ava Robinson,Consumer,Durham,North Carolina,South,Technology,Tablets,Tablets - Model L910,10,2350.14,0.0,23501.4,4492.89,4.79
ORD-2024-04498,07/12/2024,2024-07-14,First Class,CUST-1384,Anthony Sanchez,Consumer,Saint Paul,Minnesota,Central,Furniture,Desks,Desks - Model D484,1,945.14,0.1,850.63,131.39,32.56
ORD-2022-04499,05/31/2022,2022-06-07,Standard Class,CUST-7934,Charlotte Jackson,Home Office,Tacoma,Washington,West,Office Supplies,Paper,Paper - Model E648,2,28.01,0.3,39.21,7.65,21.46
ORD-2022-04500,05/27/2022,2022-06-01,Standard Class,CUST-1941,James Martinez,Consumer,Buffalo,New York,East,Furniture,Bookcases,Bookcases - Model D512,1,1111.91,0.05,1056.31,32.98,47.48
ORD-2023-04501,01/11/2023,2023-01-11,Same Day,CUST-8858,,Home Office,Durham,North Carolina,South,Technology,Accessories,Accessories - Model G856,9,1594.63,0.1,12916.5,2521.62,120.77
ORD-2021-04502,12/16/2021,2021-12-23,Standard Class,CUST-6884,Barbara Sanchez,Home Office,Reno,Nevada,West,Office Supplies,Pens,Pens - Model G336,2,141.2,0.15,240.04,47.17,34.38
ORD-2023-04503,11/19/2023,2023-11-25,Standard Class,CUST-8217,Mia Miller,Consumer,Reno,Nevada,West,Technology,Monitors,Monitors - Model D849,1,1949.81,0.0,1949.81,220.11,25.68
ORD-2024-04504,01/02/2024,2024-01-07,Standard Class,CUST-1816,Karen Davis,Consumer,Austin,Texas,Central,Clothing,Pants,Pants - Model G786,9,392.87,0.25,2651.87,-688.37,39.15
ORD-2023-04505,02/12/2023,2023-02-12,Same Day,CUST-5792,Jessica Garcia,Corporate,Reno,Nevada,West,clothing,Pants,Pants - Model C964,3,287.77,0.2,690.65,205.19,112.74
ORD-2023-04506,05/04/2023,2023-05-04,Same Day,CUST-8725,Sarah Jones,Corporate,Phoenix,Arizona,West,Technology,Laptops,Laptops - Model L715,11,984.3,0.3,7579.11,511.49,118.44
ORD-2021-04507,06/15/2021,2021-06-20,Second Class,CUST-4641,Karen Taylor,Corporate,Miami,Florida,South,Clothing,Accessories,Accessories - Model H301,3,326.61,0.2,783.86,375.47,33.13
ORD-2024-04508,09/10/2024,2024-09-11,First Class,CUST-5792,Jessica Garcia,Consumer,Durham,North Carolina,South,Clothing,Accessories,Accessories - Model C803,4,375.81,0.0,1503.24,393.74,25.76
ORD-2022-04509,12/02/2022,2022-12-07,Standard Class,CUST-4229,Charlotte Davis,Consumer,Allentown,Pennsylvania,East,Furniture,Chairs,Chairs - Model P159,11,543.41,0.0,5977.51,595.24,18.0
ORD-2024-04510,12/07/2024,2024-12-10,First Class,CUST-7605,Barbara Martin,Corporate,New York City,New York,East,Clothing,Accessories,Accessories - Model O152,6,372.03,0.05,2120.57,439.69,39.21
ORD-2023-04511,02/28/2023,2023-03-04,Standard Class,CUST-1816,Karen Davis,Consumer,Stamford,Connecticut,East,Clothing,Shoes,Shoes - Model E238,3,52.43,0.25,117.97,-45.81,19.18
ORD-2023-04512,04/18/2023,2023-04-20,First Class,CUST-9456,Amelia Martin,Consumer,Reno,Nevada,West,Clothing,Jackets,Jackets - Model L533,9,339.05,0.15,2593.73,1272.55,14.46
ORD-2023-04513,08/18/2023,2023-08-22,Second Class,CUST-0867,Robert Ramirez,Home Office,Tucson,Arizona,West,Clothing,Shoes,Shoes - Model B116,2,405.53,0.1,729.95,268.76,19.17
ORD-2022-04514,08/25/2022,2022-08-28,Second Class,CUST-0745,Robert Brown,Corporate,Reno,Nevada,West,Clothing,Jackets,Jackets - Model B424,9,251.19,0.1,2034.64,450.81,35.32
ORD-2023-04515,01/06/2023,2023-01-06,Same Day,CUST-5783,Isabella Perez,Consumer,Nashville,Tennessee,South,Furniture,Chairs,Chairs - Model B845,3,103.76,0.2,249.02,27.85,71.42
ORD-2023-04516,05/27/2023,2023-05-30,Second Class,CUST-4248,Sophia Williams,Consumer,Detroit,Michigan,Central,Clothing,Pants,Pants - Model I741,1,380.63,0.0,380.63,177.18,16.32
ORD-2022-04517,05/11/2022,2022-05-16,Standard Class,CUST-1483,Michael Perez,Home Office,Salem,Oregon,,Technology,Monitors,Monitors - Model C337,8,2393.44,0.25,14360.64,2676.35,9.18
ORD-2022-04518,07/30/2022,2022-08-04,Standard Class,CUST-1193,Patricia Moore,Corporate,Reno,Nevada,West,Office Supplies,Pens,Pens - Model K215,1,23.14,0.0,23.14,2.83,33.22
ORD-2021-04519,08/22/2021,2021-08-27,Standard Class,CUST-5336,Isabella Williams,Consumer,Durham,North Carolina,South,Clothing,Pants,Pants - Model F603,6,287.69,0.1,1553.53,551.81,17.38
ORD-2024-04520,10/27/2024,2024-10-28,First Class,CUST-2644,Isabella Johnson,Corporate,Durham,North Carolina,South,Furniture,Storage,Storage - Model N536,5,282.71,0.25,1060.16,-60.37,9.44
ORD-2022-04521,12/29/2022,2022-12-31,First Class,CUST-0324,Robert Martin,Consumer,Knoxville,Tennessee,South,Office Supplies,Binders,Binders - Model N241,2,150.82,0.0,301.64,134.7,25.28
ORD-2022-04522,11/18/2022,2022-11-25,Standard Class,CUST-1661,John Johnson,Consumer,Minneapolis,Minnesota,Central,Clothing,Shirts,Shirts - Model P995,11,247.01,0.0,2717.11,1252.71,14.61
ORD-2022-04523,06/16/2022,2022-06-19,Second Class,CUST-0669,Mia Perez,Home Office,Norfolk,Virginia,,Clothing,Accessories,Accessories - Model H225,9,142.02,0.15,1086.45,452.36,23.16
ORD-2022-04524,08/02/2022,2022-08-02,Same Day,CUST-4275,Robert Martinez,Consumer,Boston,Massachusetts,East,Clothing,Accessories,Accessories - Model N632,12,375.68,0.0,4508.16,2082.93,50.83
ORD-2024-04525,12/30/2024,2025-01-02,Second Class,CUST-4944,Olivia Martin,Consumer,Augusta,Georgia,South,Office Supplies,Binders,Binders - Model C486,11,90.09,0.0,990.99,192.55,14.7
ORD-2024-04526,11/27/2024,2024-12-01,Second Class,CUST-7934,Charlotte Jackson,Consumer,Raleigh,North Carolina,South,Technology,Accessories,Accessories - Model I492,3,1191.37,0.3,2501.88,547.75,21.54
ORD-2023-04527,11/23/2023,2023-11-30,Standard Class,CUST-4217,Emily Moore,Consumer,Reno,Nevada,West,Clothing,Shoes,Shoes - Model M555,8,335.73,0.3,1880.09,-357.24,32.51
ORD-2021-04528,10/23/2021,2021-10-23,Same Day,CUST-3131,Mary Brown,Consumer,Worcester,Massachusetts,East,Clothing,Shirts,Shirts - Model D309,10,185.14,0.1,1666.26,403.3,11.85
ORD-2022-04529,07/03/2022,2022-07-03,Same Day,CUST-7479,Joseph Gonzalez,Consumer,Savannah,Georgia,South,Technology,Monitors,Monitors - Model C875,8,2116.62,0.3,11853.07,1542.75,114.02
ORD-2021-04530,11/02/2021,2021-11-06,Standard Class,CUST-6994,Ava Robinson,Home Office,Pittsburgh,Pennsylvania,East,Furniture,Desks,Desks - Model G465,9,1412.99,0.15,10809.37,475.73,26.08
ORD-2021-04531,12/18/2021,2021-12-22,Standard Class,CUST-8899,Jennifer White,Consumer,Sacramento,California,West,Office Supplies,Labels,Labels - Model H563,4,160.24,0.15,544.82,64.1,3.57
ORD-2022-04532,03/06/2022,2022-03-07,First Class,CUST-3453,Amelia Wilson,Consumer,Cincinnati,Ohio,Central,Technology,Monitors,Monitors - Model F945,5,1665.63,0.0,8328.15,2022.11,28.81
ORD-2021-04533,11/17/2021,2021-11-23,Standard Class,CUST-3900,Margaret Smith,Consumer,Eugene,Oregon,West,Office Supplies,Paper,Paper - Model K748,3,195.39,0.15,498.24,99.36,38.59
ORD-2022-04534,12/28/2022,2023-01-02,Standard Class,CUST-6803,Robert Clark,Corporate,Las Vegas,Nevada,West,Clothing,Shirts,Shirts - Model D842,12,276.13,0.1,2982.2,1309.41,25.99
ORD-2022-04535,12/19/2022,2022-12-23,Standard Class,CUST-6971,Susan Williams,Consumer,Buffalo,New York,East,Clothing,Jackets,Jackets - Model M207,10,269.21,0.2,2153.68,1031.15,16.28
ORD-2022-04536,02/27/2022,2022-03-03,Standard Class,CUST-6974,David Jones,Consumer,Phoenix,Arizona,West,Technology,Tablets,Tablets - Model D113,11,2238.17,0.0,24619.87,3153.96,12.41
ORD-2022-04537,07/29/2022,2022-08-05,Standard Class,CUST-0957,Karen Martin,Consumer,Phoenix,Arizona,West,Technology,Tablets,Tablets - Model L316,1,1322.15,0.2,1057.72,237.46,41.11
ORD-2022-04538,05/30/2022,2022-06-01,First Class,CUST-4933,Nancy Lopez,Corporate,Cleveland,Ohio,Central,Furniture,Chairs,Chairs - Model A295,7,139.74,0.2,782.54,147.19,14.9
ORD-2023-04539,11/07/2023,2023-11-10,Second Class,CUST-8252,Thomas White,Home Office,Seattle,Washington,West,Clothing,Shoes,Shoes - Model G375,6,486.29,0.2,2334.19,1116.27,42.26
ORD-2023-04540,06/07/2023,2023-06-10,First Class,CUST-4414,John Smith,Home Office,Austin,Texas,Central,Clothing,Jackets,Jackets - Model B596,7,203.88,0.0,1427.16,743.37,38.93
ORD-2024-04541,03/05/2024,2024-03-09,Second Class,CUST-7060,Richard Martinez,Home Office,Boston,Massachusetts,East,Office Supplies,Paper,Paper - Model O541,5,34.94,0.1,157.23,57.08,13.55
ORD-2023-04542,09/11/2023,2023-09-15,Standard Class,CUST-4919,,Corporate,Raleigh,North Carolina,SOUTH,Office Supplies,Labels,Labels - Model E584,1,153.28,0.0,153.28,62.46,24.03
ORD-2021-04543,08/17/2021,2021-08-21,Standard Class,CUST-5494,Sandra Gonzalez,Corporate,Worcester,Massachusetts,East,Furniture,Chairs,Chairs - Model M399,7,1392.5,0.0,9747.5,1120.01,26.89
ORD-2024-04544,07/13/2024,2024-07-17,Standard Class,CUST-0745,Robert Brown,Consumer,Rochester,New York,East,Furniture,Storage,Storage - Model C768,9,662.35,0.2,4768.92,498.61,41.37
ORD-2022-04545,09/03/2022,2022-09-07,Standard Class,CUST-9006,Michael Johnson,Corporate,Sacramento,California,West,Technology,Laptops,Laptops - Model F813,8,1857.73,0.3,10403.29,615.61,45.37
ORD-2024-04546,01/01/2024,2024-01-07,Standard Class,CUST-3131,Mary Brown,Corporate,Richmond,Virginia,South,Clothing,Accessories,Accessories - Model G126,5,446.21,0.15,1896.39,905.88,3.77
ORD-2023-04547,01/13/2023,2023-01-17,Standard Class,CUST-0710,Karen Gonzalez,Consumer,Knoxville,Tennessee,South,Furniture,Desks,Desks - Model C643,9,669.81,0.3,4219.8,548.97,18.8
ORD-2021-04548,02/05/2021,2021-02-10,Second Class,CUST-3131,Mary Brown,Corporate,Tucson,Arizona,West,Technology,Monitors,Monitors - Model C396,10,1842.36,0.3,12896.52,-2886.17,42.26
ORD-2021-04549,12/13/2021,2021-12-13,Same Day,CUST-4920,Jennifer Wilson,Consumer,Stamford,Connecticut,East,Clothing,Pants,Pants - Model A861,11,457.95,0.25,3778.09,1698.83,72.15
ORD-2021-04550,04/09/2021,2021-04-09,Same Day,CUST-1045,Karen Perez,Consumer,Reno,Nevada,West,Technology,Laptops,Laptops - Model D522,10,1533.72,0.2,12269.76,,14.23
ORD-2022-04551,02/23/2022,2022-02-28,Standard Class,CUST-6156,Sophia Clark,Corporate,Portland,Oregon,West,Furniture,Tables,Tables - Model I263,11,941.07,0.3,7246.24,-320.54,16.07
ORD-2022-04552,02/26/2022,2022-03-01,Second Class,CUST-5049,Patricia Garcia,Home Office,Eugene,Oregon,West,Clothing,Pants,Pants - Model K556,2,272.91,0.0,545.82,280.47,19.8
ORD-2022-04553,04/26/2022,2022-04-30,Standard Class,CUST-6974,,Corporate,Tampa,Florida,South,Office Supplies,Labels,Labels - Model O654,11,122.18,0.0,1343.98,381.13,16.95
ORD-2023-04554,03/01/2023,2023-03-01,Same Day,CUST-0708,Margaret Lopez,Consumer,Detroit,Michigan,Central,Furniture,Chairs,Chairs - Model A650,3,376.51,0.0,1129.53,44.84,110.71
ORD-2021-04555,02/01/2021,2021-02-06,Second Class,CUST-1597,Nancy Lewis,Corporate,Norfolk,Virginia,South,Technology,Tablets,Tablets - Model C519,4,929.58,0.15,3160.57,464.09,27.18
ORD-2021-04556,06/28/2021,2021-06-28,Same Day,CUST-9753,Jessica Perez,Consumer,Salem,Oregon,West,Clothing,Shirts,Shirts - Model M930,4,158.64,0.1,,199.78,72.54
ORD-2023-04557,07/05/2023,2023-07-05,Same Day,CUST-2106,John Martin,Corporate,Reno,Nevada,,Office Supplies,Pens,Pens - Model G577,1,167.65,0.1,150.89,62.98,120.19
ORD-2024-04558,10/06/2024,2024-10-11,Standard Class,CUST-1032,Robert Sanchez,Consumer,Tacoma,Washington,West,Furniture,Storage,Storage - Model F796,11,1379.64,0.05,14417.24,386.13,34.02
ORD-2021-04559,04/03/2021,2021-04-07,Standard Class,CUST-9986,,Consumer,Mesa,Arizona,West,Clothing,Jackets,Jackets - Model K131,2,340.01,0.0,680.02,288.91,17.99
ORD-2023-04560,01/02/2023,2023-01-09,Standard Class,CUST-4039,Sarah Perez,Consumer,Stamford,Connecticut,East,Clothing,Jackets,Jackets - Model I908,8,270.39,0.3,1514.18,573.77,46.74
ORD-2024-04561,06/08/2024,2024-06-11,First Class,CUST-8197,Susan Taylor,Consumer,Sacramento,California,West,Office Supplies,Binders,Binders - Model B612,12,195.34,0.1,2109.67,934.09,41.09
ORD-2024-04562,02/23/2024,2024-02-23,Same Day,CUST-0549,Joseph Smith,Home Office,Newark,New Jersey,East,Clothing,Shirts,Shirts - Model N815,8,121.05,0.3,677.88,198.92,51.36
ORD-2023-04563,02/15/2023,2023-02-21,Standard Class,CUST-7493,Elizabeth Lee,Corporate,Portland,Oregon,,Technology,Accessories,Accessories - Model I720,11,1704.97,0.0,18754.67,1704.39,35.65
ORD-2022-04564,12/15/2022,2022-12-19,Standard Class,CUST-7508,Patricia Perez,Consumer,Newark,New Jersey,East,Clothing,Jackets,Jackets - Model P808,8,108.88,0.25,653.28,264.5,17.09
ORD-2023-04565,07/12/2023,2023-07-19,Standard Class,CUST-8156,Anthony Perez,Corporate,Savannah,Georgia,South,Clothing,Shirts,Shirts - Model I878,7,171.18,0.0,1198.26,484.9,12.8
ORD-2024-04566,07/28/2024,2024-07-31,First Class,CUST-8013,Michael Lopez,Corporate,Cleveland,Ohio,Central,Furniture,Chairs,Chairs - Model M104,9,1200.31,0.3,7561.95,1213.34,2.84
ORD-2022-04567,01/24/2022,2022-01-27,First Class,CUST-8549,Mark Anderson,Consumer,Cincinnati,Ohio,Central,Clothing,Accessories,Accessories - Model P115,12,77.41,0.0,928.92,191.63,32.41
ORD-2022-04568,06/27/2022,2022-07-02,Second Class,CUST-9034,Lisa Miller,Home Office,Columbus,Ohio,Central,Clothing,Accessories,Accessories - Model I446,10,162.89,0.05,1547.45,701.13,3.41
ORD-2022-04569,11/17/2022,2022-11-17,Same Day,CUST-6660,James Williams,Corporate,Seattle,Washington,West,Office Supplies,Envelopes,Envelopes - Model M257,10,86.12,0.0,861.2,357.62,96.15
ORD-2023-04570,11/21/2023,2023-11-25,Second Class,CUST-4522,Betty Davis,Consumer,Augusta,Georgia,South,Furniture,Tables,Tables - Model I174,7,575.59,0.25,3021.85,168.15,33.81
ORD-2023-04571,05/29/2023,2023-06-04,Standard Class,CUST-2018,Robert Smith,Consumer,Las Vegas,Nevada,west,Clothing,Accessories,Accessories - Model E311,4,390.6,0.05,1484.28,656.9,13.83
ORD-2021-04572,10/31/2021,2021-11-04,Second Class,CUST-5551,Patricia Williams,Corporate,Raleigh,North Carolina,South,,Phones,Phones - Model J826,11,563.63,0.1,5579.94,905.57,7.65
ORD-2024-04573,11/11/2024,2024-11-12,First Class,CUST-9753,Jessica Perez,Corporate,New York City,New York,East,Furniture,Desks,Desks - Model L380,4,1394.92,0.0,5579.68,697.58,3.18
ORD-2021-04574,11/09/2021,2021-11-13,Standard Class,CUST-0011,Margaret Clark,Consumer,Mesa,Arizona,West,Office Supplies,Binders,Binders - Model O593,9,157.01,0.05,1342.44,491.5,4.95
ORD-2022-04575,08/13/2022,2022-08-14,First Class,CUST-6384,Sarah Martinez,Home Office,Jersey City,New Jersey,East,Furniture,Tables,Tables - Model F522,7,818.47,0.3,4010.5,-126.44,9.61
ORD-2023-04576,12/23/2023,2023-12-25,First Class,CUST-4964,Nancy Jackson,Consumer,Las Vegas,Nevada,West,Clothing,Shoes,Shoes - Model B678,5,143.79,0.2,575.16,227.12,28.1
ORD-2023-04577,01/28/2023,2023-02-02,Standard Class,CUST-5076,Sandra Moore,Consumer,Durham,North Carolina,South,Office Supplies,Envelopes,Envelopes - Model P516,2,128.69,0.3,180.17,27.24,31.41
ORD-2024-04578,09/17/2024,2024-09-24,Standard Class,CUST-4933,Nancy Lopez,Home Office,Augusta,Georgia,South,Clothing,Accessories,Accessories - Model E218,6,203.91,0.15,1039.94,368.8,20.17
ORD-2021-04579,02/11/2021,2021-02-16,Second Class,CUST-8904,James Hernandez,Consumer,Buffalo,New York,East,Clothing,Pants,Pants - Model C791,8,227.92,0.0,1823.36,935.97,20.61
ORD-2021-04580,07/16/2021,2021-07-16,Same Day,CUST-5988,Amelia Moore,Consumer,Worcester,Massachusetts,East,Clothing,Shirts,Shirts - Model C365,6,14.12,0.2,67.78,33.69,48.14
ORD-2021-04581,01/11/2021,2021-01-16,Standard Class,CUST-5389,Charlotte Martinez,Consumer,Virginia Beach,Virginia,South,Clothing,Shoes,Shoes - Model M360,12,43.43,0.15,442.99,147.54,39.76
ORD-2024-04582,05/02/2024,2024-05-03,First Class,CUST-3761,James Lewis,Consumer,Knoxville,Tennessee,South,Clothing,Jackets,Jackets - Model G635,9,355.39,0.3,2238.96,-316.77,2.6
ORD-2022-04583,11/08/2022,2022-11-09,First Class,CUST-9788,William Rodriguez,Corporate,Memphis,Tennessee,South,Furniture,Chairs,Chairs - Model P957,11,799.23,0.0,8791.53,715.14,33.26
ORD-2023-04584,04/05/2023,2023-04-10,Standard Class,CUST-3369,Christopher Clark,Corporate,Trenton,New Jersey,East,Furniture,Bookcases,Bookcases - Model I305,12,995.64,0.2,9558.14,1429.72,48.49
ORD-2024-04585,07/31/2024,2024-08-05,Standard Class,CUST-3655,Karen Clark,Consumer,Phoenix,Arizona,West,Office Supplies,Paper,Paper - Model J837,12,31.03,0.1,335.12,72.1,23.12
ORD-2021-04586,05/12/2021,2021-05-19,Standard Class,CUST-6157,Charlotte Miller,Corporate,Jersey City,New Jersey,East,Clothing,Shoes,Shoes - Model N688,5,75.84,0.0,379.2,124.5,2.55
ORD-2021-04587,12/17/2021,2021-12-21,Standard Class,CUST-6019,Anthony Martin,Corporate,Ann Arbor,Michigan,Central,Technology,Monitors,Monitors - Model D945,11,1051.8,0.2,9255.84,532.12,2.32
ORD-2023-04588,12/19/2023,2023-12-26,Standard Class,CUST-6258,Betty Thompson,Corporate,Jersey City,New Jersey,East,Technology,Accessories,Accessories - Model D673,6,286.67,0.3,1204.01,180.96,10.43
ORD-2022-04589,09/23/2022,2022-09-24,First Class,CUST-5470,Harper Hernandez,Consumer,Rochester,New York,East,,Monitors,Monitors - Model F497,6,397.98,0.15,2029.7,282.43,33.56
ORD-2023-04590,05/17/2023,2023-05-21,Standard Class,CUST-8511,Mia Jones,Corporate,Mesa,Arizona,West,Office Supplies,Labels,Labels - Model P316,5,4.31,0.25,16.16,7.15,36.02
ORD-2022-04591,11/30/2022,2022-12-04,Standard Class,CUST-4217,Emily Moore,Home Office,Charlotte,North Carolina,South,Technology,Monitors,Monitors - Model F472,9,172.05,0.0,1548.45,378.32,30.33
ORD-2021-04592,10/15/2021,2021-10-22,Standard Class,CUST-5551,Patricia Williams,Home Office,Augusta,Georgia,South,Furniture,Bookcases,Bookcases - Model M905,7,1175.11,0.1,7403.19,241.94,2.26
ORD-2021-04593,11/12/2021,2021-11-15,Second Class,CUST-8993,Margaret Wilson,Consumer,Houston,Texas,Central,Furniture,Bookcases,Bookcases - Model A855,9,931.27,0.0,8381.43,678.5,11.96
ORD-2023-04594,10/08/2023,2023-10-08,Same Day,CUST-7963,Christopher Anderson,Corporate,Sacramento,California,West,Office Supplies,Pens,Pens - Model J162,7,56.26,0.25,295.37,120.27,78.04
ORD-2024-04595,04/22/2024,2024-04-26,Standard Class,CUST-3851,Charles Miller,Home Office,Tacoma,Washington,West,Technology,Phones,Phones - Model A201,6,1759.77,0.2,8446.9,1430.28,11.94
ORD-2022-04596,12/25/2022,2022-12-31,Standard Class,CUST-5163,Jennifer Martinez,Consumer,San Francisco,California,West,Office Supplies,Binders,Binders - Model H484,7,36.05,0.1,227.11,98.02,23.53
ORD-2024-04597,12/03/2024,2024-12-06,First Class,CUST-8552,Sarah Anderson,Home Office,Durham,North Carolina,South,Technology,Laptops,Laptops - Model P243,7,377.91,0.0,2645.37,378.85,26.97
ORD-2021-04598,12/09/2021,2021-12-14,Second Class,CUST-9788,William Rodriguez,Corporate,Cleveland,Ohio,Central,Office Supplies,Envelopes,Envelopes - Model M714,11,184.36,0.0,2027.96,437.04,24.55
ORD-2023-04599,12/15/2023,2023-12-20,Standard Class,CUST-6157,Charlotte Miller,Corporate,Cincinnati,Ohio,Central,Furniture,Storage,Storage - Model B681,9,844.12,0.0,7597.08,364.47,32.98
ORD-2023-04600,12/23/2023,2023-12-30,Standard Class,CUST-6258,Betty Thompson,Corporate,New York City,New York,East,Clothing,Pants,Pants - Model N625,6,211.31,0.15,1077.68,516.41,41.45
ORD-2023-04601,01/06/2023,2023-01-12,Standard Class,CUST-0827,Harper Wilson,Consumer,Virginia Beach,Virginia,South,Clothing,Jackets,Jackets - Model L262,3,29.35,0.1,79.25,29.66,48.01
ORD-2022-04602,05/25/2022,2022-05-30,Standard Class,CUST-4039,Sarah Perez,Consumer,Memphis,Tennessee,South,Furniture,Bookcases,Bookcases - Model F428,11,859.87,0.15,8039.78,931.13,41.47
ORD-2022-04603,01/24/2022,2022-01-30,Standard Class,CUST-6127,Ava Anderson,Corporate,Philadelphia,Pennsylvania,East,Office Supplies,Envelopes,Envelopes - Model M605,7,6.81,0.0,47.67,17.61,39.23
ORD-2022-04604,11/30/2022,2022-12-06,Standard Class,CUST-1039,Charlotte Lewis,Home Office,Seattle,Washington,West,Technology,Laptops,Laptops - Model P268,2,1255.76,0.3,1758.06,271.16,16.93
ORD-2021-04605,06/07/2021,2021-06-07,Same Day,CUST-3359,Robert White,Consumer,Allentown,Pennsylvania,East,Clothing,Jackets,Jackets - Model K927,3,287.73,0.2,690.55,230.8,49.05
ORD-2022-04606,11/08/2022,2022-11-13,Second Class,CUST-8312,Betty Moore,Consumer,Allentown,Pennsylvania,East,Technology,Accessories,Accessories - Model F607,6,1686.38,0.0,10118.28,1264.65,29.03
ORD-2024-04607,04/25/2024,2024-04-29,Standard Class,CUST-1564,Richard Jones,Consumer,Pittsburgh,Pennsylvania,East,Furniture,Chairs,Chairs - Model H680,6,1286.34,0.0,7718.04,305.67,24.75
ORD-2023-04608,06/25/2023,2023-06-28,Second Class,CUST-1809,Christopher Lewis,Corporate,Allentown,Pennsylvania,East,Office Supplies,Pens,Pens - Model J232,4,107.2,0.05,407.36,182.62,14.82
ORD-2024-04609,10/30/2024,2024-11-06,Standard Class,CUST-0230,Margaret Williams,Consumer,Portland,Oregon,West,Technology,Accessories,Accessories - Model E861,12,102.18,0.0,1226.16,101.58,18.16
ORD-2023-04610,01/12/2023,2023-01-14,First Class,CUST-8891,Jennifer Ramirez,Corporate,Columbus,Ohio,Central,Office Supplies,Paper,Paper - Model I265,5,82.19,0.2,328.76,56.92,6.61
ORD-2024-04611,04/02/2024,2024-04-06,Second Class,CUST-6157,Charlotte Miller,Consumer,Austin,Texas,Central,Technology,Monitors,Monitors - Model C225,2,1959.7,0.0,3919.4,,41.51
ORD-2022-04612,06/30/2022,2022-07-05,Standard Class,CUST-2380,Thomas Garcia,Corporate,Los Angeles,California,West,Clothing,Shoes,Shoes - Model A338,9,12.97,0.0,116.73,23.22,42.73
ORD-2023-04613,12/11/2023,2023-12-17,Standard Class,CUST-8341,Sarah Robinson,Corporate,Seattle,Washington,West,Furniture,Chairs,Chairs - Model B326,12,243.53,0.3,2045.65,290.99,7.43
ORD-2021-04614,06/14/2021,2021-06-18,Standard Class,CUST-3326,Mark Clark,Consumer,Charlotte,North Carolina,South,Furniture,Tables,Tables - Model B817,2,73.34,0.25,110.01,15.65,34.36
ORD-2023-04615,01/01/2023,2023-01-05,Standard Class,CUST-4933,Nancy Lopez,Home Office,Seattle,Washington,West,Office Supplies,Paper,Paper - Model I684,7,49.58,0.2,277.65,60.1,36.68
ORD-2024-04616,01/12/2024,2024-01-12,Same Day,CUST-8021,Lisa Rodriguez,Corporate,Houston,Texas,Central,Technology,Monitors,Monitors - Model D513,7,2304.35,0.2,12904.36,1527.03,92.02
ORD-2021-04617,04/24/2021,2021-04-28,Standard Class,CUST-8774,Karen Anderson,Consumer,Eugene,Oregon,West,Technology,Tablets,Tablets - Model E682,9,938.47,0.15,,1147.28,6.53
ORD-2022-04618,05/16/2022,2022-05-17,First Class,CUST-7493,Elizabeth Lee,Consumer,Eugene,Oregon,West,Technology,Laptops,Laptops - Model G885,12,2174.06,0.15,22175.41,3807.84,30.45
ORD-2021-04619,11/15/2021,2021-11-22,Standard Class,CUST-1544,David Rodriguez,Corporate,Houston,Texas,Central,Office Supplies,Pens,Pens - Model O963,7,3.14,0.3,15.39,4.09,7.54
ORD-2023-04620,03/06/2023,2023-03-06,Same Day,CUST-2233,John Anderson,Consumer,Columbus,Ohio,Central,Office Supplies,Labels,Labels - Model L768,9,153.81,0.0,1384.29,333.91,105.83
ORD-2022-04621,11/16/2022,2022-11-20,Standard Class,CUST-9219,William Perez,Consumer,Mesa,Arizona,West,Clothing,Accessories,Accessories - Model F295,6,65.33,0.2,313.58,168.1,2.94
ORD-2024-04622,03/11/2024,2024-03-11,Same Day,CUST-4159,Charles Garcia,Home Office,Buffalo,New York,East,Clothing,Accessories,Accessories - Model D259,3,191.01,0.15,487.08,166.02,31.09
ORD-2021-04623,03/26/2021,2021-03-31,Second Class,CUST-9297,Jessica White,Home Office,Worcester,Massachusetts,East,Technology,Phones,Phones - Model I202,12,1928.68,0.0,23144.16,3930.15,31.24
ORD-2024-04624,09/26/2024,2024-10-01,Second Class,CUST-5163,Jennifer Martinez,Consumer,Pittsburgh,Pennsylvania,East,Technology,Monitors,Monitors - Model G951,4,2139.99,0.05,8131.96,1990.86,41.72
ORD-2023-04625,11/24/2023,2023-11-30,Standard Class,CUST-5543,Isabella Hernandez,Consumer,Philadelphia,Pennsylvania,,Office Supplies,Envelopes,Envelopes - Model N476,5,135.76,0.2,543.04,196.79,4.86
ORD-2024-04626,11/21/2024,2024-11-25,Standard Class,CUST-8884,Thomas Jones,Consumer,Ann Arbor,Michigan,Central,Office Supplies,Labels,Labels - Model C516,9,170.05,0.3,1071.32,-343.42,18.66
ORD-2024-04627,08/27/2024,2024-08-30,Second Class,CUST-2106,John Martin,Consumer,Augusta,Georgia,South,Clothing,Pants,Pants - Model H149,11,358.61,0.3,2761.3,858.32,31.93
ORD-2023-04628,10/07/2023,2023-10-11,Standard Class,CUST-2763,Linda Robinson,Consumer,San Diego,California,West,Clothing,Accessories,Accessories - Model L531,10,155.45,0.15,1321.33,515.34,16.65
ORD-2024-04629,08/06/2024,2024-08-10,Standard Class,CUST-8254,Sandra Martinez,Consumer,Las Vegas,Nevada,West,Office Supplies,Pens,Pens - Model H398,6,117.61,0.0,705.66,108.59,36.31
ORD-2021-04630,08/06/2021,2021-08-11,Standard Class,CUST-0710,David Miller,Consumer,Las Vegas,Nevada,West,,Laptops,Laptops - Model O798,4,842.5,0.1,3033.0,226.24,23.23
ORD-2023-04631,06/21/2023,2023-06-26,Second Class,CUST-6019,Anthony Martin,Corporate,New Haven,Connecticut,East,Clothing,Jackets,Jackets - Model G315,2,395.01,0.2,632.02,165.52,27.7
ORD-2023-04632,03/29/2023,2023-04-03,Standard Class,CUST-8969,Evelyn Lewis,Consumer,Naperville,Illinois,Central,Technology,Monitors,Monitors - Model A578,6,168.87,0.05,962.56,188.24,6.65
ORD-2024-04633,03/08/2024,2024-03-15,Standard Class,CUST-0017,Margaret Sanchez,Corporate,Memphis,Tennessee,South,Technology,Tablets,Tablets - Model H318,7,1286.03,0.05,8552.1,505.45,34.18
ORD-2021-04634,08/10/2021,2021-08-17,Standard Class,CUST-6484,Harper Miller,Corporate,Richmond,Virginia,South,Furniture,Desks,Desks - Model P790,7,1404.86,0.0,9834.02,1894.67,29.26
ORD-2023-04635,06/21/2023,2023-06-21,Same Day,CUST-4944,Olivia Martin,Corporate,Nashville,Tennessee,South,Technology,Monitors,Monitors - Model O407,6,2031.98,0.15,10363.1,690.54,122.96
ORD-2023-04636,07/12/2023,2023-07-13,First Class,CUST-7358,David Lee,Consumer,Worcester,Massachusetts,East,Clothing,Shoes,Shoes - Model L971,1,116.38,0.15,,51.34,28.9
ORD-2021-04637,03/27/2021,2021-04-01,Second Class,CUST-0710,Karen Gonzalez,Consumer,Reno,Nevada,West,Clothing,Shoes,Shoes - Model O144,5,99.94,0.0,499.7,107.0,15.47
ORD-2022-04638,11/17/2022,2022-11-21,Second Class,CUST-4140,Matthew Thomas,Consumer,Detroit,Michigan,Central,Furniture,Desks,Desks - Model D978,9,739.94,0.3,4661.62,-474.48,9.31
ORD-2023-04639,12/10/2023,2023-12-10,Same Day,CUST-3326,Mark Clark,Corporate,Buffalo,New York,East,Clothing,Accessories,Accessories - Model A190,6,330.98,0.3,1390.12,-507.13,81.22
ORD-2023-04640,12/30/2023,2024-01-05,Standard Class,CUST-9006,Michael Johnson,Home Office,Spokane,Washington,West,Office Supplies,Labels,Labels - Model E171,10,22.04,0.25,165.3,-35.58,15.52
ORD-2023-04641,03/14/2023,2023-03-16,First Class,CUST-2763,Linda Robinson,Corporate,Nashville,Tennessee,South,Clothing,Jackets,Jackets - Model B153,8,73.77,0.05,560.65,299.32,35.81
ORD-2021-04642,11/09/2021,2021-11-14,Second Class,CUST-2508,,Home Office,Hartford,Connecticut,East,Clothing,Shirts,Shirts - Model E217,6,239.92,0.15,1223.59,365.44,32.64
ORD-2023-04643,12/17/2023,2023-12-23,Standard Class,CUST-2763,Linda Robinson,Consumer,Ann Arbor,Michigan,Central,Technology,Accessories,Accessories - Model F173,8,1206.15,0.2,7719.36,1084.15,30.93
ORD-2023-04644,12/02/2023,2023-12-03,First Class,CUST-5322,Patricia Jackson,Corporate,Houston,Texas,Central,Clothing,Shoes,Shoes - Model I413,5,190.7,0.0,953.5,395.92,42.0
ORD-2023-04645,09/14/2023,2023-09-19,Standard Class,CUST-0706,Susan Harris,Consumer,Tucson,Arizona,West,Technology,Tablets,Tablets - Model I308,12,156.79,0.05,1787.41,413.88,13.71
ORD-2024-04646,02/07/2024,2024-02-08,First Class,CUST-7955,Sandra Davis,Consumer,Reno,Nevada,West,Office Supplies,Paper,Paper - Model J333,10,105.65,0.1,950.85,101.43,3.18
ORD-2024-04647,10/14/2024,2024-10-19,Standard Class,CUST-3453,Amelia Wilson,Consumer,Phoenix,Arizona,West,Furniture,Bookcases,Bookcases - Model M276,9,1142.32,0.0,10280.88,1608.1,3.4
ORD-2024-04648,06/05/2024,2024-06-09,Standard Class,CUST-5792,Jessica Garcia,Consumer,Aurora,Illinois,Central,Technology,Phones,Phones - Model I769,1,1048.72,0.3,734.1,142.22,37.17
ORD-2024-04649,04/24/2024,2024-05-01,Standard Class,CUST-4355,Sarah Lopez,Home Office,Worcester,Massachusetts,East,Technology,Tablets,Tablets - Model A952,4,1940.68,0.1,6986.45,1257.12,3.2
ORD-2023-04650,04/09/2023,2023-04-12,First Class,CUST-8217,Mia Miller,Consumer,Salem,Oregon,,Clothing,Accessories,Accessories - Model P170,3,45.71,0.2,109.7,43.81,37.14
ORD-2022-04651,03/08/2022,2022-03-11,Second Class,CUST-8945,Robert Lewis,Consumer,Nashville,Tennessee,South,Clothing,Shirts,Shirts - Model H399,6,243.73,0.05,1389.26,212.37,6.97
ORD-2021-04652,04/30/2021,2021-05-05,Standard Class,CUST-4469,Christopher Johnson,Corporate,Memphis,Tennessee,South,Furniture,Tables,Tables - Model J174,8,1126.15,0.0,9009.2,1384.07,36.19
ORD-2022-04653,12/25/2022,2022-12-27,First Class,CUST-8884,Thomas Jones,Consumer,New Haven,Connecticut,East,Technology,Laptops,Laptops - Model C238,12,739.73,0.0,8876.76,851.0,37.05
ORD-2023-04654,03/24/2023,2023-03-28,Standard Class,CUST-2627,Margaret Jones,Consumer,Memphis,Tennessee,South,Office Supplies,Binders,Binders - Model H349,6,75.56,0.1,408.02,130.05,33.64
ORD-2021-04655,03/27/2021,2021-04-02,Standard Class,CUST-1388,Elizabeth Robinson,Corporate,Phoenix,Arizona,West,Clothing,Jackets,Jackets - Model D873,6,118.0,0.25,531.0,169.15,11.77
ORD-2024-04656,06/14/2024,2024-06-19,Standard Class,CUST-5233,Sandra Wilson,Consumer,Norfolk,Virginia,South,Office Supplies,Labels,Labels - Model K478,2,39.71,0.05,75.45,30.75,48.17
ORD-2022-04657,03/30/2022,2022-04-05,Standard Class,CUST-6384,Sarah Martinez,Consumer,Orlando,Florida,South,Clothing,Jackets,Jackets - Model A269,11,301.1,0.15,2815.29,1175.01,40.66
ORD-2024-04658,06/30/2024,2024-07-04,Standard Class,CUST-0551,Jessica Thomas,Consumer,Miami,Florida,South,Technology,Tablets,Tablets - Model F654,6,2324.04,0.05,13247.03,2574.85,4.1
ORD-2021-04659,11/16/2021,2021-11-16,Same Day,CUST-1446,Elizabeth Moore,Corporate,Saint Paul,Minnesota,Central,Technology,Monitors,Monitors - Model P404,6,1048.12,0.1,5659.85,813.79,81.5
ORD-2022-04660,05/04/2022,2022-05-09,Standard Class,CUST-2232,Anthony Hernandez,Consumer,Seattle,Washington,West,Technology,Accessories,Accessories - Model B258,3,409.07,0.1,1104.49,202.39,35.57
ORD-2021-04661,06/30/2021,2021-07-01,First Class,CUST-4016,Sarah Hernandez,Consumer,New York City,New York,East,Furniture,Tables,Tables - Model L823,6,163.19,0.0,979.14,55.65,34.57
ORD-2022-04662,03/18/2022,2022-03-18,Same Day,CUST-2377,Olivia Gonzalez,Consumer,Dallas,Texas,Central,Clothing,Jackets,Jackets - Model E359,1,408.47,0.0,408.47,195.39,38.49
ORD-2021-04663,12/13/2021,2021-12-18,Standard Class,CUST-8591,Christopher Gonzalez,Consumer,Las Vegas,Nevada,West,Clothing,Shirts,Shirts - Model O536,3,369.67,0.3,776.31,122.02,47.84
ORD-2024-04664,10/27/2024,2024-11-02,Standard Class,CUST-8511,Mia Jones,Consumer,Salem,Oregon,West,Technology,Phones,Phones - Model B246,8,884.31,0.25,5305.86,857.34,21.85
ORD-2024-04665,01/12/2024,2024-01-16,Standard Class,CUST-4566,Mary Perez,Corporate,Jacksonville,Florida,South,Furniture,Storage,Storage - Model N992,7,518.51,0.2,2903.66,,24.67
ORD-2023-04666,03/31/2023,2023-04-03,First Class,CUST-2627,Margaret Jones,Consumer,Pittsburgh,Pennsylvania,East,Furniture,Chairs,Chairs - Model F791,12,938.94,0.05,10703.92,357.09,12.75
ORD-2024-04667,02/18/2024,2024-02-18,Same Day,CUST-4964,Nancy Jackson,Consumer,Reno,Nevada,West,Furniture,Desks,Desks - Model I408,7,1356.2,0.05,9018.73,1184.93,109.69
ORD-2022-04668,02/05/2022,2022-02-09,Second Class,CUST-6974,David Jones,Home Office,Grand Rapids,Michigan,Central,Clothing,Pants,Pants - Model G103,3,404.58,0.0,1213.74,334.53,35.44
ORD-2024-04669,02/23/2024,2024-02-29,Standard Class,CUST-9006,Michael Johnson,Corporate,Worcester,Massachusetts,East,Clothing,Shoes,Shoes - Model L865,7,290.42,0.1,1829.65,833.49,19.4
ORD-2023-04670,05/23/2023,2023-05-27,Second Class,CUST-8326,Matthew Perez,Consumer,Miami,Florida,South,Clothing,Jackets,Jackets - Model B935,4,115.47,0.15,392.6,161.05,34.73
ORD-2023-04671,05/26/2023,2023-05-27,First Class,CUST-1780,David Wilson,Corporate,Salem,Oregon,West,Office Supplies,Labels,Labels - Model L565,3,197.26,0.0,591.78,175.46,20.17
ORD-2021-04672,03/12/2021,2021-03-16,Standard Class,CUST-2644,Isabella Johnson,Corporate,Newark,New Jersey,East,Clothing,Shoes,Shoes - Model C710,8,201.12,0.05,1528.51,303.69,28.34
ORD-2021-04673,11/16/2021,2021-11-20,Standard Class,CUST-1363,Richard Clark,Home Office,Virginia Beach,Virginia,South,Technology,Accessories,Accessories - Model K164,6,1158.61,0.0,6951.66,1467.14,10.63
ORD-2024-04674,08/17/2024,2024-08-24,Standard Class,CUST-8355,Margaret Davis,Corporate,Hartford,Connecticut,East,Office Supplies,Envelopes,Envelopes - Model B471,11,43.85,0.0,482.35,106.58,34.76
ORD-2023-04675,01/28/2023,2023-01-29,First Class,CUST-5322,Susan Robinson,Corporate,Miami,Florida,South,Clothing,Accessories,Accessories - Model E789,2,469.87,0.25,704.81,-184.88,35.33
ORD-2024-04676,04/29/2024,2024-05-03,Standard Class,CUST-2649,Ava Smith,Consumer,Reno,Nevada,West,Clothing,Pants,Pants - Model L656,12,277.54,0.0,3330.48,822.63,33.26
ORD-2021-04677,12/23/2021,2021-12-27,Standard Class,CUST-9611,Amelia Rodriguez,Consumer,Tacoma,Washington,West,Clothing,Shoes,Shoes - Model J170,9,477.78,0.1,3870.02,1608.48,3.88
ORD-2021-04678,03/18/2021,2021-03-20,First Class,CUST-0230,Margaret Williams,Consumer,Tacoma,Washington,West,Office Supplies,Envelopes,Envelopes - Model O691,8,157.12,0.1,1131.26,151.44,17.17
ORD-2022-04679,06/03/2022,2022-06-10,Standard Class,CUST-6884,Barbara Sanchez,Corporate,Atlanta,Georgia,South,Furniture,Storage,Storage - Model F868,8,341.41,0.25,2048.46,132.85,41.92
ORD-2023-04680,07/08/2023,2023-07-14,Standard Class,CUST-1630,Michael Gonzalez,Consumer,New Haven,Connecticut,East,Technology,Phones,Phones - Model P362,10,1497.96,0.25,11234.7,1338.01,9.48
ORD-2021-04681,04/28/2021,2021-04-30,First Class,CUST-2111,Charlotte Brown,Consumer,Grand Rapids,Michigan,Central,Furniture,Desks,Desks - Model I652,5,619.02,0.0,3095.1,414.64,49.03
ORD-2023-04682,11/03/2023,2023-11-03,Same Day,CUST-8858,Patricia Davis,Consumer,Minneapolis,Minnesota,Central,Furniture,Chairs,Chairs - Model E833,8,245.93,0.15,,177.97,24.86
ORD-2023-04683,04/17/2023,2023-04-18,First Class,CUST-3316,Margaret Thompson,Consumer,Buffalo,New York,East,Furniture,Chairs,Chairs - Model D198,8,911.56,0.3,5104.74,-412.46,41.78
ORD-2024-04684,01/26/2024,2024-02-02,Standard Class,CUST-6884,Barbara Sanchez,Corporate,Salem,Oregon,West,Technology,Phones,Phones - Model K509,4,332.47,0.05,1263.39,179.84,2.88
ORD-2021-04685,07/30/2021,2021-08-01,First Class,CUST-2380,Thomas Garcia,Home Office,San Diego,California,West,Office Supplies,Binders,Binders - Model C903,2,181.24,0.0,362.48,98.95,44.53
ORD-2024-04686,12/19/2024,2024-12-24,Standard Class,CUST-3655,Karen Clark,Consumer,Jersey City,New Jersey,East,Office Supplies,Binders,Binders - Model H320,11,67.59,0.15,,163.0,42.27
ORD-2024-04687,04/19/2024,2024-04-23,Second Class,CUST-4138,James Harris,Consumer,Mesa,Arizona,West,Clothing,Accessories,Accessories - Model H331,9,310.65,0.25,2096.89,927.08,30.13
ORD-2023-04688,11/08/2023,2023-11-13,Second Class,CUST-8013,Michael Lopez,Corporate,Philadelphia,Pennsylvania,East,Technology,Accessories,Accessories - Model P794,6,196.1,0.3,823.62,78.88,22.07
ORD-2022-04689,12/08/2022,2022-12-15,Standard Class,CUST-8156,Anthony Perez,Corporate,Austin,Texas,Central,  Furniture  ,Tables,Tables - Model O450,4,1086.17,0.2,3475.74,420.61,22.36
ORD-2021-04690,11/17/2021,2021-11-24,Standard Class,CUST-1814,Barbara Williams,Consumer,Rochester,Minnesota,Central,Clothing,Shirts,Shirts - Model J544,9,445.69,0.3,2807.85,1106.44,48.71
ORD-2022-04691,02/07/2022,2022-02-11,Standard Class,CUST-8263,Jessica Ramirez,Consumer,Tampa,Florida,South,Furniture,Desks,Desks - Model I102,4,612.19,0.0,2448.76,293.03,31.72
ORD-2022-04692,10/25/2022,2022-10-30,Second Class,CUST-6594,Michael Brown,Consumer,Knoxville,Tennessee,South,Clothing,Accessories,Accessories - Model D246,11,54.26,0.3,417.8,115.66,18.0
ORD-2022-04693,02/26/2022,2022-03-04,Standard Class,CUST-6941,Thomas Taylor,Home Office,Springfield,Massachusetts,East,Office Supplies,Binders,Binders - Model K502,4,13.91,0.3,38.95,3.97,3.77
ORD-2024-04694,11/15/2024,2024-11-19,Standard Class,CUST-1132,Sophia Gonzalez,Consumer,Richmond,Virginia,South,Technology,Phones,Phones - Model H175,3,1339.72,0.25,3014.37,-439.97,31.3
ORD-2022-04695,09/14/2022,2022-09-21,Standard Class,CUST-1780,David Wilson,Corporate,Seattle,Washington,West,Clothing,Shoes,Shoes - Model H658,7,119.26,0.0,834.82,295.78,43.64
ORD-2022-04696,06/07/2022,2022-06-11,Standard Class,CUST-3042,David Perez,Consumer,Las Vegas,Nevada,West,Technology,Tablets,Tablets - Model J104,8,326.17,0.0,2609.36,439.14,27.09
ORD-2024-04697,05/01/2024,2024-05-07,  Standard Class  ,CUST-4313,Emily Davis,Corporate,Reno,Nevada,West,Clothing,Pants,Pants - Model C382,6,339.5,0.05,1935.15,864.3,7.24
ORD-2021-04698,10/03/2021,2021-10-07,Standard Class,CUST-3042,David Perez,Consumer,Dallas,Texas,,Clothing,Jackets,Jackets - Model H708,2,398.75,0.0,797.5,422.06,37.41
ORD-2021-04699,07/18/2021,2021-07-23,Standard Class,CUST-4248,Sophia Williams,Consumer,Naperville,Illinois,Central,,Envelopes,Envelopes - Model P598,11,185.26,0.15,1732.18,272.51,21.08
ORD-2024-04700,04/19/2024,2024-04-25,Standard Class,CUST-0371,Daniel Martin,Corporate,Durham,North Carolina,South,Furniture,Storage,Storage - Model F696,2,899.83,0.3,1259.76,149.47,29.74
ORD-2024-04701,11/18/2024,2024-11-22,Second Class,CUST-1816,Karen Davis,Corporate,Charlotte,North Carolina,South,Technology,Monitors,Monitors - Model O558,1,1959.82,0.1,1763.84,352.37,12.76
ORD-2024-04702,07/13/2024,2024-07-20,Standard Class,CUST-8742,Anthony Miller,Home Office,Minneapolis,Minnesota,Central,Furniture,Storage,Storage - Model D390,6,568.04,0.15,2897.0,272.2,36.01
ORD-2024-04703,08/06/2024,2024-08-11,Standard Class,CUST-5336,Isabella Williams,Corporate,Eugene,Oregon,West,Office Supplies,Labels,Labels - Model L247,12,69.31,0.0,831.72,360.16,15.74
ORD-2021-04704,10/07/2021,2021-10-10,Second Class,CUST-5470,Harper Hernandez,Home Office,Tacoma,Washington,West,Technology,Laptops,Laptops - Model P984,9,142.06,0.25,958.9,,48.84
ORD-2023-04705,03/28/2023,2023-03-28,Same Day,CUST-1816,Karen Davis,Consumer,Springfield,Massachusetts,East,Furniture,Chairs,Chairs - Model K108,7,928.84,0.3,4551.32,490.42,42.96
ORD-2022-04706,12/15/2022,2022-12-15,Same Day,CUST-3952,Michael Ramirez,Consumer,Trenton,New Jersey,East,Technology,Phones,Phones - Model M686,7,677.86,0.0,4745.02,,99.85
ORD-2022-04707,08/26/2022,2022-09-01,Standard Class,CUST-6833,Margaret Martin,Corporate,Charlotte,North Carolina,South,Office Supplies,Paper,Paper - Model B878,6,156.66,0.0,939.96,419.11,25.4
ORD-2022-04708,11/04/2022,2022-11-06,First Class,CUST-9611,Amelia Rodriguez,Home Office,Seattle,Washington,West,Furniture,Bookcases,Bookcases - Model B698,2,153.35,0.2,245.36,15.53,9.89
ORD-2023-04709,03/06/2023,2023-03-13,Standard Class,CUST-7985,William Anderson,Consumer,Hartford,Connecticut,East,Furniture,Chairs,Chairs - Model M866,9,843.75,0.25,5695.31,654.39,13.94
ORD-2021-04710,10/02/2021,2021-10-06,Standard Class,CUST-8904,James Hernandez,Consumer,Memphis,Tennessee,South,Office Supplies,Labels,Labels - Model A320,1,97.62,0.0,97.62,34.47,44.04
ORD-2023-04711,11/07/2023,2023-11-11,Standard Class,CUST-0245,Michael Harris,Corporate,Pittsburgh,Pennsylvania,East,Furniture,Storage,Storage - Model P836,4,46.4,0.05,176.32,29.41,5.7
ORD-2021-04712,05/08/2021,2021-05-11,First Class,CUST-8858,Patricia Davis,Corporate,Boston,Massachusetts,,Technology,Phones,Phones - Model O831,7,694.45,0.0,4861.15,633.8,11.93
ORD-2022-04713,08/04/2022,2022-08-09,Second Class,CUST-7257,Nancy Anderson,Home Office,Spokane,Washington,West,Technology,Tablets,Tablets - Model H659,5,283.97,0.0,1419.85,159.52,30.85
ORD-2022-04714,10/04/2022,2022-10-09,Standard Class,CUST-2649,Ava Smith,Consumer,Trenton,New Jersey,East,Furniture,Chairs,Chairs - Model N344,8,734.97,0.0,5879.76,931.91,32.08
ORD-2021-04715,06/18/2021,2021-06-24,Standard Class,CUST-8993,Margaret Wilson,Consumer,Portland,Oregon,West,Technology,Phones,Phones - Model M277,4,196.41,0.15,,37.39,14.93
ORD-2023-04716,06/20/2023,2023-06-25,Second Class,CUST-1968,Barbara Lewis,Consumer,Eugene,Oregon,West,Office Supplies,Envelopes,Envelopes - Model K249,12,87.68,0.1,946.94,299.87,28.51
ORD-2022-04717,05/12/2022,2022-05-17,Standard Class,CUST-1814,Barbara Williams,Corporate,Phoenix,Arizona,West,Clothing,Shirts,Shirts - Model N269,6,302.4,0.25,1360.8,-289.97,15.51
ORD-2021-04718,29-Aug-2021,2021-09-05,Standard Class,CUST-0324,Robert Martin,Consumer,Hartford,Connecticut,East,Office Supplies,Paper,Paper - Model C672,6,19.42,0.1,104.87,39.12,22.43
ORD-2024-04719,01/24/2024,2024-01-28,Standard Class,CUST-0957,Karen Martin,Corporate,Memphis,Tennessee,South,Technology,Laptops,Laptops - Model J734,12,534.26,0.0,6411.12,1247.82,43.96
ORD-2023-04720,01/26/2023,2023-01-31,Second Class,CUST-4672,William Thompson,Corporate,Miami,Florida,South,Clothing,Pants,Pants - Model O732,8,121.66,0.2,,351.84,25.29
ORD-2024-04721,03/10/2024,2024-03-10,Same Day,CUST-0710,David Miller,Corporate,Memphis,Tennessee,South,Office Supplies,Binders,Binders - Model D201,11,168.62,0.0,1854.82,775.57,34.0
ORD-2022-04722,07/09/2022,2022-07-10,First Class,CUST-5383,Lisa Sanchez,Home Office,Portland,Oregon,West,Technology,Laptops,Laptops - Model K700,7,2236.23,0.2,12522.89,2928.94,40.45
ORD-2024-04723,03/21/2024,2024-03-24,Second Class,CUST-4920,Jennifer Wilson,Consumer,Phoenix,Arizona,West,Furniture,Bookcases,Bookcases - Model G319,10,520.25,0.25,3901.88,-466.03,30.85
ORD-2023-04724,09/18/2023,2023-09-19,First Class,CUST-3655,Karen Clark,Corporate,Pittsburgh,Pennsylvania,East,Office Supplies,Labels,Labels - Model F418,12,162.89,0.0,1954.68,200.48,40.49
ORD-2023-04725,04/20/2023,2023-04-25,Standard Class,CUST-4580,Harper Smith,Corporate,San Francisco,California,West,Clothing,Shoes,Shoes - Model C107,3,380.85,0.0,1142.55,213.39,23.65
ORD-2023-04726,11/20/2023,2023-11-24,Standard Class,CUST-8993,Margaret Wilson,Consumer,Los Angeles,California,West,Technology,Laptops,Laptops - Model A867,9,867.06,0.25,5852.65,-211.04,42.26
ORD-2022-04727,11/02/2022,2022-11-07,Standard Class,CUST-9297,Jessica White,Corporate,Augusta,Georgia,South,Office Supplies,Paper,Paper - Model A224,8,127.64,0.0,1021.12,393.3,35.08
ORD-2023-04728,05/06/2023,2023-05-12,Standard Class,CUST-6660,James Williams,Corporate,Cleveland,Ohio,Central,Office Supplies,Binders,Binders - Model L174,3,4.65,0.1,12.56,5.04,18.53
ORD-2021-04729,09/11/2021,2021-09-17,Standard Class,CUST-3211,William Moore,Corporate,Reno,Nevada,,Clothing,Accessories,Accessories - Model P940,11,135.82,0.05,1419.32,229.57,23.66
ORD-2024-04730,06/15/2024,2024-06-21,Standard Class,CUST-4933,Nancy Lopez,Consumer,Virginia Beach,Virginia,South,Technology,Tablets,Tablets - Model I138,5,1294.61,0.1,5825.74,699.13,36.71
ORD-2023-04731,05/21/2023,2023-05-26,Standard Class,CUST-2508,Richard Lopez,Consumer,Richmond,Virginia,South,Clothing,Shirts,Shirts - Model P586,9,424.58,0.0,3821.22,1916.78,42.37
ORD-2022-04732,08/07/2022,2022-08-13,Standard Class,CUST-0551,Jessica Thomas,Corporate,Cincinnati,Ohio,Central,Office Supplies,Paper,Paper - Model K404,8,76.4,0.1,550.08,209.27,33.3
ORD-2022-04733,12/14/2022,2022-12-20,Standard Class,CUST-0811,Jessica Rodriguez,Corporate,Tacoma,Washington,West,Furniture,Bookcases,Bookcases - Model J140,6,956.29,0.25,4303.31,-383.97,25.1
ORD-2024-04734,08/29/2024,2024-09-04,Standard Class,CUST-5694,Charles Wilson,Consumer,San Francisco,California,West,Technology,Laptops,Laptops - Model P772,4,1733.74,0.0,6934.96,1647.08,21.6
ORD-2023-04735,09/18/2023,2023-09-21,First Class,CUST-3326,Mark Clark,Consumer,Allentown,Pennsylvania,East,Furniture,Tables,Tables - Model N570,5,1065.2,0.0,5326.0,920.75,4.45
ORD-2021-04736,09/30/2021,2021-10-05,Standard Class,CUST-9611,Amelia Rodriguez,Consumer,Springfield,Massachusetts,East,Clothing,Shirts,Shirts - Model C828,3,151.1,0.0,453.3,205.9,22.49
ORD-2022-04737,02/07/2022,2022-02-13,Standard Class,CUST-0230,Margaret Williams,Consumer,Trenton,New Jersey,East,Office Supplies,Labels,Labels - Model P465,12,72.26,0.0,,245.17,5.33
ORD-2021-04738,04/02/2021,2021-04-08,Standard Class,CUST-4919,Emily Sanchez,Consumer,San Antonio,Texas,Central,,Laptops,Laptops - Model H987,-6,1316.53,0.2,6319.34,538.42,26.34
ORD-2022-04739,12/11/2022,2022-12-12,First Class,CUST-2508,Richard Lopez,Consumer,Cleveland,Ohio,Central,Technology,Phones,Phones - Model C515,11,553.42,0.0,6087.62,305.79,16.95
ORD-2021-04740,12/04/2021,2021-12-04,Same Day,CUST-5163,Jennifer Martinez,Corporate,Minneapolis,Minnesota,Central,Technology,Accessories,Accessories - Model G294,2,498.3,0.2,797.28,150.79,52.05
ORD-2022-04741,06/26/2022,2022-07-01,Standard Class,CUST-0371,Daniel Martin,Consumer,San Francisco,California,West,Furniture,Chairs,Chairs - Model P946,2,996.27,0.15,1693.66,72.42,11.47
ORD-2022-04742,01/11/2022,2022-01-18,Standard Class,CUST-4945,Isabella Clark,Consumer,Savannah,Georgia,South,Office Supplies,Labels,Labels - Model F468,4,151.67,0.1,546.01,86.01,43.36
ORD-2022-04743,07/02/2022,2022-07-07,Standard Class,CUST-8511,Mia Jones,Consumer,Hartford,Connecticut,East,Clothing,Shirts,Shirts - Model O435,3,264.27,0.0,792.81,282.84,23.37
ORD-2021-04744,11/30/2021,2021-11-30,Same Day,CUST-3662,Patricia Ramirez,Consumer,Philadelphia,Pennsylvania,East,Clothing,Pants,Pants - Model B662,4,364.14,0.3,1019.59,-394.98,56.52
ORD-2024-04745,12/24/2024,2024-12-30,Standard Class,CUST-4944,Olivia Martin,Home Office,Trenton,New Jersey,East,Clothing,Shoes,Shoes - Model I239,6,446.92,0.15,2279.29,646.97,33.58
ORD-2024-04746,04/01/2024,2024-04-08,Standard Class,CUST-8891,Jennifer Ramirez,Consumer,Tacoma,Washington,West,Office Supplies,Paper,Paper - Model K481,11,182.55,0.05,1907.65,561.33,26.65
ORD-2023-04747,06/04/2023,2023-06-09,Standard Class,CUST-8945,Robert Lewis,Consumer,Saint Paul,Minnesota,Central,Furniture,Bookcases,Bookcases - Model N541,2,210.24,0.05,399.46,15.31,24.97
ORD-2021-04748,09/06/2021,2021-09-11,Second Class,CUST-6127,Ava Anderson,Corporate,Cincinnati,Ohio,Central,Clothing,Shirts,Shirts - Model O266,9,323.2,0.0,2908.8,1587.78,2.57
ORD-2023-04749,06/14/2023,2023-06-20,Standard Class,CUST-9779,Isabella Thompson,Consumer,Cincinnati,Ohio,Central,Furniture,Chairs,Chairs - Model C636,8,333.34,0.3,1866.7,312.83,17.69
ORD-2024-04750,02/16/2024,2024-02-17,First Class,CUST-5470,Harper Hernandez,Home Office,Aurora,Illinois,Central,Office Supplies,Binders,Binders - Model I529,6,7.63,0.05,43.49,6.66,36.1
ORD-2022-04751,11/28/2022,2022-12-03,Standard Class,CUST-5359,Joseph Williams,Consumer,Trenton,New Jersey,East,Office Supplies,Labels,Labels - Model G877,8,187.49,0.2,1199.94,439.27,13.36
ORD-2024-04752,04/19/2024,2024-04-23,Second Class,CUST-4967,Sophia Rodriguez,Consumer,Ann Arbor,Michigan,Central,Clothing,Shoes,Shoes - Model I523,12,39.14,0.0,469.68,190.94,28.86
ORD-2022-04753,01/22/2022,2022-01-28,Standard Class,CUST-4919,Emily Sanchez,Consumer,Spokane,Washington,West,Clothing,Shirts,Shirts - Model B243,6,109.22,0.0,655.32,261.23,47.56
ORD-2024-04754,12/20/2024,2024-12-20,Same Day,CUST-8467,Olivia Wilson,Consumer,Eugene,Oregon,West,Office Supplies,Pens,Pens - Model A218,8,93.27,0.15,,67.85,118.76
ORD-2022-04755,07/14/2022,2022-07-16,First Class,CUST-2086,Nancy Davis,Consumer,Tampa,Florida,South,Office Supplies,Paper,Paper - Model F991,11,84.0,0.1,831.6,85.21,28.91
ORD-2022-04756,02/18/2022,2022-02-21,First Class,CUST-2627,Margaret Jones,Consumer,Rochester,Minnesota,Central,Clothing,Shoes,Shoes - Model I301,1,217.51,0.05,206.63,73.68,17.06
ORD-2021-04757,11/01/2021,2021-11-03,First Class,CUST-6437,Linda White,Consumer,Charlotte,North Carolina,South,Technology,Accessories,Accessories - Model O977,5,865.42,0.3,3028.97,327.66,44.04
ORD-2024-04758,12/19/2024,2024-12-20,First Class,CUST-8197,Susan Taylor,Consumer,Salem,Oregon,West,Technology,Monitors,Monitors - Model C395,4,290.35,0.0,1161.4,214.64,23.11
ORD-2023-04759,11/14/2023,2023-11-17,Second Class,CUST-7555,Sarah Harris,Corporate,Austin,Texas,Central,Clothing,Shirts,Shirts - Model H950,1,123.09,0.3,86.16,-32.04,7.71
ORD-2024-04760,02/24/2024,2024-02-27,First Class,CUST-6157,Charlotte Miller,Corporate,Tucson,Arizona,West,Furniture,Bookcases,Bookcases - Model G176,11,348.57,0.1,3450.84,556.2,45.57
ORD-2021-04761,11/19/2021,2021-11-22,Second Class,CUST-1060,Lisa Moore,Home Office,Salem,Oregon,West,Office Supplies,Pens,Pens - Model G866,5,38.25,0.0,191.25,20.4,19.72
ORD-2024-04762,11/28/2024,2024-12-03,Standard Class,CUST-2883,Mary Johnson,Home Office,Phoenix,Arizona,West,Office Supplies,Binders,Binders - Model O120,4,51.98,0.0,207.92,59.72,15.14
ORD-2021-04763,04/27/2021,2021-04-27,Same Day,CUST-0827,Harper Wilson,Consumer,Eugene,Oregon,West,,Pens,Pens - Model M953,5,54.53,0.0,272.65,65.5,51.98
ORD-2021-04764,02/19/2021,2021-02-22,Second Class,CUST-9788,William Rodriguez,Consumer,Columbus,Ohio,Central,Office Supplies,Pens,Pens - Model H480,8,151.64,0.05,1152.46,396.28,49.79
ORD-2024-04765,08-Feb-2024,2024-02-13,Standard Class,CUST-8914,Joseph Jones,Corporate,Spokane,Washington,West,Clothing,Shirts,Shirts - Model H120,1,74.59,0.25,55.94,-11.17,11.95
ORD-2024-04766,05/22/2024,2024-05-22,Same Day,CUST-6157,Charlotte Miller,Consumer,Naperville,Illinois,Central,Technology,Phones,Phones - Model O142,8,434.16,0.05,3299.62,753.14,124.26
ORD-2024-04767,01/15/2024,2024-01-22,Standard Class,CUST-1816,Karen Davis,Consumer,Allentown,Pennsylvania,East,Furniture,Desks,Desks - Model I296,5,961.67,0.25,3606.26,-166.66,2.75
ORD-2024-04768,11/13/2024,2024-11-16,Second Class,CUST-8217,Mia Miller,Consumer,Las Vegas,Nevada,West,Office Supplies,Pens,Pens - Model N424,3,62.19,0.3,130.6,38.64,8.46
ORD-2022-04769,07/28/2022,2022-08-02,Second Class,CUST-5049,Patricia Garcia,Consumer,Savannah,Georgia,South,Clothing,Accessories,Accessories - Model C114,4,190.69,0.1,686.48,301.39,34.0
ORD-2021-04770,07/30/2021,2021-08-02,First Class,CUST-4945,Isabella Clark,Consumer,Saint Paul,Minnesota,,Office Supplies,Paper,Paper - Model D267,1,105.91,0.3,74.14,-21.54,21.7
ORD-2022-04771,02/04/2022,2022-02-09,Standard Class,CUST-5322,Jennifer Miller,Home Office,Virginia Beach,Virginia,South,Office Supplies,Binders,Binders - Model G742,7,161.73,0.0,1132.11,301.16,21.52
ORD-2021-04772,06/30/2021,2021-07-04,Standard Class,CUST-0710,Karen Gonzalez,Consumer,Los Angeles,California,West,Technology,Tablets,Tablets - Model N584,10,2261.9,0.3,15833.3,3811.36,21.73
ORD-2024-04773,11/07/2024,2024-11-12,Standard Class,CUST-1463,,Corporate,Salem,Oregon,West,Technology,Accessories,Accessories - Model G323,5,1671.55,0.0,8357.75,1138.52,13.91
ORD-2021-04774,07/17/2021,2021-07-23,Standard Class,CUST-6261,Ava Ramirez,Consumer,Hartford,Connecticut,East,FURNITURE,Desks,Desks - Model P415,11,424.94,0.15,3973.19,223.31,43.2
ORD-2022-04775,07/03/2022,2022-07-10,Standard Class,CUST-4566,,Home Office,Rochester,New York,,Office Supplies,Envelopes,Envelopes - Model J846,1,191.94,0.0,191.94,26.93,37.4
ORD-2024-04776,11/22/2024,2024-11-22,Same Day,CUST-4313,Emily Davis,Consumer,Detroit,Michigan,Central,Furniture,Chairs,Chairs - Model K579,8,1172.25,0.0,9378.0,782.04,39.59
ORD-2022-04777,04/01/2022,2022-04-05,Standard Class,CUST-8733,Mark Martin,Consumer,Salem,Oregon,West,Office Supplies,Pens,Pens - Model E679,12,171.04,0.2,1641.98,417.01,9.82
ORD-2024-04778,07/22/2024,2024-07-27,Second Class,CUST-7555,Sarah Harris,Consumer,Tampa,Florida,South,Technology,Laptops,Laptops - Model M731,8,1997.09,0.0,15976.72,2419.56,41.91
ORD-2023-04779,03/11/2023,2023-03-17,Standard Class,CUST-8312,Betty Moore,Consumer,New Haven,Connecticut,East,Clothing,Accessories,Accessories - Model N767,10,254.13,0.25,1905.98,778.52,44.34
ORD-2022-04780,10/10/2022,2022-10-13,First Class,CUST-9169,Thomas Sanchez,Consumer,Chicago,Illinois,Central,Technology,Phones,Phones - Model E406,4,219.3,0.3,614.04,,2.73
ORD-2023-04781,11/03/2023,2023-11-10,Standard Class,CUST-8733,Mark Martin,Consumer,Atlanta,Georgia,South,Office Supplies,Envelopes,Envelopes - Model A282,9,26.41,0.2,190.15,31.26,13.23
ORD-2022-04782,11/11/2022,2022-11-18,Standard Class,CUST-9986,Ava Garcia,Consumer,Saint Paul,Minnesota,Central,Office Supplies,Envelopes,Envelopes - Model I912,10,194.48,0.15,1653.08,259.99,28.12
ORD-2024-04783,08/02/2024,2024-08-02,Same Day,CUST-3359,Robert White,Home Office,Dallas,Texas,Central,Technology,Monitors,Monitors - Model E269,8,2206.3,0.15,15002.84,1783.89,59.51
ORD-2023-04784,08/23/2023,2023-08-28,Standard Class,CUST-0245,Michael Harris,Consumer,Detroit,Michigan,Central,Clothing,Jackets,Jackets - Model N652,11,195.12,0.3,1502.42,-204.27,25.34
ORD-2023-04785,10/29/2023,2023-10-31,First Class,CUST-7085,Richard Thompson,Corporate,Austin,Texas,Central,Technology,Accessories,Accessories - Model G759,8,1179.41,0.15,8019.99,1882.92,20.68
ORD-2022-04786,05/12/2022,2022-05-17,Standard Class,CUST-5076,Sandra Moore,Corporate,Norfolk,Virginia,South,Technology,Accessories,Accessories - Model G295,9,608.96,0.0,5480.64,582.53,15.96
ORD-2024-04787,05/28/2024,2024-06-02,Standard Class,CUST-5494,Sandra Gonzalez,Home Office,Atlanta,Georgia,South,Furniture,Storage,Storage - Model G333,11,509.23,0.15,4761.3,732.65,45.72
ORD-2022-04788,08/24/2022,2022-08-31,Standard Class,CUST-0230,Margaret Williams,Consumer,Grand Rapids,Michigan,Central,Technology,Tablets,Tablets - Model H683,4,736.07,0.15,2502.64,229.58,12.8
ORD-2024-04789,07/21/2024,2024-07-24,First Class,CUST-7963,Christopher Anderson,Consumer,Durham,North Carolina,South,Office Supplies,Paper,Paper - Model H794,11,105.35,0.15,985.02,190.85,11.41
ORD-2023-04790,03/17/2023,2023-03-21,Standard Class,CUST-0745,Robert Brown,Home Office,Rochester,Minnesota,Central,Clothing,Shoes,Shoes - Model F201,7,93.38,0.2,522.93,277.76,46.86
ORD-2023-04791,07/05/2023,2023-07-09,Standard Class,CUST-4919,Emily Sanchez,Consumer,Worcester,Massachusetts,East,Clothing,Shirts,Shirts - Model B420,11,238.7,0.2,2100.56,864.66,17.68
ORD-2021-04792,10/26/2021,2021-10-30,Second Class,CUST-5233,,Home Office,San Diego,California,West,Technology,Phones,Phones - Model L184,1,1100.62,0.2,880.5,196.53,26.79
ORD-2023-04793,02/15/2023,2023-02-21,Standard Class,CUST-1446,Elizabeth Moore,Consumer,Atlanta,Georgia,South,Furniture,Tables,Tables - Model D958,3,930.63,0.05,2652.3,110.68,39.77
ORD-2022-04794,12/30/2022,2022-12-31,First Class,CUST-5336,Isabella Williams,Corporate,Buffalo,New York,East,Office Supplies,Binders,Binders - Model C683,5,76.67,0.25,287.51,58.14,41.84
ORD-2023-04795,11/25/2023,2023-11-30,Standard Class,CUST-4078,Patricia Lee,Corporate,Las Vegas,Nevada,West,Office Supplies,Binders,Binders - Model K545,1,49.55,0.0,49.55,6.17,15.15
ORD-2022-04796,01/08/2022,2022-01-12,Standard Class,CUST-0017,Margaret Sanchez,Corporate,Richmond,Virginia,South,Office Supplies,Labels,Labels - Model G108,6,135.84,0.15,692.78,120.76,48.79
ORD-2024-04797,12/23/2024,2024-12-29,Standard Class,CUST-6484,Harper Miller,Consumer,Newark,New Jersey,East,Furniture,Tables,Tables - Model K789,2,555.24,0.25,,57.1,21.96
ORD-2023-04798,08/09/2023,2023-08-15,Standard Class,CUST-9611,Amelia Rodriguez,Home Office,Spokane,Washington,West,Technology,Accessories,Accessories - Model E858,3,1486.91,0.15,3791.62,444.08,9.02
ORD-2022-04799,10/06/2022,2022-10-11,Second Class,CUST-4944,Olivia Martin,Home Office,Salem,Oregon,West,Office Supplies,Pens,Pens - Model N618,5,193.88,0.05,920.93,270.68,36.45
ORD-2023-04800,12/15/2023,2023-12-21,Standard Class,CUST-8263,Jessica Ramirez,Consumer,Knoxville,Tennessee,South,Furniture,Chairs,Chairs - Model E645,11,1153.11,0.15,10781.58,474.91,26.37
ORD-2023-04801,02/12/2023,2023-02-16,Standard Class,CUST-3232,William Sanchez,Corporate,New Haven,Connecticut,East,Office Supplies,Paper,Paper - Model O202,5,159.96,0.2,639.84,278.87,17.39
ORD-2024-04802,05/09/2024,2024-05-14,Standard Class,CUST-1816,Karen Davis,Consumer,Newark,New Jersey,East,Office Supplies,Paper,Paper - Model H874,7,106.13,0.0,742.91,187.21,47.17
ORD-2023-04803,12/16/2023,2023-12-21,Standard Class,CUST-5163,Jennifer Martinez,Corporate,San Francisco,California,West,Technology,Phones,Phones - Model M710,9,1964.07,0.0,17676.63,3004.4,31.14
ORD-2021-04804,11/08/2021,2021-11-14,Standard Class,CUST-2939,Barbara Rodriguez,Consumer,Pittsburgh,Pennsylvania,East,Technology,Tablets,Tablets - Model K200,11,2132.62,0.25,17594.11,-730.06,31.43
ORD-2021-04805,05/08/2021,2021-05-08,Same Day,CUST-4580,Harper Smith,Consumer,Salem,Oregon,West,,Pants,Pants - Model I188,6,390.12,0.0,2340.72,445.97,71.94
ORD-2023-04806,05/13/2023,2023-05-19,Standard Class,CUST-8254,Sandra Martinez,Consumer,Buffalo,New York,East,Technology,Accessories,Accessories - Model C350,9,662.67,0.2,4771.22,735.86,19.33
ORD-2023-04807,11/15/2023,2023-11-20,Standard Class,CUST-3673,Richard Miller,Home Office,Tacoma,Washington,West,Technology,Tablets,Tablets - Model J678,12,1387.68,0.3,11656.51,2208.54,42.1
ORD-2021-04808,08/19/2021,2021-08-26,Standard Class,CUST-0702,Matthew Martin,Consumer,Grand Rapids,Michigan,Central,Technology,Phones,Phones - Model N839,1,1655.96,0.3,1159.17,,47.31
ORD-2022-04809,03/24/2022,2022-03-30,Standard Class,CUST-5233,Sandra Wilson,Home Office,Houston,Texas,Central,Clothing,Shoes,Shoes - Model N711,9,111.57,0.2,803.3,397.7,33.88
ORD-2022-04810,05/06/2022,2022-05-12,Standard Class,CUST-6258,Betty Thompson,Corporate,Tampa,Florida,South,Furniture,Storage,Storage - Model F593,4,157.67,0.1,567.61,,42.49
ORD-2023-04811,01/02/2023,2023-01-08,Standard Class,CUST-3232,William Sanchez,Consumer,Hartford,Connecticut,East,Office Supplies,Binders,Binders - Model B696,9,26.54,0.3,167.2,23.57,19.87
ORD-2024-04812,12/05/2024,2024-12-12,Standard Class,CUST-3453,Amelia Wilson,Consumer,Saint Paul,Minnesota,Central,Technology,Tablets,Tablets - Model E888,10,648.91,0.1,5840.19,437.76,23.75
ORD-2022-04813,04/03/2022,2022-04-09,Standard Class,CUST-6131,Linda Perez,Consumer,Atlanta,Georgia,South,Office Supplies,Pens,Pens - Model B541,4,174.06,0.1,626.62,246.68,37.66
ORD-2023-04814,11/17/2023,2023-11-17,Same Day,CUST-8858,Patricia Davis,Consumer,Pittsburgh,Pennsylvania,East,Clothing,Shirts,Shirts - Model D615,9,382.65,0.05,3271.66,,117.07
ORD-2022-04815,08/19/2022,2022-08-23,Second Class,CUST-2018,Robert Smith,Home Office,Jacksonville,Florida,South,Technology,Tablets,Tablets - Model J389,2,228.47,0.2,365.55,73.22,14.57
ORD-2023-04816,04/27/2023,2023-04-29,First Class,CUST-2808,,Home Office,Rochester,Minnesota,Central,,Labels,Labels - Model M430,5,75.93,0.0,379.65,45.28,3.01
ORD-2024-04817,09/30/2024,2024-10-04,Second Class,CUST-8490,Joseph Anderson,Consumer,Buffalo,New York,East,Office Supplies,Binders,Binders - Model C412,9,117.3,0.3,,132.37,31.46
ORD-2024-04818,11/06/2024,2024-11-07,First Class,CUST-1597,Nancy Lewis,Consumer,Houston,Texas,Central,Furniture,Bookcases,Bookcases - Model A723,2,158.24,0.0,,54.91,26.55
ORD-2022-04819,01/22/2022,2022-01-28,Standard Class,CUST-4217,Emily Moore,Corporate,Stamford,Connecticut,East,Office Supplies,Pens,Pens - Model N662,3,17.79,0.0,53.37,13.03,4.5
ORD-2024-04820,01/15/2024,2024-01-19,Second Class,CUST-9611,Amelia Rodriguez,Consumer,Newark,New Jersey,East,Furniture,Desks,Desks - Model J496,8,1133.72,0.15,7709.3,1267.23,38.97
ORD-2022-04821,02/22/2022,2022-02-28,Standard Class,CUST-9753,Jessica Perez,Consumer,New Haven,Connecticut,East,Furniture,Bookcases,Bookcases - Model M938,1,1204.17,0.3,842.92,-39.51,38.59
ORD-2023-04822,11/13/2023,2023-11-18,Standard Class,CUST-5520,David Taylor,Home Office,Detroit,Michigan,Central,Technology,Tablets,Tablets - Model I957,10,930.73,0.0,9307.3,678.48,19.37
ORD-2024-04823,04/08/2024,2024-04-12,Standard Class,CUST-4313,Emily Davis,Home Office,Saint Paul,Minnesota,Central,Clothing,Shoes,Shoes - Model M840,4,95.36,0.0,381.44,116.3,12.24
ORD-2021-04824,10/07/2021,2021-10-12,Standard Class,CUST-8467,Olivia Wilson,Home Office,Cleveland,Ohio,Central,Clothing,Shoes,Shoes - Model J367,3,50.94,0.15,129.9,61.87,43.69
ORD-2022-04825,09/22/2022,2022-09-25,First Class,CUST-7176,Evelyn Ramirez,Consumer,Durham,North Carolina,South,Technology,Tablets,Tablets - Model B814,8,1563.26,0.15,10630.17,2508.04,26.98
ORD-2022-04826,12/06/2022,2022-12-11,Second Class,CUST-4248,Sophia Williams,Consumer,Tucson,Arizona,West,Office Supplies,Pens,Pens - Model I269,11,127.39,0.3,980.9,264.05,49.79
ORD-2022-04827,11/10/2022,2022-11-14,Standard Class,CUST-7955,Sandra Davis,Consumer,Tacoma,Washington,West,Technology,Laptops,Laptops - Model A340,1,550.62,0.25,412.97,31.73,19.51
ORD-2021-04828,11/17/2021,2021-11-23,Standard Class,CUST-4672,William Thompson,Home Office,Trenton,New Jersey,East,Office Supplies,Binders,Binders - Model C148,7,133.19,0.2,745.86,147.43,24.44
ORD-2022-04829,04/25/2022,2022-05-01,Standard Class,CUST-2649,Ava Smith,Consumer,Charlotte,North Carolina,South,Furniture,Tables,Tables - Model F766,6,1184.33,0.3,4974.19,-198.35,28.69
ORD-2021-04830,09/11/2021,2021-09-17,Standard Class,CUST-7955,Sandra Davis,Corporate,Springfield,Massachusetts,East,Technology,Accessories,Accessories - Model N633,2,2355.43,0.0,4710.86,888.47,5.3
ORD-2021-04831,01/09/2021,2021-01-09,Same Day,CUST-3326,Mark Clark,Corporate,Salem,Oregon,West,Technology,Phones,Phones - Model N570,8,1972.97,0.25,11837.82,2774.74,13.45
ORD-2024-04832,08/02/2024,2024-08-05,First Class,CUST-3369,Christopher Clark,Consumer,Chicago,Illinois,Central,Furniture,Desks,Desks - Model L684,8,386.54,0.3,2164.62,337.04,25.22
ORD-2023-04833,08/26/2023,2023-08-30,Standard Class,CUST-3316,Margaret Thompson,Corporate,Salem,Oregon,West,Clothing,Shirts,Shirts - Model K447,10,263.2,0.0,2632.0,1378.42,27.21
ORD-2023-04834,07/18/2023,2023-07-20,First Class,CUST-8263,Jessica Ramirez,Home Office,Atlanta,Georgia,South,Office Supplies,Paper,Paper - Model K898,2,113.93,0.25,170.9,55.58,15.49
ORD-2021-04835,01/05/2021,2021-01-10,Standard Class,CUST-2984,Ava Hernandez,Consumer,Boston,Massachusetts,East,Technology,Tablets,Tablets - Model D697,2,217.78,0.2,348.45,52.57,28.79
ORD-2022-04836,01/09/2022,2022-01-15,Standard Class,CUST-9297,Jessica White,Consumer,Newark,New Jersey,East,Office Supplies,Pens,Pens - Model E534,11,26.77,0.1,,72.33,36.53
ORD-2022-04837,08/15/2022,2022-08-22,Standard Class,CUST-5389,Charlotte Martinez,Home Office,Trenton,New Jersey,East,,Desks,Desks - Model H965,4,109.23,0.2,349.54,33.57,3.94
ORD-2022-04838,11/26/2022,2022-12-01,Standard Class,CUST-9544,,Corporate,Phoenix,Arizona,West,Office Supplies,Paper,Paper - Model F461,9,14.16,0.3,89.21,-27.17,28.37
ORD-2022-04839,02/03/2022,2022-02-07,Standard Class,CUST-4574,Patricia Taylor,Consumer,Knoxville,Tennessee,South,Clothing,Shoes,Shoes - Model D719,9,482.84,0.1,3911.0,1671.54,40.45
ORD-2023-04840,05/25/2023,2023-05-30,Standard Class,CUST-1673,Charles Davis,Consumer,Spokane,Washington,West,Clothing,Shirts,Shirts - Model F225,11,86.19,0.0,948.09,395.12,44.27
ORD-2021-04841,08/29/2021,2021-09-03,Standard Class,CUST-3851,Charles Miller,Consumer,Cleveland,Ohio,Central,Furniture,Desks,Desks - Model B175,10,284.53,0.25,2133.97,-207.84,44.99
ORD-2023-04842,08/24/2023,2023-08-29,Standard Class,CUST-6836,Mia Anderson,Corporate,Los Angeles,California,West,Technology,Monitors,Monitors - Model B706,9,411.25,0.15,3146.06,752.25,49.31
ORD-2024-04843,09/07/2024,2024-09-13,Standard Class,CUST-8013,Michael Lopez,Home Office,Richmond,Virginia,South,Office Supplies,Binders,Binders - Model H184,6,150.33,0.0,901.98,115.63,22.84
ORD-2024-04844,11/07/2024,2024-11-11,Standard Class,CUST-7955,Sandra Davis,Home Office,Ann Arbor,Michigan,Central,Clothing,Accessories,Accessories - Model H128,1,178.79,0.25,134.09,39.19,25.82
ORD-2024-04845,11/02/2024,2024-11-04,First Class,CUST-8884,Thomas Jones,Home Office,San Antonio,Texas,Central,Furniture,Chairs,Chairs - Model A592,11,1448.39,0.0,15932.29,1921.52,10.19
ORD-2023-04846,03/20/2023,2023-03-24,Standard Class,CUST-4039,Sarah Perez,Corporate,Allentown,Pennsylvania,East,Clothing,Jackets,Jackets - Model E732,5,336.45,0.05,1598.14,351.2,41.57
ORD-2023-04847,08/11/2023,2023-08-18,Standard Class,CUST-4835,Lisa Smith,Home Office,Worcester,Massachusetts,East,Clothing,Shoes,Shoes - Model N771,10,267.78,0.25,2008.35,761.78,28.89
ORD-2021-04848,05/02/2021,2021-05-02,Same Day,CUST-0245,Michael Harris,Corporate,Pittsburgh,Pennsylvania,East,Technology,Accessories,Accessories - Model P136,8,1145.14,0.0,9161.12,1902.73,34.02
ORD-2021-04849,03/13/2021,2021-03-20,Standard Class,CUST-8355,Margaret Davis,Corporate,Ann Arbor,Michigan,Central,Furniture,Chairs,Chairs - Model L975,10,212.13,0.25,1590.98,-76.6,3.48
ORD-2024-04850,05/27/2024,2024-06-02,Standard Class,CUST-2517,Jessica Lopez,Consumer,Trenton,New Jersey,East,Furniture,Storage,Storage - Model M142,5,1014.09,0.0,5070.45,118.64,7.2
ORD-2024-04851,11/14/2024,2024-11-17,Second Class,CUST-6437,Linda White,Corporate,Mesa,Arizona,West,Office Supplies,Pens,Pens - Model M407,3,56.18,0.3,117.98,14.64,43.75
ORD-2024-04852,03/01/2024,2024-03-08,Standard Class,CUST-3664,Thomas Moore,Consumer,Dallas,Texas,Central,Furniture,Bookcases,Bookcases - Model N144,6,315.99,0.1,1706.35,112.3,9.98
ORD-2022-04853,08/27/2022,2022-09-03,Standard Class,CUST-9300,Joseph Taylor,Corporate,Orlando,Florida,South,Furniture,Desks,Desks - Model O709,6,368.35,0.1,1989.09,301.43,18.18
ORD-2023-04854,01/18/2023,2023-01-22,Second Class,CUST-2086,Nancy Davis,Corporate,Salem,Oregon,West,Clothing,Pants,Pants - Model M474,4,53.29,0.05,202.5,46.26,20.18
ORD-2021-04855,10/22/2021,2021-10-28,Standard Class,CUST-2448,John Lewis,Consumer,San Francisco,California,West,Furniture,Storage,Storage - Model D946,4,1316.58,0.0,5266.32,253.97,32.15
ORD-2023-04856,05/18/2023,2023-05-22,Second Class,CUST-4672,William Thompson,Home Office,San Diego,California,West,Furniture,Bookcases,Bookcases - Model I982,4,708.64,0.3,1984.19,-181.79,8.42
ORD-2021-04857,27-Oct-2021,2021-11-03,Standard Class,CUST-5684,Ava Thomas,Corporate,Miami,Florida,South,Technology,Laptops,Laptops - Model I548,1,729.99,0.05,693.49,48.18,8.98
ORD-2021-04858,11/07/2021,2021-11-10,Second Class,CUST-7955,Sandra Davis,Consumer,Trenton,New Jersey,East,Technology,Accessories,Accessories - Model D123,12,243.84,0.0,2926.08,608.21,39.65
ORD-2022-04859,11/06/2022,2022-11-12,Standard Class,CUST-2361,,Corporate,Grand Rapids,Michigan,Central,Clothing,Pants,Pants - Model G783,3,19.88,0.0,59.64,26.08,22.86
ORD-2022-04860,03/23/2022,2022-03-27,Standard Class,CUST-9635,Mia Martinez,Consumer,Salem,Oregon,West,Furniture,Bookcases,Bookcases - Model C187,11,546.19,0.0,6008.09,1052.1,37.84
ORD-2023-04861,04/05/2023,2023-04-08,Second Class,CUST-4365,Amelia Jackson,Consumer,Chicago,Illinois,Central,Technology,Accessories,Accessories - Model M880,11,1948.92,0.1,19294.31,2717.78,15.97
ORD-2024-04862,07/11/2024,2024-07-17,Standard Class,CUST-8591,Christopher Gonzalez,Corporate,Columbus,Ohio,Central,Office Supplies,Pens,Pens - Model N887,1,164.93,0.3,115.45,15.6,5.29
ORD-2022-04863,08/16/2022,2022-08-21,Standard Class,CUST-7673,Sophia Jones,Consumer,Jacksonville,Florida,South,Technology,Tablets,Tablets - Model N953,9,706.72,0.05,6042.46,1122.3,7.32
ORD-2022-04864,08/05/2022,2022-08-05,Same Day,CUST-4456,Michael White,Corporate,Las Vegas,Nevada,West,Clothing,Pants,Pants - Model A173,9,462.19,0.1,3743.74,1028.15,106.4
ORD-2024-04865,10/26/2024,2024-11-01,Standard Class,CUST-0675,James White,Consumer,Portland,Oregon,West,Technology,Laptops,Laptops - Model B345,6,488.53,0.1,2638.06,369.58,32.62
ORD-2022-04866,02/12/2022,2022-02-17,Standard Class,CUST-3453,Amelia Wilson,Corporate,Hartford,Connecticut,East,Office Supplies,Pens,Pens - Model F996,4,49.43,0.0,197.72,64.75,11.97
ORD-2023-04867,07/17/2023,2023-07-22,Second Class,CUST-0827,Harper Wilson,Consumer,Reno,Nevada,West,Technology,Monitors,Monitors - Model I473,3,2078.57,0.0,,348.98,29.51
ORD-2023-04868,09/11/2023,2023-09-15,Second Class,CUST-6157,Charlotte Miller,Home Office,Trenton,New Jersey,East,Furniture,Bookcases,Bookcases - Model H103,6,790.49,0.2,3794.35,,36.56
ORD-2021-04869,01/19/2021,2021-01-25,Standard Class,CUST-4806,Nancy Garcia,Corporate,Houston,Texas,Central,Clothing,Shoes,Shoes - Model N781,9,245.24,0.3,1545.01,731.9,3.7
ORD-2024-04870,11/22/2024,2024-11-29,Standard Class,CUST-6836,Mia Anderson,Consumer,Dallas,Texas,Central,Office Supplies,Labels,Labels - Model G248,2,13.65,0.3,19.11,-2.17,25.07
ORD-2024-04871,12/23/2024,2024-12-29,Standard Class,CUST-3900,Margaret Smith,Consumer,San Antonio,Texas,Central,Office Supplies,Paper,Paper - Model M440,8,133.24,0.3,746.14,94.66,7.35
ORD-2023-04872,08/15/2023,2023-08-21,Standard Class,CUST-8899,Jennifer White,Consumer,Columbus,Ohio,Central,Technology,Laptops,Laptops - Model P144,3,1099.97,0.3,2309.94,565.57,33.49
ORD-2021-04873,04/26/2021,2021-04-30,Second Class,CUST-9300,Joseph Taylor,Home Office,Philadelphia,Pennsylvania,East,Office Supplies,Paper,Paper - Model D392,7,175.6,0.15,1044.82,353.2,4.18
ORD-2023-04874,09/02/2023,2023-09-04,First Class,CUST-5869,Anthony Thomas,Consumer,Boston,Massachusetts,East,Clothing,Pants,Pants - Model C199,9,228.99,0.0,2060.91,724.31,38.03
ORD-2022-04875,06/17/2022,2022-06-23,Standard Class,CUST-5948,Emily Taylor,Corporate,Chicago,Illinois,Central,Clothing,Accessories,Accessories - Model N103,8,406.79,0.3,2278.02,-1079.86,12.88
ORD-2024-04876,10/14/2024,2024-10-20,Standard Class,CUST-4672,William Thompson,Consumer,Cincinnati,Ohio,Central,Office Supplies,Labels,Labels - Model A369,11,29.73,0.25,245.27,36.64,20.62
ORD-2021-04877,10/05/2021,2021-10-10,Standard Class,CUST-2808,Jennifer Clark,Corporate,Raleigh,North Carolina,South,Clothing,Shoes,Shoes - Model E356,7,328.38,0.3,1609.06,-684.79,8.84
ORD-2021-04878,11/15/2021,2021-11-19,Standard Class,CUST-8969,Evelyn Lewis,Consumer,Jersey City,New Jersey,East,Furniture,Chairs,Chairs - Model K333,10,162.67,0.0,1626.7,278.43,45.32
ORD-2021-04879,03/10/2021,2021-03-17,Standard Class,CUST-0371,Daniel Martin,Consumer,Detroit,Michigan,Central,Office Supplies,Pens,Pens - Model C344,3,125.55,0.0,376.65,153.35,13.74
ORD-2023-04880,11/21/2023,2023-11-24,Second Class,CUST-2939,Barbara Rodriguez,Corporate,Tucson,Arizona,West,Furniture,Bookcases,Bookcases - Model P844,11,745.49,0.25,6150.29,-663.47,44.81
ORD-2022-04881,01/03/2022,2022-01-03,Same Day,CUST-6994,Ava Robinson,Consumer,Las Vegas,Nevada,West,Technology,Monitors,Monitors - Model A774,8,1551.16,0.3,8686.5,,81.48
ORD-2022-04882,12/19/2022,2022-12-23,Second Class,CUST-4860,Linda Davis,Home Office,Saint Paul,Minnesota,Central,Furniture,Storage,Storage - Model N152,2,347.05,0.05,659.39,28.43,3.4
ORD-2024-04883,11/13/2024,2024-11-15,First Class,CUST-4944,Olivia Martin,Consumer,Las Vegas,Nevada,West,Furniture,Storage,Storage - Model J640,5,155.05,0.1,697.73,84.96,22.94
ORD-2024-04884,06/28/2024,2024-07-05,Standard Class,CUST-0669,Mia Perez,Consumer,Newark,New Jersey,East,Clothing,Shoes,Shoes - Model G459,4,345.79,0.3,968.21,-267.91,36.8
ORD-2023-04885,11/01/2023,2023-11-04,Second Class,CUST-0421,Christopher Thomas,Home Office,Raleigh,North Carolina,South,Clothing,Pants,Pants - Model I909,9,114.92,0.0,1034.28,465.82,43.24
ORD-2023-04886,05/02/2023,2023-05-09,Standard Class,CUST-8914,Joseph Jones,Consumer,Reno,Nevada,West,Clothing,Accessories,Accessories - Model K702,12,144.23,0.25,1298.07,-382.9,44.86
ORD-2024-04887,10/08/2024,2024-10-09,First Class,CUST-1564,Richard Jones,Consumer,New Haven,Connecticut,East,Technology,Accessories,Accessories - Model I442,8,1798.81,0.0,14390.48,3355.45,15.34
ORD-2021-04888,11/10/2021,2021-11-11,First Class,CUST-8774,Karen Anderson,Corporate,Ann Arbor,Michigan,Central,Office Supplies,Envelopes,Envelopes - Model E425,11,158.7,0.1,1571.13,678.96,23.29
ORD-2023-04889,09/17/2023,2023-09-23,Standard Class,CUST-6160,Mia Moore,Home Office,Worcester,Massachusetts,  East  ,Technology,Phones,Phones - Model B284,4,2020.43,0.2,6465.38,939.59,22.83
ORD-2023-04890,11/25/2023,2023-11-25,Same Day,CUST-0549,Joseph Smith,Home Office,Salem,Oregon,West,Office Supplies,Labels,Labels - Model P843,10,108.83,0.0,1088.3,156.61,53.32
ORD-2024-04891,12/31/2024,2024-12-31,Same Day,CUST-0015,Jessica Gonzalez,Consumer,Las Vegas,Nevada,West,Furniture,Chairs,Chairs - Model I926,3,1282.07,0.2,3076.97,82.13,48.17
ORD-2024-04892,02/25/2024,2024-02-27,First Class,CUST-4217,Emily Moore,Consumer,Salem,Oregon,West,Technology,Tablets,Tablets - Model A382,9,934.7,0.3,5888.61,858.98,30.29
ORD-2021-04893,03/04/2021,2021-03-11,Standard Class,CUST-0675,James White,Corporate,Phoenix,Arizona,West,Clothing,Jackets,Jackets - Model F412,10,148.82,0.0,,546.42,42.97
ORD-2023-04894,09/03/2023,2023-09-03,Same Day,CUST-6660,James Williams,Corporate,Sacramento,California,West,Technology,Accessories,Accessories - Model J611,11,309.66,0.15,2895.32,411.71,75.4
ORD-2023-04895,03/29/2023,2023-04-02,Standard Class,CUST-9738,Mia Lewis,Consumer,Reno,Nevada,West,Technology,Tablets,Tablets - Model P115,3,2121.71,0.1,5728.62,1021.98,38.99
ORD-2022-04896,06/06/2022,2022-06-12,Standard Class,CUST-7596,Harper Taylor,Corporate,New York City,New York,East,Technology,Tablets,Tablets - Model N458,4,1855.88,0.2,5938.82,393.68,31.97
ORD-2024-04897,08/05/2024,2024-08-11,Standard Class,CUST-8725,Sarah Jones,Home Office,Seattle,Washington,West,,Labels,Labels - Model D915,8,36.78,0.25,220.68,98.43,12.88
ORD-2024-04898,11/26/2024,2024-12-02,Standard Class,CUST-2939,Barbara Rodriguez,Consumer,New York City,New York,East,Clothing,Shirts,Shirts - Model E855,7,399.68,0.0,2797.76,766.99,21.25
ORD-2021-04899,02/20/2021,2021-02-27,Standard Class,CUST-3761,James Lewis,Consumer,Reno,Nevada,West,Furniture,Storage,Storage - Model N522,11,972.89,0.0,10701.79,1641.89,2.11
ORD-2024-04900,03/27/2024,2024-03-27,Same Day,CUST-3326,Mark Clark,Consumer,Los Angeles,California,West,Furniture,Desks,Desks - Model A282,6,736.59,0.0,4419.54,135.56,72.11
ORD-2021-04901,06/14/2021,2021-06-17,Second Class,CUST-7555,Sarah Harris,Consumer,Miami,Florida,South,Clothing,Pants,Pants - Model N678,11,170.5,0.15,1594.17,303.81,25.47
ORD-2022-04902,02/25/2022,2022-03-01,Standard Class,CUST-7033,Lisa Martin,Home Office,Jersey City,New Jersey,East,Technology,Tablets,Tablets - Model M328,2,1464.26,0.0,2928.52,290.18,25.85
ORD-2024-04903,11/10/2024,2024-11-15,Standard Class,CUST-8511,Mia Jones,Consumer,Phoenix,Arizona,West,Office Supplies,Binders,Binders - Model P230,8,84.69,0.0,677.52,301.54,47.36
ORD-2022-04904,11/08/2022,2022-11-13,Second Class,CUST-4580,Harper Smith,Corporate,Houston,Texas,Central,Furniture,Bookcases,Bookcases - Model P600,7,704.54,0.05,4685.19,578.04,40.02
ORD-2023-04905,08/07/2023,2023-08-12,Second Class,CUST-4138,James Harris,Consumer,Los Angeles,California,West,Office Supplies,Envelopes,Envelopes - Model F305,2,96.75,0.2,154.8,19.87,44.34
ORD-2021-04906,07/21/2021,2021-07-27,Standard Class,CUST-2585,David Sanchez,Consumer,Salem,Oregon,West,Furniture,Bookcases,Bookcases - Model J963,4,936.28,0.2,2996.1,390.39,46.68
ORD-2024-04907,11/12/2024,2024-11-17,Second Class,CUST-5336,Isabella Williams,Consumer,San Diego,California,West,Office Supplies,Pens,Pens - Model D370,7,37.61,0.0,263.27,93.75,7.54
ORD-2024-04908,07/13/2024,2024-07-15,First Class,CUST-3655,Karen Clark,Home Office,Rochester,Minnesota,Central,Clothing,Jackets,Jackets - Model E836,7,256.64,0.05,1706.66,265.37,49.66
ORD-2022-04909,08/29/2022,2022-09-04,Standard Class,CUST-2131,Matthew Smith,Consumer,San Antonio,Texas,Central,Clothing,Accessories,Accessories - Model A265,5,318.87,0.2,1275.48,405.22,38.09
ORD-2022-04910,26-Jul-2022,2022-07-31,Standard Class,CUST-9169,Thomas Sanchez,Consumer,Rochester,New York,East,Office Supplies,Envelopes,Envelopes - Model E346,6,34.67,0.1,187.22,53.12,36.4
ORD-2023-04911,09/06/2023,2023-09-10,Standard Class,CUST-4140,Matthew Thomas,Corporate,Atlanta,Georgia,South,Technology,Accessories,Accessories - Model M258,2,2296.48,0.0,4592.96,507.05,29.31
ORD-2024-04912,07/23/2024,2024-07-28,Standard Class,CUST-4365,Amelia Jackson,Corporate,Philadelphia,Pennsylvania,East,Technology,Tablets,Tablets - Model I290,10,2280.66,0.3,15964.62,-2585.5,30.2
ORD-2023-04913,11/16/2023,2023-11-20,Standard Class,CUST-3655,Karen Clark,Corporate,Hartford,Connecticut,East,Office Supplies,Binders,Binders - Model K166,12,150.74,0.0,1808.88,802.07,31.32
ORD-2024-04914,02/28/2024,2024-03-05,Standard Class,CUST-1388,Elizabeth Robinson,Consumer,Allentown,Pennsylvania,East,Office Supplies,Binders,Binders - Model K672,5,121.93,0.0,609.65,217.66,46.19
ORD-2023-04915,08/12/2023,2023-08-14,First Class,CUST-5322,Susan Robinson,Consumer,Memphis,Tennessee,South,Technology,Accessories,Accessories - Model P488,5,873.81,0.3,3058.33,680.13,31.77
ORD-2022-04916,09/18/2022,2022-09-25,Standard Class,CUST-9635,Mia Martinez,Corporate,Stamford,Connecticut,East,Furniture,Desks,Desks - Model B461,9,241.4,0.0,2172.6,282.07,40.36
ORD-2023-04917,12/17/2023,2023-12-23,Standard Class,CUST-0472,Ava Moore,Consumer,Philadelphia,Pennsylvania,East,Clothing,Shirts,Shirts - Model J778,6,374.77,0.05,2136.19,864.13,16.7
ORD-2021-04918,12/06/2021,2021-12-10,Second Class,CUST-6941,Thomas Taylor,Corporate,Cleveland,Ohio,Central,Furniture,Bookcases,Bookcases - Model A810,8,1132.43,0.1,8153.5,1377.35,15.12
ORD-2023-04919,06/27/2023,2023-07-04,Standard Class,CUST-2652,Jennifer Gonzalez,Consumer,Mesa,Arizona,West,Technology,Tablets,Tablets - Model F839,2,1721.46,0.3,2410.04,277.85,22.81
ORD-2022-04920,12/16/2022,2022-12-20,Second Class,CUST-0995,Lisa Brown,Consumer,Boston,Massachusetts,East,Clothing,Jackets,Jackets - Model L786,7,303.32,0.05,2017.08,1020.19,28.24
ORD-2021-04921,11/28/2021,2021-12-03,Standard Class,CUST-3453,Amelia Wilson,Home Office,Knoxville,Tennessee,South,,Accessories,Accessories - Model C965,12,26.73,0.05,304.72,52.43,38.14
ORD-2023-04922,09/07/2023,2023-09-14,Standard Class,CUST-0867,Robert Ramirez,Home Office,Buffalo,New York,East,Technology,Laptops,Laptops - Model N271,7,2222.6,0.1,14002.38,1468.18,13.02
ORD-2021-04923,09/22/2021,2021-09-27,Standard Class,CUST-9753,Jessica Perez,Corporate,Virginia Beach,Virginia,South,Clothing,Shoes,Shoes - Model O311,1,341.92,0.05,324.82,168.27,4.16
ORD-2021-04924,07/30/2021,2021-07-30,Same Day,CUST-0995,Lisa Brown,Consumer,Jersey City,New Jersey,East,Furniture,Chairs,Chairs - Model K960,2,1018.83,0.25,1528.25,54.13,114.44
ORD-2023-04925,07/25/2023,2023-07-25,Same Day,CUST-4313,Emily Davis,Consumer,Houston,Texas,Central,Technology,Accessories,Accessories - Model H199,10,294.87,0.25,2211.52,265.45,54.83
ORD-2023-04926,12/14/2023,2023-12-19,Second Class,CUST-1544,David Rodriguez,Corporate,Jersey City,New Jersey,East,Clothing,Shoes,Shoes - Model G987,5,263.59,0.2,1054.36,298.97,24.22
ORD-2024-04927,12/30/2024,2024-12-31,First Class,CUST-3662,Patricia Ramirez,Consumer,Atlanta,Georgia,South,,Shirts,Shirts - Model L536,8,221.07,0.0,1768.56,375.87,2.91
ORD-2022-04928,06/12/2022,2022-06-17,Standard Class,CUST-9924,Elizabeth Thompson,Home Office,Seattle,Washington,West,Technology,Monitors,Monitors - Model C110,9,1426.96,0.25,9631.98,-1156.1,16.93
ORD-2024-04929,07/19/2024,2024-07-25,Standard Class,CUST-1388,Elizabeth Robinson,Home Office,Mesa,Arizona,West,,Jackets,Jackets - Model H423,10,208.4,0.15,1771.4,766.49,33.95
ORD-2024-04930,10/21/2024,2024-10-23,First Class,CUST-9456,Amelia Martin,Consumer,Spokane,Washington,West,Clothing,Jackets,Jackets - Model N375,1,205.63,0.0,205.63,110.48,44.18
ORD-2022-04931,12/07/2022,2022-12-12,Second Class,CUST-9484,Matthew Rodriguez,Home Office,Naperville,Illinois,Central,Furniture,Desks,Desks - Model I951,9,1057.2,0.0,9514.8,590.64,6.8
ORD-2024-04932,08/10/2024,2024-08-16,Standard Class,CUST-1816,Karen Davis,Consumer,Grand Rapids,Michigan,Central,Office Supplies,Paper,Paper - Model O742,8,175.97,0.2,1126.21,242.16,41.54
ORD-2024-04933,01/07/2024,2024-01-13,Standard Class,CUST-7934,Charlotte Jackson,Consumer,Minneapolis,Minnesota,Central,,Accessories,Accessories - Model B465,3,135.56,0.25,305.01,138.88,6.36
ORD-2021-04934,04/04/2021,2021-04-10,Standard Class,CUST-2233,John Anderson,Corporate,Reno,Nevada,West,Furniture,Tables,Tables - Model M547,5,286.97,0.15,1219.62,39.86,29.85
ORD-2023-04935,08/18/2023,2023-08-23,Standard Class,CUST-3369,Christopher Clark,Home Office,Savannah,Georgia,South,Office Supplies,Envelopes,Envelopes - Model A439,10,152.1,0.25,1140.75,315.2,21.56
ORD-2022-04936,03/13/2022,2022-03-17,Second Class,CUST-4641,Karen Taylor,Corporate,Tacoma,Washington,West,Furniture,Bookcases,Bookcases - Model G580,2,158.18,0.0,316.36,,34.65
ORD-2021-04937,01/11/2021,2021-01-16,Standard Class,CUST-1544,David Rodriguez,Consumer,Rochester,New York,East,Technology,Phones,Phones - Model C312,5,1382.17,0.0,6910.85,928.17,37.18
ORD-2021-04938,12/22/2021,2021-12-26,Second Class,CUST-6258,Betty Thompson,Corporate,Salem,Oregon,West,Office Supplies,Envelopes,Envelopes - Model H722,8,7.5,0.0,60.0,10.11,41.69
ORD-2024-04939,10/12/2024,2024-10-16,Standard Class,CUST-3952,Michael Ramirez,Corporate,Rochester,New York,East,Clothing,Pants,Pants - Model P344,4,268.46,0.05,1020.15,222.13,35.98
ORD-2024-04940,08/21/2024,2024-08-26,Standard Class,CUST-8355,Margaret Davis,Corporate,Atlanta,Georgia,South,Office Supplies,Labels,Labels - Model I890,3,172.08,0.3,361.37,156.4,5.76
ORD-2022-04941,09/12/2022,2022-09-17,Standard Class,CUST-1968,Barbara Lewis,Consumer,Los Angeles,California,West,Furniture,Desks,Desks - Model P181,2,636.29,0.25,954.43,35.39,10.16
ORD-2023-04942,07/07/2023,2023-07-13,Standard Class,CUST-8858,Patricia Davis,Consumer,Tucson,Arizona,West,Furniture,Chairs,Chairs - Model N485,8,1385.09,0.0,11080.72,756.66,15.0
ORD-2022-04943,04/25/2022,2022-04-28,Second Class,CUST-9644,Amelia White,Home Office,Mesa,Arizona,West,Clothing,Accessories,Accessories - Model I815,11,259.05,0.3,1994.68,749.54,35.13
ORD-2021-04944,11/18/2021,2021-11-23,Standard Class,CUST-9611,Amelia Rodriguez,Home Office,Tacoma,Washington,West,,Shoes,Shoes - Model P653,12,414.05,0.25,3726.45,859.95,17.13
ORD-2021-04945,01/28/2021,2021-02-01,Standard Class,CUST-1384,Anthony Sanchez,Consumer,Mesa,Arizona,West,Clothing,Accessories,Accessories - Model M331,1,474.78,0.0,474.78,159.05,7.02
ORD-2023-04946,10/29/2023,2023-10-31,First Class,CUST-7596,Harper Taylor,Home Office,Philadelphia,Pennsylvania,East,Office Supplies,Envelopes,Envelopes - Model G348,11,159.86,0.0,1758.46,327.54,43.94
ORD-2022-04947,07/09/2022,2022-07-13,Second Class,CUST-8013,Michael Lopez,Home Office,Grand Rapids,Michigan,Central,Office Supplies,Labels,Labels - Model B300,9,43.1,0.05,368.5,,2.65
ORD-2024-04948,06/21/2024,2024-06-25,Standard Class,CUST-4672,William Thompson,Corporate,Eugene,Oregon,West,Furniture,Chairs,Chairs - Model A544,10,205.11,0.0,2051.1,388.98,28.89
ORD-2023-04949,12/11/2023,2023-12-14,First Class,CUST-3348,Mark Williams,Consumer,Los Angeles,California,West,Technology,Monitors,Monitors - Model N264,10,1621.37,0.2,12970.96,2296.86,10.23
ORD-2021-04950,11/01/2021,2021-11-07,Standard Class,CUST-3851,Charles Miller,Consumer,Reno,Nevada,West,Furniture,Bookcases,Bookcases - Model G860,6,730.67,0.3,3068.81,333.98,36.67
ORD-2022-04951,09/05/2022,2022-09-08,Second Class,CUST-9635,Mia Martinez,Corporate,Houston,Texas,Central,Office Supplies,Envelopes,Envelopes - Model K721,10,41.09,0.2,,100.59,28.61
ORD-2024-04952,11/16/2024,2024-11-22,Standard Class,CUST-9688,Charles Moore,Consumer,Ann Arbor,Michigan,Central,Office Supplies,Binders,Binders - Model D227,5,147.54,0.3,516.39,-72.98,45.66
ORD-2021-04953,02/24/2021,2021-02-28,STANDARD CLASS,CUST-4945,Isabella Clark,Home Office,Rochester,Minnesota,Central,Technology,Phones,Phones - Model C645,2,2142.36,0.1,3856.25,220.37,33.07
ORD-2021-04954,10/07/2021,2021-10-11,Standard Class,CUST-6258,Betty Thompson,Home Office,Atlanta,Georgia,South,Technology,Tablets,Tablets - Model P353,8,1226.14,0.05,9318.66,1532.67,33.45
ORD-2023-04955,10/26/2023,2023-10-29,Second Class,CUST-1032,Robert Sanchez,Consumer,Las Vegas,Nevada,West,Furniture,Tables,Tables - Model A303,3,1365.14,0.1,3685.88,261.43,28.04
ORD-2021-04956,09/05/2021,2021-09-09,Standard Class,CUST-5015,Barbara Taylor,Corporate,Ann Arbor,Michigan,Central,Technology,Laptops,Laptops - Model N925,7,943.52,0.05,6274.41,342.14,24.7
ORD-2021-04957,06/15/2021,2021-06-19,Standard Class,CUST-4835,Lisa Smith,Corporate,Norfolk,Virginia,South,Office Supplies,Envelopes,Envelopes - Model M213,3,63.36,0.2,152.06,51.6,45.92
ORD-2024-04958,05/11/2024,2024-05-13,First Class,CUST-2627,Margaret Jones,Consumer,Newark,New Jersey,East,Clothing,Accessories,Accessories - Model H274,1,257.5,0.0,257.5,94.56,16.62
ORD-2023-04959,12/01/2023,2023-12-02,First Class,CUST-3851,Charles Miller,Consumer,Trenton,New Jersey,East,Furniture,Bookcases,Bookcases - Model N363,11,309.96,0.3,2386.69,96.61,37.54
ORD-2023-04960,09/17/2023,2023-09-24,Standard Class,CUST-4806,Nancy Garcia,Home Office,San Diego,California,West,,Chairs,Chairs - Model E332,5,245.33,0.0,1226.65,109.3,43.8
ORD-2023-04961,02/27/2023,2023-03-05,Standard Class,CUST-6941,Thomas Taylor,Consumer,Seattle,Washington,West,Clothing,Pants,Pants - Model A735,6,177.03,0.25,796.63,-117.91,46.64
ORD-2024-04962,08/13/2024,2024-08-17,Standard Class,CUST-4997,Margaret Moore,Corporate,Las Vegas,Nevada,West,Office Supplies,Envelopes,Envelopes - Model J401,5,82.2,0.25,308.25,-45.76,31.11
ORD-2022-04963,09/16/2022,2022-09-22,Standard Class,CUST-4456,Michael White,Corporate,Cincinnati,Ohio,Central,Office Supplies,Envelopes,Envelopes - Model K266,1,91.83,0.0,91.83,33.56,28.64
ORD-2023-04964,05/01/2023,2023-05-02,First Class,CUST-1673,Charles Davis,Home Office,Seattle,Washington,West,Technology,Phones,Phones - Model N123,8,987.07,0.2,6317.25,744.72,22.48
ORD-2021-04965,02/27/2021,2021-03-05,Standard Class,CUST-8511,Mia Jones,Corporate,Reno,Nevada,West,Furniture,Tables,Tables - Model C229,2,84.36,0.0,,26.28,38.92
ORD-2022-04966,09/19/2022,2022-09-26,Standard Class,CUST-1363,,Consumer,Sacramento,California,West,Office Supplies,Binders,Binders - Model L383,4,160.35,0.2,,158.27,47.47
ORD-2024-04967,10/11/2024,2024-10-11,Same Day,CUST-2406,Christopher Wilson,Consumer,Miami,Florida,South,Clothing,Shoes,Shoes - Model B719,8,202.46,0.0,1619.68,639.44,91.72
ORD-2022-04968,03/04/2022,2022-03-07,First Class,CUST-4992,Linda Jones,Corporate,San Diego,California,,Office Supplies,Pens,Pens - Model J808,4,38.33,0.0,153.32,43.32,21.12
ORD-2021-04969,10/08/2021,2021-10-13,Standard Class,CUST-1032,Robert Sanchez,Consumer,Ann Arbor,Michigan,Central,Clothing,Jackets,Jackets - Model B847,3,43.08,0.05,122.78,39.14,26.08
ORD-2023-04970,11/06/2023,2023-11-10,Second Class,CUST-3708,Sandra Perez,Consumer,Cincinnati,Ohio,Central,Technology,Accessories,Accessories - Model H767,5,1277.39,0.1,5748.26,481.59,22.02
ORD-2023-04971,02/02/2023,2023-02-09,Standard Class,CUST-4078,Patricia Lee,Consumer,Jersey City,New Jersey,East,Technology,Monitors,Monitors - Model F633,9,626.64,0.2,4511.81,739.21,31.03
ORD-2023-04972,02/10/2023,2023-02-11,First Class,CUST-2741,Linda Lewis,Consumer,Stamford,Connecticut,East,Office Supplies,Binders,Binders - Model N177,6,116.29,0.0,697.74,162.82,46.27
ORD-2024-04973,11/15/2024,2024-11-22,Standard Class,CUST-7673,Sophia Jones,Corporate,Savannah,Georgia,South,Furniture,Bookcases,Bookcases - Model B272,7,495.57,0.2,2775.19,169.81,32.92
ORD-2023-04974,09/09/2023,2023-09-09,Same Day,CUST-3662,Patricia Ramirez,Consumer,Phoenix,Arizona,West,Clothing,Shoes,Shoes - Model M729,11,134.94,0.15,1261.69,493.12,23.81
ORD-2023-04975,06/07/2023,2023-06-07,Same Day,CUST-3937,Christopher Perez,Corporate,Philadelphia,Pennsylvania,East,Office Supplies,Binders,Binders - Model G988,4,77.63,0.0,310.52,58.75,37.47
ORD-2023-04976,04/26/2023,2023-04-29,First Class,CUST-3211,William Moore,Consumer,Eugene,Oregon,West,Clothing,Shoes,Shoes - Model K601,8,220.45,0.2,1410.88,362.22,38.64
ORD-2023-04977,12/22/2023,2023-12-26,Standard Class,CUST-6941,Thomas Taylor,Corporate,Chicago,Illinois,Central,Technology,Monitors,Monitors - Model F315,6,1341.24,0.05,7645.07,987.3,37.18
ORD-2024-04978,01/21/2024,2024-01-27,Standard Class,CUST-0017,Margaret Sanchez,Consumer,Rochester,Minnesota,Central,Furniture,Bookcases,Bookcases - Model M499,5,569.34,0.0,2846.7,395.86,42.79
ORD-2021-04979,11/07/2021,2021-11-08,First Class,CUST-6384,Sarah Martinez,Home Office,Minneapolis,Minnesota,Central,Office Supplies,Pens,Pens - Model D255,8,46.02,0.1,331.34,144.93,4.26
ORD-2024-04980,11/19/2024,2024-11-20,First Class,CUST-0697,Daniel Lewis,Corporate,Worcester,Massachusetts,East,Clothing,Pants,Pants - Model E633,9,84.22,0.2,606.38,249.4,24.29
ORD-2022-04981,04/18/2022,2022-04-18,Same Day,CUST-7703,Anthony Smith,Corporate,Durham,North Carolina,South,Clothing,Accessories,Accessories - Model L806,11,59.74,0.05,624.28,,60.9
ORD-2022-04982,10/21/2022,2022-10-22,First Class,CUST-5988,Amelia Moore,Consumer,New Haven,Connecticut,East,Clothing,Shirts,Shirts - Model L287,12,254.9,0.05,,1580.13,33.28
ORD-2021-04983,04/16/2021,2021-04-16,Same Day,CUST-2380,Thomas Garcia,Consumer,Charlotte,North Carolina,South,Furniture,Desks,Desks - Model M707,5,1251.89,0.25,4694.59,-413.44,31.86
ORD-2022-04984,11/16/2022,2022-11-20,Standard Class,CUST-6261,Ava Ramirez,Home Office,Portland,Oregon,West,Furniture,Tables,Tables - Model N248,1,1378.24,0.0,1378.24,206.96,10.05
ORD-2021-04985,02/16/2021,2021-02-21,Standard Class,CUST-6157,Charlotte Miller,Consumer,Mesa,Arizona,West,Office Supplies,Envelopes,Envelopes - Model H335,12,169.87,0.05,1936.52,809.13,27.34
ORD-2023-04986,01/19/2023,2023-01-23,Second Class,CUST-8013,Michael Lopez,Corporate,Portland,Oregon,West,Furniture,Tables,Tables - Model N400,1,321.4,0.2,257.12,27.9,4.88
ORD-2024-04987,05/11/2024,2024-05-15,Second Class,CUST-7605,Barbara Martin,Corporate,Jersey City,New Jersey,EAST,Clothing,Shoes,Shoes - Model H704,1,498.03,0.2,398.42,115.42,29.87
ORD-2021-04988,12/31/2021,2021-12-31,Same Day,CUST-4414,John Smith,Corporate,Portland,Oregon,West,Clothing,Shoes,Shoes - Model M174,4,10.83,0.0,43.32,21.34,83.19
ORD-2021-04989,08/06/2021,2021-08-11,Standard Class,CUST-2517,Jessica Lopez,Consumer,Mesa,Arizona,West,Furniture,Chairs,Chairs - Model M676,11,242.48,0.0,2667.28,397.99,44.99
ORD-2023-04990,02/07/2023,2023-02-13,Standard Class,CUST-6974,David Jones,Consumer,Salem,Oregon,West,Technology,Phones,Phones - Model F986,5,284.8,0.0,1424.0,186.47,37.66
ORD-2021-04991,03/09/2021,2021-03-10,First Class,CUST-2131,,Consumer,Saint Paul,Minnesota,Central,Technology,Laptops,Laptops - Model E499,5,781.07,0.05,3710.08,901.17,30.1
ORD-2024-04992,01/31/2024,2024-02-03,First Class,CUST-4672,William Thompson,Corporate,Trenton,New Jersey,East,Office Supplies,Binders,Binders - Model D278,12,132.64,0.15,1352.93,312.29,10.22
ORD-2024-04993,05/13/2024,2024-05-17,Standard Class,CUST-0551,Jessica Thomas,Corporate,Pittsburgh,Pennsylvania,East,Technology,Laptops,Laptops - Model C567,11,666.35,0.3,5130.89,-434.86,27.3
ORD-2023-04994,08/10/2023,2023-08-14,Standard Class,CUST-6803,Robert Clark,Corporate,Philadelphia,Pennsylvania,East,,Jackets,Jackets - Model O335,4,317.88,0.0,1271.52,343.95,40.76
ORD-2022-04995,10/11/2022,2022-10-16,Second Class,CUST-5684,Ava Thomas,Home Office,Allentown,Pennsylvania,East,Technology,Tablets,Tablets - Model L920,3,672.13,0.15,1713.93,335.73,23.38
ORD-2021-04996,12-Dec-2021,2021-12-19,Standard Class,CUST-7033,Lisa Martin,Corporate,San Francisco,California,West,,Tables,Tables - Model D874,5,449.13,0.05,2133.37,113.46,30.98
ORD-2022-04997,12/12/2022,2022-12-17,Second Class,CUST-0551,Jessica Thomas,Consumer,Columbus,Ohio,Central,Office Supplies,Paper,Paper - Model F256,3,146.28,0.15,373.01,120.22,12.41
ORD-2022-04998,11/17/2022,2022-11-18,First Class,CUST-2361,Betty White,Consumer,Eugene,Oregon,West,Office Supplies,Labels,Labels - Model M618,10,81.11,0.25,608.33,-69.11,15.21
ORD-2024-04999,09/24/2024,2024-09-28,Standard Class,CUST-2093,John Harris,Corporate,Phoenix,Arizona,West,Clothing,Pants,Pants - Model P225,3,405.55,0.2,973.32,228.34,44.98
ORD-2023-05000,06/18/2023,2023-06-22,Standard Class,CUST-6974,David Jones,Consumer,Columbus,Ohio,Central,Technology,Monitors,Monitors - Model K910,2,1166.97,0.25,1750.45,-158.44,21.17
ORD-2023-02991,10/10/2023,2023-10-10,Same Day,CUST-9034,Lisa Miller,Consumer,Tucson,Arizona,,Technology,Laptops,Laptops - Model E932,10,335.26,0.05,3184.97,393.93,59.78
ORD-2024-04907,11/12/2024,2024-11-17,Second Class,CUST-5336,Isabella Williams,Consumer,San Diego,California,West,Office Supplies,Pens,Pens - Model D370,7,37.61,0.0,263.27,93.75,7.54
ORD-2024-02201,06/05/2024,2024-06-09,Standard Class,CUST-9753,Jessica Perez,Home Office,Philadelphia,Pennsylvania,East,Office Supplies,Labels,Labels - Model A732,9,183.0,0.15,1399.95,573.64,14.41
ORD-2022-03521,09/27/2022,2022-09-29,First Class,CUST-3952,Michael Ramirez,Home Office,San Francisco,California,West,Office Supplies,Binders,Binders - Model C103,8,59.94,0.0,479.52,92.05,49.59
ORD-2021-03349,11/20/2021,2021-11-24,Standard Class,CUST-8252,Thomas White,Consumer,Allentown,Pennsylvania,East,Clothing,Pants,Pants - Model K137,3,77.38,0.1,,96.66,40.79
ORD-2024-04449,12/27/2024,2024-12-27,Same Day,CUST-8774,Karen Anderson,Corporate,Orlando,Florida,South,Clothing,Accessories,Accessories - Model I461,1,473.25,0.1,425.93,217.34,104.8
ORD-2024-01465,01/15/2024,2024-01-22,Standard Class,CUST-1483,Michael Perez,Consumer,Los Angeles,California,West,Technology,Laptops,Laptops - Model A250,11,440.07,0.0,4840.77,321.69,44.6
ORD-2024-03358,06/08/2024,2024-06-12,Standard Class,CUST-6971,Susan Williams,Consumer,Boston,Massachusetts,East,Furniture,Desks,Desks - Model L330,4,830.31,0.05,3155.18,74.98,32.57
ORD-2023-04641,03/14/2023,2023-03-16,First Class,CUST-2763,Linda Robinson,Corporate,Nashville,Tennessee,South,Clothing,Jackets,Jackets - Model B153,8,73.77,0.05,560.65,299.32,35.81
ORD-2024-03937,04/02/2024,2024-04-07,Second Class,CUST-7085,Richard Thompson,Corporate,Sacramento,California,West,Clothing,Accessories,Accessories - Model N599,5,347.53,0.3,1216.35,-358.0,46.76
ORD-2022-03566,11/10/2022,2022-11-16,Standard Class,CUST-6754,Joseph Ramirez,Consumer,San Francisco,California,West,,Shirts,Shirts - Model K478,5,363.0,0.25,1361.25,739.49,34.19
ORD-2022-00368,11/23/2022,2022-11-27,Standard Class,CUST-8783,Christopher Davis,Consumer,Reno,Nevada,West,Clothing,Pants,Pants - Model O179,6,341.64,0.2,1639.87,631.83,26.91
ORD-2023-03876,08/15/2023,2023-08-21,Standard Class,CUST-4860,Linda Davis,Consumer,Las Vegas,Nevada,West,Technology,Phones,Phones - Model L573,3,620.86,0.15,1583.19,144.4,23.71
ORD-2023-04345,01/16/2023,2023-01-19,Second Class,CUST-2808,Jennifer Clark,Corporate,Las Vegas,Nevada,West,Technology,Laptops,Laptops - Model A663,7,1587.8,0.15,9447.41,1795.34,17.38
ORD-2023-03511,03/03/2023,2023-03-09,Standard Class,CUST-2332,Sandra Ramirez,Corporate,Aurora,Illinois,Central,Office Supplies,Binders,Binders - Model N664,2,66.92,0.0,133.84,30.32,24.38
ORD-2024-03957,08/27/2024,2024-08-31,Standard Class,CUST-6235,Charles Williams,Corporate,San Francisco,California,West,Technology,Accessories,Accessories - Model M170,2,1759.57,0.1,3167.23,172.09,24.27
ORD-2022-01428,11/14/2022,2022-11-14,Same Day,CUST-6019,Anthony Martin,Consumer,Salem,Oregon,West,Office Supplies,Labels,Labels - Model P236,3,71.77,0.15,183.01,48.3,65.06
ORD-2021-02498,09/08/2021,2021-09-12,Standard Class,CUST-6986,Sandra Martin,Corporate,Norfolk,Virginia,South,Office Supplies,Paper,Paper - Model J707,6,144.2,0.15,735.42,116.65,22.36
ORD-2023-00297,08/22/2023,2023-08-23,First Class,CUST-4355,Sarah Lopez,Consumer,Stamford,Connecticut,East,Technology,Monitors,Monitors - Model A809,12,1046.21,0.05,11926.79,912.91,16.2
ORD-2021-04130,08/15/2021,2021-08-22,Standard Class,CUST-0245,Michael Harris,Consumer,Minneapolis,Minnesota,Central,Technology,Phones,Phones - Model N134,3,1591.58,0.0,4774.74,399.98,43.72
ORD-2023-00597,02/26/2023,2023-03-05,Standard Class,CUST-8904,James Hernandez,Consumer,Las Vegas,Nevada,West,Clothing,Accessories,Accessories - Model D576,2,179.68,0.0,359.36,148.18,21.41
ORD-2022-02411,06/27/2022,2022-07-02,Standard Class,CUST-9986,Ava Garcia,Consumer,Stamford,Connecticut,East,Furniture,Storage,Storage - Model K489,2,965.24,0.25,1447.86,-143.43,37.35
ORD-2023-02058,11/17/2023,2023-11-17,Same Day,CUST-9977,Linda Anderson,Corporate,Eugene,Oregon,West,Furniture,Storage,Storage - Model K285,6,733.97,0.25,3302.86,-212.14,23.94
ORD-2024-01108,03/27/2024,2024-04-01,Standard Class,CUST-4874,Margaret Hernandez,Consumer,Durham,North Carolina,South,Furniture,Bookcases,Bookcases - Model A197,5,301.05,0.2,1204.2,82.31,41.78
ORD-2022-01597,11/27/2022,2022-12-01,Standard Class,CUST-3359,Robert White,Consumer,Knoxville,Tennessee,South,Clothing,Shirts,Shirts - Model M247,9,119.68,0.15,915.55,292.72,31.98
ORD-2021-00174,12/22/2021,2021-12-29,Standard Class,CUST-5520,David Taylor,Consumer,Saint Paul,Minnesota,Central,Furniture,Desks,Desks - Model M451,5,695.68,0.0,3478.4,156.08,30.92
ORD-2023-00773,10/22/2023,2023-10-24,First Class,CUST-6994,Ava Robinson,Consumer,Tucson,Arizona,West,Furniture,Bookcases,Bookcases - Model G658,5,1096.21,0.0,5481.05,1088.44,9.79
ORD-2022-02018,09/14/2022,2022-09-14,Same Day,CUST-6833,Margaret Martin,Home Office,Eugene,Oregon,West,Technology,Laptops,Laptops - Model L679,9,2166.68,0.2,,3205.28,11.19
ORD-2022-03171,04/12/2022,2022-04-19,Standard Class,CUST-0968,James Martin,Corporate,Grand Rapids,Michigan,Central,Technology,Laptops,Laptops - Model E848,5,244.19,0.0,1220.95,163.08,6.68
ORD-2023-01508,03/10/2023,2023-03-15,Second Class,CUST-0435,Barbara White,Consumer,Grand Rapids,Michigan,Central,Technology,Accessories,Accessories - Model I127,4,576.25,0.25,1728.75,,29.87
ORD-2021-00291,12/24/2021,2021-12-28,Second Class,CUST-0995,Lisa Brown,Corporate,Minneapolis,Minnesota,Central,Technology,Monitors,Monitors - Model H296,2,2467.18,0.0,4934.36,857.51,43.41
ORD-2022-02594,12/13/2022,2022-12-19,Standard Class,CUST-0549,Joseph Smith,Consumer,Seattle,Washington,West,Clothing,Accessories,Accessories - Model N666,6,499.65,0.2,2398.32,528.29,6.44
ORD-2023-04244,12/12/2023,2023-12-16,Standard Class,CUST-3369,Christopher Clark,Consumer,Grand Rapids,Michigan,Central,Clothing,Shoes,Shoes - Model I848,2,213.45,0.0,426.9,222.0,13.48
ORD-2021-02716,08/07/2021,2021-08-11,Second Class,CUST-0454,Thomas Johnson,Home Office,Tampa,Florida,South,Clothing,Shoes,Shoes - Model C710,11,301.02,0.1,2980.1,578.76,6.47
ORD-2021-03517,03/29/2021,2021-04-04,Standard Class,CUST-3690,Emily Anderson,Consumer,Houston,Texas,Central,Furniture,Chairs,Chairs - Model F724,1,1467.67,0.15,1247.52,142.18,46.93
ORD-2021-00465,04/16/2021,2021-04-20,Second Class,CUST-6776,Sophia Miller,Home Office,Los Angeles,California,West,Office Supplies,Binders,Binders - Model N726,5,66.28,0.0,331.4,105.74,2.5
ORD-2023-04726,11/20/2023,2023-11-24,Standard Class,CUST-8993,Margaret Wilson,Consumer,Los Angeles,California,West,Technology,Laptops,Laptops - Model A867,9,867.06,0.25,5852.65,-211.04,42.26
ORD-2021-01032,04/23/2021,2021-04-27,Second Class,CUST-2763,Linda Robinson,Corporate,Cleveland,Ohio,Central,Office Supplies,Pens,Pens - Model P335,6,128.45,0.15,655.09,242.6,16.28
ORD-2023-03117,05/09/2023,2023-05-13,Standard Class,CUST-7137,Thomas Gonzalez,Corporate,Orlando,Florida,South,Office Supplies,Pens,Pens - Model F227,2,9.05,0.15,15.39,2.68,21.09
ORD-2021-00762,06/18/2021,2021-06-20,First Class,CUST-4522,Betty Davis,Consumer,Savannah,Georgia,South,Office Supplies,Labels,Labels - Model C951,10,58.32,0.0,583.2,152.69,42.91
ORD-2023-01641,08/24/2023,2023-08-27,Second Class,CUST-2488,Matthew Williams,Consumer,Columbus,Ohio,Central,Clothing,Shirts,Shirts - Model I302,4,124.28,0.05,,199.82,32.35
ORD-2022-01720,11/25/2022,2022-11-29,Second Class,CUST-1344,Lisa Williams,Consumer,Worcester,Massachusetts,East,Clothing,Shoes,Shoes - Model D791,6,17.3,0.1,93.42,33.16,15.52
ORD-2022-04169,12/05/2022,2022-12-08,First Class,CUST-8490,Joseph Anderson,Corporate,Philadelphia,Pennsylvania,East,Office Supplies,Paper,Paper - Model C442,8,137.42,0.25,824.52,-295.8,35.74
ORD-2022-03145,09/18/2022,2022-09-23,Standard Class,CUST-6156,Sophia Clark,Consumer,Houston,Texas,Central,Office Supplies,Pens,Pens - Model M544,12,193.64,0.0,2323.68,320.96,17.8
ORD-2022-00778,08/07/2022,2022-08-08,First Class,CUST-0064,Mia Davis,Home Office,Knoxville,Tennessee,South,Office Supplies,Pens,Pens - Model K226,3,116.13,0.0,348.39,63.07,15.27
ORD-2021-02779,09/27/2021,2021-10-01,Standard Class,CUST-4414,John Smith,Consumer,Worcester,Massachusetts,East,Technology,Monitors,Monitors - Model D969,3,1748.46,0.15,4458.57,605.29,40.98
ORD-2023-03936,07/03/2023,2023-07-07,Second Class,CUST-3662,Patricia Ramirez,Consumer,San Antonio,Texas,Central,Office Supplies,Envelopes,Envelopes - Model I255,10,83.83,0.05,796.38,290.72,31.68
ORD-2023-01096,05/21/2023,2023-05-27,Standard Class,CUST-4806,Nancy Garcia,Corporate,Seattle,Washington,West,Clothing,Jackets,Jackets - Model M815,5,208.1,0.05,988.47,239.64,43.65
ORD-2022-00894,01/14/2022,2022-01-19,Second Class,CUST-6127,Ava Anderson,Consumer,Las Vegas,Nevada,West,Clothing,Jackets,Jackets - Model M680,5,347.46,0.0,1737.3,488.06,30.24
ORD-2024-02380,02/20/2024,2024-02-24,Standard Class,CUST-0472,Ava Moore,Corporate,Trenton,New Jersey,East,Furniture,Tables,Tables - Model H468,6,1278.3,0.3,5368.86,444.11,9.13
